5,7904.030447481259,15665,107024384,20.41284336593182,1466.6712723268433,23856,216276992,41.25067761521421,33550.80000473675,39521,323301376,61.66352098114603,20833.564191037676,13202,81911808,15.62310236258198,1654.657916603545,10376,42500096,8.106076113318863,3431.0524243446416,23578,124411904,23.72917847590084,2436.3980732038344,2463,25112576,4.789741003349841,459.0384352415753,2459,10072064,1.9210525407335277,1215.1832964619764,4922,35184640,6.710793544083368,836.8036147907354,0,0,0,0,11021,163704832,31.223548961161814,69122.50696234462,11021,163704832,31.223548961161814,69122.50696234462,
10,7931.827590143764,15537,109092864,20.806310987600007,1312.2654436506402,24125,219746304,41.91025674602962,12584.196520787566,39662,328839168,62.716567733629624,8168.584772880843,13115,83578880,15.940255902304504,1355.3635615707205,10477,42913792,8.184565601001925,2990.983025675289,23592,126492672,24.12482150330643,2081.727800525602,2422,25513984,4.866055085295503,1078.8914483897604,2404,9846784,1.87798947263612,1355.2900611480866,4826,35360768,6.744044557931623,1216.5752994198094,0,0,0,0,11244,166985728,31.84770167239157,23923.78998550338,11244,166985728,31.84770167239157,23923.78998550338,
15,7942.315986965913,15643,109654016,20.849520268164362,631.7914073387458,24193,215851008,41.041724967006296,4271.440774149547,39836,325505024,61.89124523517066,2842.2050314790645,13225,85000192,16.16186338220264,696.6652046880907,10579,43331584,8.239030104101856,1335.3027391057756,23804,128331776,24.400893486304494,980.4892038732986,2418,24653824,4.687656885961723,276.9709069478908,2477,10145792,1.92911216257305,472.86317682680664,4895,34799616,6.616769048534773,376.0975979570991,0,0,0,0,11137,162373632,30.87358270033139,7905.317130555804,11137,162373632,30.87358270033139,7905.317130555804,
20,8036.211712751433,15889,110231552,21.023984179951583,725.8322378374976,24294,215662592,41.132387598201944,933.608658804643,40183,325894144,62.15637177815353,851.4505433641092,13389,83529728,15.931261496052045,685.5042642467697,10674,43720704,8.338659599316408,848.1352958590969,24063,127250432,24.269921095368453,757.6450460042389,2500,26701824,5.092722683899538,941.8127332,2554,10461184,1.9952160967448105,1156.2245618637432,5054,37163008,7.087938780644349,1050.164100514444,0,0,0,0,11066,161480704,30.798511902140724,964.6751380806073,11066,161480704,30.798511902140724,964.6751380806073,
25,7969.691252566938,15704,108371968,20.669511758980555,691.2673148879267,24146,219262976,41.8194736552267,7551.021415762445,39850,327634944,62.488985414207264,4847.74466795483,13219,83386368,15.904071373094194,596.1340843482865,10555,43233280,8.245774307054191,1445.39800104216,23774,126619648,24.149845680148385,973.1838294775805,2485,24985600,4.765440385886363,1197.3301617706236,2378,9740288,1.8577405307602903,1663.6418250630782,4863,34725888,6.623180916646653,1425.355893892659,0,0,0,0,11213,166289408,31.715958817412222,14546.92294158566,11213,166289408,31.715958817412222,14546.92294158566,
30,7996.394901035035,15667,108949504,20.779416060626485,2357.985658964703,24317,218509312,41.675232474387805,10551.582803635316,39984,327458816,62.454648535014286,7341.071437449979,13252,84221952,16.063248732606557,2721.472102097797,10419,42676224,8.139431404777149,4389.853229100682,23671,126898176,24.202680137383705,3455.8248105698954,2415,24727552,4.716167328019929,363.4008372670807,2454,10051584,1.9170903798179404,721.4857893235534,4869,34779136,6.63325770783787,543.8774181556788,0,0,0,0,11444,165781504,31.618710689792714,18269.349188657812,11444,165781504,31.618710689792714,18269.349188657812,
35,8051.772286635425,15768,108822528,20.755147478263897,2034.4768771562658,24493,221982720,42.33759476003131,25588.890243294,40261,330805248,63.09274223829521,16363.933338168452,13275,84090880,16.038210543840627,2266.993163088512,10660,43663360,8.327682630167613,4147.95064108818,23935,127754240,24.36589317400824,3104.720621433048,2493,24731648,4.716936934423269,796.348639791416,2475,10137600,1.933491042182443,1219.7228941414141,4968,34869248,6.6504279766057115,1007.2687846215781,0,0,0,0,11358,168181760,32.076421087681254,51022.4265479838,11358,168181760,32.076421087681254,51022.4265479838,
41,6201.408509234906,16177,112443392,16.176607691928456,48504.515519626635,24932,221974528,31.934245251663953,78146.04304748916,41109,334417920,48.110852943592405,66481.66320808095,13628,87040000,12.521962460056814,49029.88768175814,10948,44843008,6.451315059421271,50108.098267446105,24576,131883008,18.973277519478085,49510.2038232015,2549,25403392,3.654645231871641,45695.660350725775,2500,10240000,1.4731720541243312,48202.0457456,5049,35643392,5.127817285995972,46936.6909483066,0,0,0,0,11484,166891520,24.00975813811835,111393.98912086381,11484,166891520,24.00975813811835,111393.98912086381,
46,10374.993709868904,20354,140128256,26.71908647817097,9100.043199420263,31537,280465408,53.478004396825604,21384.587353426137,51891,420593664,80.19709087499658,16566.032850513577,17212,108871680,20.75920956972273,9350.494912909597,13717,56184832,10.713095472832457,10823.326004082524,30929,165056512,31.47230504255519,10003.694954217724,3142,31256576,5.959876908448238,7728.058828771484,3178,13017088,2.482045448178286,10165.414758338578,6320,44273664,8.441922356626524,8953.678630063292,0,0,0,0,14642,211263488,40.282863475814864,33713.73312832946,14642,211263488,40.282863475814864,33713.73312832946,
51,7084.90993602147,14717,103632896,18.93857788657424,9252.860870693756,22256,199028736,36.37186032514639,14357.270754088786,36973,302661632,55.31043821172063,12325.474571633355,12389,80818176,14.76926130508661,9269.763510614255,9674,39624704,7.241287003467025,9622.906559541037,22063,120442880,22.010548308553634,9424.606725739926,2328,22814720,4.16931658148763,9162.9094935567,2323,9515008,1.73883705902976,8931.940579853637,4651,32329728,5.90815364051739,9047.54918684154,0,0,0,0,10259,149889024,27.39173626264961,20050.15321951457,10259,149889024,27.39173626264961,20050.15321951457,
56,5767.118162846996,11530,80912384,15.430988118964276,94480.10734041632,17309,152260608,29.03797313689678,100621.08006141314,28839,233172992,44.46896125586105,98165.88343624953,9653,61059072,11.644717013739012,94650.21812099864,7681,31461376,6.0000718711027945,95850.53488933733,17334,92520448,17.644788884841805,95182.09957349718,1877,19853312,3.786271105225263,93605.2648444326,1838,7528448,1.4357677514759712,98484.4261398259,3715,27381760,5.222038856701234,96019.23482045761,0,0,0,0,7790,113270784,21.602133514318016,105829.00398626443,7790,113270784,21.602133514318016,105829.00398626443,
61,9091.208467106706,17865,124289024,23.705229082158073,17515.03461041142,27593,252436480,48.14636397091359,60130.46755561193,45458,376725504,71.85159305307167,43382.596783338464,15061,96235520,18.354678265400207,18014.373193944626,11956,48971776,9.340222742759092,20398.158429324187,27017,145207296,27.694901008159302,19069.284408150423,2804,28053504,5.350550816757864,14832.959572396576,2779,11382784,2.171000251097986,18179.339889528605,5583,39436288,7.52155106785585,16498.657387426116,0,0,0,0,12858,192081920,36.635140977056516,106142.41900202208,12858,192081920,36.635140977056516,106142.41900202208,
66,9891.492038184533,19554,135905280,25.91949579245832,1659.013895366677,29908,269025280,51.307790345047096,33833.913752641434,49462,404930560,77.22728613750542,21114.088597792244,16473,104939520,20.01378789037921,1809.8727787895346,12949,53039104,10.115477728045292,3375.602226426751,29422,157978624,30.1292656184245,2498.9704138059956,3081,30965760,5.9057079020791114,852.4256491398896,3141,12865536,2.453681021220964,1485.9295651066539,6222,43831296,8.359388923300076,1172.2321100932177,0,0,0,0,13818,203120640,38.73863159578084,69729.82446953248,13818,203120640,38.73863159578084,69729.82446953248,
71,7728.886449765714,15308,108736512,20.730419705348034,2787.7034705382803,23354,208035840,39.66165731851534,37716.92271944849,38662,316772352,60.39207702386337,23886.896123247636,12922,84021248,16.01849924344763,3097.741032425321,10076,41271296,7.8682980732695516,5392.1710473402145,22998,125292544,23.886797316717182,4102.988307418036,2386,24715264,4.711920461900404,1108.6148809723386,2453,10047488,1.9155354479684608,1720.9860635955972,4839,34762752,6.627455909868865,1419.0398677412688,0,0,0,0,10825,156717056,29.877823797277326,75961.9324621709,10825,156717056,29.877823797277326,75961.9324621709,
76,8477.193777443883,16519,114683904,21.87162264088442,881.1188103396089,25872,236232704,45.0524648805446,12716.742031501237,42391,350916608,66.92408752142902,8104.6154010757,13937,88637440,16.90424350686592,724.006781875583,11090,45424640,8.663034218629532,1067.3708318304778,25027,134062080,25.56727772549545,876.1587503096656,2582,26046464,4.967379134018502,1729.1708400464756,2680,10977280,2.0935015063955946,1408.157001119403,5262,37023744,7.060880640414097,1565.6746240973014,0,0,0,0,12102,179830784,34.295929155519474,25896.260663609322,12102,179830784,34.295929155519474,25896.260663609322,
81,8022.858574416791,15746,108421120,20.678807480261586,2125.6212600660488,24370,219181056,41.803689727097755,12064.631991546985,40116,327602176,62.482497207359344,8163.453833757105,13294,84447232,16.106345818683533,2411.606575748458,10712,43876352,8.368393869609449,3564.140175317401,24006,128323584,24.47473968829298,2925.8921676247605,2452,23973888,4.5724616615780524,575.0956537520392,2380,9748480,1.859295874689179,716.5238907563025,4832,33722368,6.431757536267232,644.756085057947,0,0,0,0,11278,165556224,31.57599998279913,22533.31133321511,11278,165556224,31.57599998279913,22533.31133321511,
86,7992.35212519119,15799,109735936,20.929819632573917,1330.7175388315716,24164,215830528,41.16512955467199,8983.402454684654,39963,325566464,62.09494918724591,5957.984718639742,13321,82898944,15.811228380563005,1441.8500555513851,10358,42426368,8.091936536680251,2463.404814732574,23679,125325312,23.903164917243256,1888.7128536255752,2478,26836992,5.11859125201091,733.3017780468119,2449,10031104,1.91322191333558,527.6689432421397,4927,36868096,7.03181316534649,631.0905313578243,0,0,0,0,11357,163373056,31.15997110465616,16753.2560184908,11357,163373056,31.15997110465616,16753.2560184908,
91,7995.460968408801,15949,111955968,21.35246672648021,2380.644700231989,24031,214945792,40.99489248913408,3404.1789597186967,39980,326901760,62.34735921561429,2995.8661056778387,13445,86138880,16.428579931141066,2435.367905838602,10403,42610688,8.126795864177865,2782.4705100451793,23848,128749568,24.55537579531893,2586.7813741194227,2504,25817088,4.923886795339142,2086.813430511182,2453,10047488,1.916277059966193,2268.8467949449655,4957,35864576,6.840163855305334,2176.8936893282225,0,0,0,0,11175,162287616,30.95181956499002,4232.152364832215,11175,162287616,30.95181956499002,4232.152364832215,
96,7991.406362501959,15840,110850048,21.141927349399396,1043.0814546717172,24119,216379392,41.269060935104086,25393.328634479043,39959,327229440,62.41098828450348,15740.736844690808,13382,85106688,16.232012949998914,1117.2092727544464,10526,43114496,8.223032453156636,2380.478517765533,23908,128221184,24.45504540315555,1673.3901357704533,2458,25743360,4.90991439940048,639.5100707892595,2441,9998336,1.9069373188443235,914.0279434657926,4899,35741696,6.816851718244804,776.2927054500918,0,0,0,0,11152,163266560,31.139091163103128,52472.52817853299,11152,163266560,31.139091163103128,52472.52817853299,
101,7977.8346242749385,15626,108756992,20.74332000342232,2051.9318766798924,24264,219762688,41.91553736605972,18256.8601726426,39890,328519680,62.65885736948204,11908.948175833542,13223,84099072,16.040292494360767,2292.0565032140967,10497,42995712,8.200611256249024,3637.6826744784225,23720,127094784,24.24090375060979,2887.5471406408096,2403,24657920,4.703027509061553,730.5969051186017,2501,10244096,1.953865747535373,1147.48637584966,4904,34902016,6.656893256596926,943.2071347879282,0,0,0,0,11266,166522880,31.761060362275323,35676.35689410616,11266,166522880,31.761060362275323,35676.35689410616,
106,7702.730239711228,15242,105275392,20.073251325105325,6783.160924878625,23284,207073280,39.48343400282856,18499.117249570518,38526,312348672,59.556685327933884,13863.946032705186,12854,80330752,15.316963854484694,7183.140998833048,10164,41631744,7.9380797785530515,9583.567030794964,23018,121962496,23.255043633037747,8243.091046137804,2388,24944640,4.75628747062063,4630.1693542713565,2495,10219520,1.9485939637435914,5868.181046893787,4883,35164160,6.704881434364221,5262.739326233872,0,0,0,0,10625,155222016,29.59676026053192,29993.878496564706,10625,155222016,29.59676026053192,29993.878496564706,
111,8302.010572608864,16244,111710208,21.306031835181088,1845.7179780226545,25268,229228544,43.719824207973986,28015.779204804494,41512,340938752,65.02585604315507,17775.210825351704,13722,86323200,16.464071459921588,2024.7145679201283,10822,44326912,8.454290929502795,3973.8832822953245,24544,130650112,24.91836238942438,2884.146764260104,2522,25387008,4.841960375259502,871.8118691514671,2558,10477568,1.9983437624901266,1307.4132427677873,5080,35864576,6.840304137749628,1091.1560253937007,0,0,0,0,11888,174424064,33.26718951598106,55648.80391916219,11888,174424064,33.26718951598106,55648.80391916219,
116,6815.500593460553,13655,94253056,17.97391694005536,34610.511061442696,20429,184037376,35.09565260239135,65725.2413340839,34084,278290432,53.06956954244671,53259.813512439854,11531,72110080,13.751284504353336,35012.210247246556,8986,36806656,7.018974300262372,37509.87686779435,20517,108916736,20.770258804615708,36106.13393259248,2124,22142976,4.222632435702024,32429.72325,2143,8777728,1.6738996133387787,33869.13090060662,4267,30920704,5.896532049040802,33152.63175603469,0,0,0,0,9300,138452992,26.4027786887902,100328.56496344086,9300,138452992,26.4027786887902,100328.56496344086,
122,8216.184996326529,17589,125378560,21.934220624898398,8399.537888964695,27200,252239872,44.127839742649236,28240.67236341912,44789,377618432,66.06206036754763,20448.899511353236,14829,96608256,16.90102997905435,8486.8367470497,11706,47947776,8.38817336279192,9796.28548966342,26535,144556032,25.289203341846267,9064.504242095345,2760,28770304,5.033190645844049,7930.496306884058,2679,10973184,1.9196921611925124,7358.945477416946,5439,39743488,6.952882807036562,7648.976786357786,0,0,0,0,12815,193318912,33.819974218664804,49454.26105415529,12815,193318912,33.819974218664804,49454.26105415529,
127,4990.264550668007,10083,69066752,13.16885780582744,103623.09288812854,14877,133713920,25.495039916453372,116856.77237823486,24960,202780672,38.663897722280815,111510.81122844551,8479,53288960,10.160529003310105,103914.77011145181,6625,27136000,5.173981909833163,107419.0815850566,15104,80424960,15.334510913143268,105451.8505876589,1604,15777792,3.008328802517335,102081.24053366584,1534,6283264,1.198020867876841,106570.31428878749,3138,22061056,4.206349670394176,104275.70807361376,0,0,0,0,6718,100294656,19.12303713874337,128512.64141872582,6718,100294656,19.12303713874337,128512.64141872582,
132,12006.643545436707,23584,162684928,31.027732659759238,868.1357296472185,36453,332210176,63.360070625470385,36655.09369138343,60037,494895104,94.38780328522962,22597.102509785633,19986,126062592,24.04301646783348,886.0492936055239,15711,64352256,12.273445486114039,1691.7988611164153,35697,190414848,36.31646195394752,1240.676613973163,3598,36622336,6.98471619192576,768.6303129516398,3638,14901248,2.842008444941943,1135.6161836173724,7236,51523584,9.826724636867704,953.1375818131565,0,0,0,0,17104,252956672,48.244616694414404,76325.82476315481,17104,252956672,48.244616694414404,76325.82476315481,
137,7904.131813667025,15609,110088192,20.994287800499563,3570.1057737843553,23918,217206784,41.4222602140377,42449.69106798227,39527,327294976,62.41654801453726,27096.351658031217,13199,85590016,16.322381139235734,4033.847408212743,10458,42835968,8.169001816334577,6943.659629757124,23657,128425984,24.491382955570312,5320.181948218286,2410,24498176,4.671906661263828,1030.3025236514522,2441,9998336,1.906725323548738,1713.2290331831216,4851,34496512,6.578631984812565,1373.9478771387344,0,0,0,0,11019,164372480,31.346533074154387,85172.24126381704,11019,164372480,31.346533074154387,85172.24126381704,
142,5300.842551577833,10447,72376320,13.793348961629082,4175.899143486168,16079,143826944,27.410280443613107,92668.36789831457,26526,216203264,41.20362940524219,57816.4934701425,8795,55898112,10.65296170228365,1414.7832976691302,7102,29089792,5.543880267430093,2782.0206561531963,15897,84987904,16.19684196971374,2025.5978991633642,1652,16478208,3.1403872593454327,18875.665404963678,1636,6701056,1.2770752066341358,31052.972064792175,3288,23179264,4.417462465979568,24934.690251520682,0,0,0,0,7341,108036096,20.58932496954888,193359.77583966762,7341,108036096,20.58932496954888,193359.77583966762,
147,7191.420988932288,14193,99545088,18.983078596611087,31239.95945459029,21771,195145728,37.21395768334535,81450.6247695099,35964,294690816,56.197036279956436,61635.25459893227,11958,75542528,14.405831319479004,31579.67686979428,9399,38498304,7.341560948423964,34967.994627194385,21357,114040832,21.74739226790297,33070.84129372103,2235,24002560,4.577247277132081,29422.357284116333,2265,9277440,1.7691919936355227,21347.847359823398,4500,33280000,6.346439270767604,25358.18728888889,0,0,0,0,10107,147369984,28.10320474128586,138146.28436588502,10107,147369984,28.10320474128586,138146.28436588502,
152,7697.914985015391,15012,102858752,19.59104784301976,23949.90665407674,23532,212148224,40.40692624965615,73752.83211303757,38544,315006976,59.99797409267591,54355.74003671129,12683,79687680,15.177757079720825,24661.150861704642,10205,41799680,7.961398663508149,28125.3795177854,22888,121487360,23.139155743228976,26205.735510223698,2329,23171072,4.4132907632989316,20076.694852726494,2450,10035200,1.9113597967266012,19322.506864897958,4779,33206272,6.324650560025533,19690.053176605983,0,0,0,0,10877,160313344,30.534167789421403,128821.55056412614,10877,160313344,30.534167789421403,128821.55056412614,
157,8314.400248624686,16258,113618944,21.67005186690827,22719.02551999016,25316,226263040,43.15417517315018,70142.89133224048,41574,339881984,64.82422704005846,51597.23273851445,13734,86470656,16.492175816082067,23649.293911606233,11075,45363200,8.651927770503951,27392.906452821673,24809,131833856,25.14410358658602,25320.4821454714,2524,27148288,5.177876050826202,17657.09759191759,2584,10584064,2.018652944377626,19719.74607817337,5108,37732352,7.1965289952038285,18700.536058731403,0,0,0,0,11657,170315776,32.483594458268605,121935.7616999228,11657,170315776,32.483594458268605,121935.7616999228,
162,6567.644184857171,12925,87830528,16.71987007057563,23662.50624147002,19977,180781056,34.414409617820546,81946.59835971368,32902,268611584,51.13427968839618,59050.66830596924,10942,67678208,12.883571010405314,23025.692448821057,8583,35155968,6.692470494601998,26161.50980717698,19525,102834176,19.57604150500731,24404.16724455826,1983,20152320,3.8362990601703166,27176.38244881493,2064,8454144,1.609374239876328,36124.21464195736,4047,28606464,5.445673300046645,31739.843196688904,0,0,0,0,9330,137170944,26.112564883342223,143402.20554512326,9330,137170944,26.112564883342223,143402.20554512326,
167,6278.218251946624,12333,84439040,16.09065051916072,60914.115581448146,19087,173137920,32.99305347780372,89075.0543526484,31420,257576960,49.083703996964445,78021.30330665181,10480,65601536,12.500987568027075,61585.94528788168,8378,34316288,6.5392903249831935,63192.44220231559,18858,99917824,19.040277893010266,62299.65995269912,1853,18837504,3.5896629511336484,57114.452697787376,1847,7565312,1.4416411112728524,59210.475066594474,3700,26402816,5.031304062406501,58160.76440459459,0,0,0,0,8862,131256320,25.012122041547677,119768.39699954863,8862,131256320,25.012122041547677,119768.39699954863,
172,7341.393838132102,14620,100368384,19.108855208672082,8906.140037619698,22154,203612160,38.765148237964794,80098.07522050194,36774,303980544,57.87400344663688,51794.76058587589,12329,77529088,14.760545681919082,8825.895362803147,9489,38866944,7.399768489842042,11259.648178522499,21818,116396032,22.160314171761126,9884.37370492254,2291,22839296,4.348309526753001,9337.97617721519,2240,9175040,1.7468101398720808,12815.550842857143,4531,32014336,6.095119666625082,11057.192079011256,0,0,0,0,10425,155570176,29.61856960825067,157212.7695905036,10425,155570176,29.61856960825067,157212.7695905036,
177,8536.27345356603,16882,116064256,22.13250492824225,1288.3580749911148,25809,236036096,45.01015418530801,67171.44588507885,42691,352100352,67.14265911355025,41118.219481155276,14269,89853952,17.134414194341126,1352.330636975261,11203,45887488,8.750368884496678,2702.437546639293,25472,135741440,25.884783078837806,1946.1296205244976,2613,26210304,4.99809073390112,939.0184320704171,2626,10756096,2.0510995885645165,1609.3460224676314,5239,36966400,7.049190322465637,1275.013899217408,0,0,0,0,11980,179392512,34.20868571224681,141830.24176611018,11980,179392512,34.20868571224681,141830.24176611018,
182,9721.757119769014,19090,130850816,24.955648835263723,7274.4468853850185,29523,269406208,51.380701522625706,59784.36373403787,48613,400257024,76.33635035788943,39164.07054824841,16148,101502976,19.358477862225953,7605.415766968045,12738,52174848,9.950699770349631,9821.552520646883,28886,153677824,29.309177632575587,8582.676376549194,2942,29347840,5.59717097303777,5457.830468048946,3072,12582912,2.3997919370791383,7037.532382161458,6014,41930752,7.996962910116908,6264.755024110409,0,0,0,0,13713,204648448,39.03020981519694,118011.19631255012,13713,204648448,39.03020981519694,118011.19631255012,
187,8020.723041851777,15735,107491328,20.36655283837294,24190.050979091196,24636,221622272,41.991124277934865,62542.291754505604,40371,329113600,62.357677116307805,47594.12330187511,13261,83443712,15.810212796682297,24886.850190030917,10468,42876928,8.123959726863847,28966.112372564003,23729,126320640,23.93417252354614,26686.408389986937,2474,24047616,4.5563400416906426,20455.105814874696,2498,10231808,1.9386369313819152,19217.407523218575,4972,34279424,6.494976973072558,19833.269464802896,0,0,0,0,11670,168513536,31.928527619689103,101933.98040745502,11670,168513536,31.928527619689103,101933.98040745502,
192,10553.976325812104,20925,144629760,27.579081456182138,4386.476911397849,31858,287531008,54.8285573509225,43960.07699130516,52783,432160768,82.40763880710465,28271.73828997973,17695,112164864,21.388432925406164,4932.406279118395,13939,57094144,10.88713725340478,6800.977805151016,31634,169259008,32.275570178810945,5755.7614824239745,3230,32464896,6.190648530775973,1395.6966755417955,3270,13393920,2.554052573257309,2368.273729357798,6500,45858816,8.744701104033282,1884.9777472307692,0,0,0,0,14649,217042944,41.38736752426041,88602.43348132979,14649,217042944,41.38736752426041,88602.43348132979,
197,10670.21705492238,20872,145313792,27.713333833415223,3988.7958018397853,32485,292880384,55.85630753515016,22088.143219208865,53357,438194176,83.56964136856539,15008.10537421519,17661,113160192,21.581201167397538,4245.071958043146,13987,57290752,10.926132433068714,5844.799296060627,31648,170450944,32.507333600466254,4952.079866184277,3211,32153600,6.132132666017688,2579.2370367486765,3302,13524992,2.5794015367121537,3669.2291175045425,6513,45678592,8.711534202729842,3131.8477922616307,0,0,0,0,15196,222064640,42.350773565369295,41041.48000631745,15196,222064640,42.350773565369295,41041.48000631745,
202,5405.963568600245,11290,77557760,14.006278922156,69616.0932905226,17258,155013120,27.994065265856552,70438.05473762892,28548,232570880,42.000344188012555,70112.99011881744,9566,59826176,10.804104036810696,69478.20083075475,7570,31006720,5.599552756309528,69244.97648837518,17136,90832896,16.403656793120224,69375.17163655463,1724,17731584,3.2021748853453036,70381.22047737819,1715,7024640,1.2685908820437042,70866.87877434403,3439,24756224,4.4707657673890076,70623.4141323059,0,0,0,0,7973,116981760,21.12592162750332,71478.58767678414,7973,116981760,21.12592162750332,71478.58767678414,
207,10047.779532298593,19843,137617408,26.244204934356166,19609.82297581011,30404,274337792,52.317343707612736,60067.11797871991,50247,411955200,78.5615486419689,44090.162046171914,16822,107192320,20.442015689389272,19849.94567185828,13230,54190080,10.334270828071077,22551.98629606954,30052,161382400,30.776286517460353,21039.483721183282,3021,30425088,5.802189244966891,18272.734596822243,3102,12705792,2.4230467202325383,16982.823666666667,6123,43130880,8.22523596519943,17619.24713882084,0,0,0,0,14072,207441920,39.560026159309125,104834.93158854463,14072,207441920,39.560026159309125,104834.93158854463,
212,8566.93015185598,16788,117313536,22.374554131003418,3700.5517346318798,26049,234975232,44.81551087019563,17375.08456232485,42837,352288768,67.19006500119905,12015.977782874617,14114,90488832,17.25842847184552,4012.6852044069715,11270,46161920,8.804204638679115,5630.155469299024,25384,136650752,26.062633110524633,4730.810396864166,2674,26824704,5.116125659157899,2053.037975317876,2666,10919936,2.08269827566269,2215.7055731432856,5340,37744640,7.19882393482059,2134.249925842697,0,0,0,0,12113,177893376,33.92860795585383,31639.119505242303,12113,177893376,33.92860795585383,31639.119505242303,
217,8067.188097329066,15760,107991040,20.59609401979172,1173.5489145939086,24579,223834112,42.689730699774636,13489.33832365027,40339,331825152,63.28582471956636,8677.695965467661,13256,82579456,15.749586631254349,1193.2537291792396,10742,43999232,8.391550994143852,2160.775516105008,23998,126578688,24.1411376253982,1626.3364458704891,2504,25411584,4.846507388537373,1069.2330111821086,2502,10248192,1.9545392466345113,1035.9932310151878,5006,35659776,6.801046635171884,1052.6197610866961,0,0,0,0,11335,169586688,32.34364045899627,26974.092721570356,11335,169586688,32.34364045899627,26974.092721570356,
222,7915.113026102204,15679,108191744,20.633625279444285,9046.444153389884,23901,213073920,40.63607128934245,35231.58258876198,39580,321265664,61.26969656878674,24858.748189363316,13240,84033536,16.026329076742595,10185.513097734138,10497,42995712,8.199862366863279,14892.48277679337,23737,127029248,24.226191443605874,12267.03396056789,2439,24158208,4.607296202701688,2863.060462074621,2492,10207232,1.9466568560753825,4588.040381219904,4931,34365440,6.55395305877707,3734.8207456905293,0,0,0,0,10912,159870976,30.489552066403796,61795.29574010264,10912,159870976,30.489552066403796,61795.29574010264,
227,8044.028386516437,15650,107933696,20.585255949361084,2025.380524600639,24573,226627584,43.22270981830668,36109.88898176861,40223,334561280,63.80796576766777,22848.258637073315,13284,84402176,16.097293616657225,2269.9340190454686,10519,43085824,8.217384817704422,3968.6288976138417,23803,127488000,24.314678434361646,3020.619706885687,2366,23531520,4.4879623327038605,652.325317413356,2482,10166272,1.9389247188461238,1172.3340439161966,4848,33697792,6.4268870515499845,918.5509071782178,0,0,0,0,11572,173375488,33.06640028175614,72819.95864828899,11572,173375488,33.06640028175614,72819.95864828899,
232,7936.261636916072,15691,108105728,20.616574045728715,4540.014118921675,23996,216690688,41.32454123218983,30249.38319703284,39687,324796416,61.94111527791855,20084.70181006375,13224,83087360,15.845383416724395,5031.813814957653,10482,42934272,8.187888044077157,8641.002066781148,23706,126021632,24.033271460801554,6627.6760968953,2467,25018368,4.771190629004319,1903.7923190109445,2439,9990144,1.9051954721908209,2265.4502353423536,4906,35008512,6.67638610119514,2083.5892325723603,0,0,0,0,11075,163766272,31.231457715921856,56863.54694428894,11075,163766272,31.231457715921856,56863.54694428894,
237,8102.958025323936,15874,109010944,20.790540323703667,3993.3049414766288,24644,222928896,42.516944001574196,32199.58427430612,40518,331939840,63.30748432527786,21149.027037292068,13424,84422656,16.101068107456836,4468.299458507151,10576,43319296,8.261845437119185,7796.912122636157,24000,127741952,24.36291354457602,5935.108105833333,2450,24588288,4.689472216246829,1390.7227387755102,2463,10088448,1.9240663116135166,1535.3166496142915,4913,34676736,6.613538527860346,1463.2109949114595,0,0,0,0,11605,169521152,32.331032252841496,60946.56849108143,11605,169521152,32.331032252841496,60946.56849108143,
242,8033.21828235359,15910,111824896,21.327892803986476,3241.9168447517286,24258,217772032,41.53474512690191,23825.31446821667,40168,329596928,62.86263793088838,15672.50984290978,13431,86032384,16.408595306213396,3733.3081813714543,10609,43454464,8.28788743113778,6781.421156942219,24040,129486848,24.696482737351175,5078.459202911814,2479,25792512,4.919297497773079,579.6025881403792,2532,10371072,1.9780310091093278,1123.2900663507107,5011,36163584,6.897328506882407,854.3215454001197,0,0,0,0,11117,163946496,31.2688266866548,45260.97066366825,11117,163946496,31.2688266866548,45260.97066366825,
247,7880.268694591435,15704,109948928,20.970212111954304,4562.325098255222,23699,213606400,40.740474672667624,28147.791548419766,39403,323555328,61.71068678462193,18747.843190848413,13316,85037056,16.21884937064722,5054.08168894563,10266,42049536,8.019975320989564,9251.68500720826,23582,127086592,24.238824691636786,6881.432874819778,2388,24911872,4.751362741307085,1820.184913316583,2478,10149888,1.9358561119629984,2308.40851937046,4866,35061760,6.687218853270084,2068.811731196054,0,0,0,0,10955,161406976,30.78464323971506,51700.27177644911,10955,161406976,30.78464323971506,51700.27177644911,
252,7445.320749363073,14919,104513536,19.672580432252335,4983.839718144648,22803,206811136,38.928055283149895,31755.260731044164,37722,311324672,58.60063571540223,21167.199915301415,12605,79978496,15.054350427973002,5780.495344149147,10001,40964096,7.7106708301832425,9135.450480451955,22606,120942592,22.765021258156242,7264.743168539326,2314,24535040,4.618230004279334,644.2354978392394,2308,9453568,1.7794448831179805,1292.443607019064,4622,33988608,6.397674887397315,967.9188202077023,0,0,0,0,10494,156393472,29.43793956984867,60012.25560796646,10494,156393472,29.43793956984867,60012.25560796646,
257,8613.608301848375,16895,117030912,22.310499862244335,2817.2432559928975,26195,238399488,45.44792186343998,31518.01834708914,43090,355430400,67.75842172568431,20264.836746623343,14299,91090944,17.365364917977452,3058.1894924819917,11373,46583808,8.880628410097467,5151.787218763739,25672,137674752,26.24599332807492,3985.678076971019,2596,25939968,4.945134944266883,1490.0898524653314,2666,10919936,2.0817511071238766,1745.3211264066017,5262,36859904,7.026886051390759,1619.4031508931964,0,0,0,0,12156,180895744,34.48554234621864,62715.5469266206,12156,180895744,34.48554234621864,62715.5469266206,
262,8062.498767394706,15821,108167168,20.629455761336942,535.6114214019341,24495,224366592,42.79080953645689,3412.0479153704837,40316,332533760,63.42026529779383,2283.26277371267,13325,83165184,15.861120485390233,432.1623127954972,10441,42766336,8.156321857169003,688.46346049229,23766,125931520,24.017442342559235,544.7618366153329,2496,25001984,4.768335275946709,1087.878798076923,2522,10330112,1.97014114776173,471.5374770023791,5018,35332096,6.738476423708439,778.1113983658828,0,0,0,0,11532,171270144,32.664346531526164,6521.041378685397,11532,171270144,32.664346531526164,6521.041378685397,
267,7568.656635068348,14849,103047168,19.652238025400276,4789.953765506094,22999,203644928,38.83734677426071,35910.64320653072,37848,306692096,58.48958479966098,23700.98569464701,12491,79253504,15.114522360818425,4815.552083340005,10084,41304064,7.877143184996279,7843.216091134471,22575,120557568,22.991665545814705,6167.975731384275,2358,23793664,4.53771566458185,4654.352159033078,2482,10166272,1.938820843431254,3849.6793835616436,4840,33959936,6.476536508013105,4241.707979545455,0,0,0,0,10433,152174592,29.021382745833176,70666.44184932426,10433,152174592,29.021382745833176,70666.44184932426,
272,8417.83637491525,16442,113086464,21.567062377787956,1980.0841486437173,25652,235433984,44.900328820778505,40494.84996783877,42094,348520448,66.46739119856646,25450.90594733216,13871,86851584,16.5637288803874,2069.6491345973614,10936,44793856,8.542772073001162,4084.870912399415,24807,131645440,25.106500953388565,2958.046174225017,2571,26234880,5.003333497400552,1496.865198755348,2627,10760192,2.0521088364826308,2376.0471815759424,5198,36995072,7.0554423338831835,1941.19206848788,0,0,0,0,12089,179879936,34.30544791129471,81715.59824063198,12089,179879936,34.30544791129471,81715.59824063198,
277,7641.051070093286,15231,104820736,19.99048616350813,3491.509559713742,22979,206708736,39.421666786276475,40216.06265955873,38210,311529472,59.412152949784605,25577.180998639098,12965,82104320,15.658211681744381,3702.394171615889,10101,41373696,7.890426350576203,6307.017357489358,23066,123478016,23.548638032320586,4843.0036748027405,2266,22716416,4.332274481763749,2284.925714474846,2329,9539584,1.8193053133840191,3032.720626878489,4595,32256000,6.151579795147768,2663.949512295974,0,0,0,0,10549,155795456,29.711935122316255,80894.3516149398,10549,155795456,29.711935122316255,80894.3516149398,
282,8184.779155025407,16128,111919104,21.345777442815447,1609.3428461061508,24798,226205696,43.14309416838405,49627.75870118558,40926,338124800,64.4888716111995,30704.799924106926,13615,85241856,16.257757808608996,1704.345857142857,10639,43577344,8.311291400018794,3460.801441300874,24254,128819200,24.569049208627792,2474.8138607652345,2513,26677248,5.088019634206448,1094.6329395145244,2509,10276864,1.9600554678679531,1969.6697991231565,5022,36954112,7.048075102074402,1531.8028878932696,0,0,0,0,11650,172351488,32.871747300497304,102052.17100532188,11650,172351488,32.871747300497304,102052.17100532188,
287,8195.030281494832,16127,112959488,21.543814773996914,559.6824047870032,24851,226209792,43.14309444207439,9935.129062854614,40978,339169280,64.6869092160713,6245.3972981355855,13650,87449600,16.678528008732833,511.5352510622711,10784,44171264,8.42441433471545,1377.50918833457,24434,131620864,25.102942343448287,893.7347656544159,2477,25509888,4.865286765264079,825.0068490109003,2451,10039296,1.9147106393163549,892.3724757241941,4928,35549184,6.779997404580434,858.5119527191558,0,0,0,0,11616,171999232,32.80396946804258,19787.846790289255,11616,171999232,32.80396946804258,19787.846790289255,
292,7959.590006912602,15721,109846528,20.951009762080055,4110.586679409707,24078,220073984,41.97467385736443,32746.185887282998,39799,329920512,62.925683619444484,21434.8399955024,13279,85229568,16.255821132424558,4724.199686271557,10317,42258432,8.059943609343721,7986.822780459435,23596,127488000,24.31576474176828,6150.733101373114,2442,24616960,4.695188629655497,773.9089078624079,2457,10063872,1.9194806094947683,1379.1800231990233,4899,34680832,6.614669239150266,1077.4710900183711,0,0,0,0,11304,167751680,31.995249638525937,62161.53289552371,11304,167751680,31.995249638525937,62161.53289552371,
297,7969.6028408469765,15605,108576768,20.707823371077932,3938.0518392822814,24246,215773184,41.15238521823655,22068.74664955044,39851,324349952,61.86020858931448,14969.063015156456,13238,84639744,16.142540445901403,4216.148450747847,10388,42549248,8.115016945026316,6803.551197920678,23626,127188992,24.25755739092772,5353.7908674765085,2367,23937024,4.56528292517653,2382.73162695395,2520,10321920,1.9686024934026103,2163.678946031746,4887,34258944,6.53388541857914,2269.7762850419476,0,0,0,0,11338,162902016,31.068765779807624,40479.01485949903,11338,162902016,31.068765779807624,40479.01485949903,
302,8049.046490707556,15816,108445696,20.683466594557245,3087.942222938796,24431,221519872,42.249706918221975,19969.112117801156,40247,329965568,62.93317351277922,13335.261568514423,13366,83492864,15.924300614271601,3552.7352484662574,10607,43446272,8.286354818268194,5862.1575160742905,23973,126939136,24.210655432539795,4574.553210027948,2450,24952832,4.759165980285645,552.259129387755,2544,10420224,1.9874127140260476,900.3463294025158,4994,35373056,6.746578694311693,729.5786802162595,0,0,0,0,11280,167653376,31.975939385927735,37535.01704920213,11280,167653376,31.975939385927735,37535.01704920213,
307,7970.937591562626,15589,109223936,20.831604021153844,2006.4974412726922,24268,218390528,41.652271176774946,17420.131823306412,39857,327614464,62.48387519792879,11391.5008078882,13159,84062208,16.032663666321923,2092.513697013451,10601,43421696,8.281550822330004,3386.122139137817,23760,127483904,24.314214488651928,2669.6830191919194,2430,25161728,4.798940354831924,1540.6999477366255,2445,10014720,1.9100454448256639,1667.622728425358,4875,35176448,6.7089857996575875,1604.356603897436,0,0,0,0,11222,164954112,31.46067490961928,34109.61867046873,11222,164954112,31.46067490961928,34109.61867046873,
312,7949.424405595683,15762,110538752,21.08259763942673,5280.719656071564,23987,214106112,40.835570600960246,36297.89943711177,39749,324644864,61.918168240386976,23998.400387858816,13257,84508672,16.11798845728137,5857.959265369239,10379,42512384,8.108210653263054,9732.602626264572,23636,127021056,24.226199110544425,7559.386048358437,2505,26030080,4.964609182145361,2225.843208782435,2505,10260480,1.956938788556118,2612.050478243513,5010,36290560,6.9215479707014795,2418.9468435129743,0,0,0,0,11103,161333248,30.77042115914107,68730.95962280464,11103,161333248,30.77042115914107,68730.95962280464,
317,7943.314471308509,15663,107905024,20.57947393789253,4910.7920729745265,24057,217546752,41.490169290515794,30686.759818639068,39720,325451776,62.06964322840832,20522.38462225579,13212,83316736,15.890034898674156,5238.250017029973,10448,42795008,8.161795615817686,8775.428412040583,23660,126111744,24.05183051449184,6800.229724175824,2451,24588288,4.6894390392183745,3145.6454565483477,2424,9928704,1.8935865785549457,4260.252630363036,4875,34516992,6.58302561777332,3699.862438974359,0,0,0,0,11185,164823040,31.434787096143157,56881.435183907015,11185,164823040,31.434787096143157,56881.435183907015,
322,7556.267107783243,14996,102948864,19.621570084072246,3495.57560956255,22813,202010624,38.50227639756343,32644.82457217376,37809,304959488,58.123846481635674,21083.499558464915,12765,80617472,15.365311625475849,3848.525630395613,10137,41521152,7.913736609462894,6944.370579165434,22902,122138624,23.27904823493874,5218.824304995197,2231,22331392,4.256258458596399,1476.1193047960558,2333,9555968,1.8213226309437636,2655.029973424775,4564,31887360,6.077581089540162,2078.7482684049082,0,0,0,0,10343,150933504,28.76721715715677,64597.99994933771,10343,150933504,28.76721715715677,64597.99994933771,
327,8430.302860487196,16524,113160192,21.582833028517374,1261.77851755023,25629,236298240,45.06872398071334,53896.40439166569,42153,349458432,66.65155700923071,33263.60108125163,13887,86401024,16.47910666751893,888.7774591344422,11006,45080576,8.59813444499447,1841.306319552971,24893,131481600,25.077241112513402,1309.921260113285,2637,26759168,5.1037263609984445,3226.081019719378,2481,10162176,1.9382129345839798,3365.9208968158,5118,36921344,7.041939295582424,3293.869752637749,0,0,0,0,12142,181055488,34.532376601134885,111406.24946928018,12142,181055488,34.532376601134885,111406.24946928018,
332,8044.320200343614,15698,108290048,20.654482607532536,3069.4314666199516,24524,224784384,42.873793441969056,29573.15021154787,40222,333074432,63.52827604950159,19229.17485333897,13204,82726912,15.778749724802731,3530.037213192972,10564,43270144,8.253043129812152,6225.920465638016,23768,125997056,24.031792854614885,4728.257958683946,2494,25563136,4.875732882729804,630.8435445068163,2471,10121216,1.9304495999399687,1151.468437879401,4965,35684352,6.806182482669772,889.9501127895267,0,0,0,0,11489,171393024,32.69030071221694,57153.45404116982,11489,171393024,32.69030071221694,57153.45404116982,
337,7901.815848481438,15572,106860544,20.381040413491675,2269.882752632931,23939,217415680,41.466734069843156,19302.729172939555,39511,324276224,61.84777448333483,12589.776211561337,13169,82968576,15.8242306955302,2577.4095669375047,10380,42516480,8.108980777034137,5083.5071842967245,23549,125485056,23.933211472564338,3682.054913584441,2403,23891968,4.5568097179614755,584.5641435705369,2442,10002432,1.907719755059476,1135.2612305487305,4845,33894400,6.464529473020952,862.1291149638803,0,0,0,0,11117,164896768,31.450033537749544,36570.020794548895,11117,164896768,31.450033537749544,36570.020794548895,
342,8029.128564898835,15820,110084096,20.995642228269183,4175.698020164349,24328,223227904,42.57484394249301,28921.416420790858,40148,333312000,63.570486170762194,19170.562951180633,13384,85225472,16.254514356436854,4806.10154363419,10595,43397120,8.27685776932996,7897.462773478055,23979,128622592,24.53137212576681,6172.003884440553,2436,24858624,4.741127871832329,712.1016498357965,2525,10342400,1.9725404311050634,1220.7917936633662,4961,35201024,6.713668302937392,971.0096549082847,0,0,0,0,11208,169488384,32.32544574205799,55036.054721716624,11208,169488384,32.32544574205799,55036.054721716624,
347,6762.393636946526,13652,96202752,18.348116182341617,13893.03567653091,20162,181866496,34.686196900930305,45108.21943924214,33814,278069248,53.034313083271925,32505.460560418764,11574,74108928,14.134306896883675,13674.28204406428,8924,36552704,6.971456074050181,16506.458072164947,20498,110661632,21.105762970933856,14907.296917455362,2078,22093824,4.213809285457942,15111.444984600577,2113,8654848,1.650682057874051,17697.041717936583,4191,30748672,5.864491343331993,16415.03980625149,0,0,0,0,9125,136658944,26.064058769006078,79427.3358189589,9125,136658944,26.064058769006078,79427.3358189589,
352,9159.728478628234,17960,127082496,24.235169091003325,3995.2318697661467,27846,254382080,48.51173778111138,52422.81157189543,45806,381464576,72.7469068721147,33434.920652578265,15182,98750464,18.8321308455811,3839.536972401528,12036,49299456,9.401614619329466,6019.314026005318,27218,148049920,28.233745464910566,4803.450434712322,2778,28332032,5.403038245422227,4846.117374370051,2850,11673600,2.226204857518194,4742.490759298245,5628,40005632,7.62924310294042,4793.641210021322,0,0,0,0,12960,193409024,36.883918304263716,106003.16734182098,12960,193409024,36.883918304263716,106003.16734182098,
357,8050.529124551505,15739,109887488,20.958149157855757,1888.5528769934556,24516,223346688,42.59750847172949,24496.202190936532,40255,333234176,63.55565762958525,15657.007244913675,13234,84148224,16.049061290405124,1844.556303234094,10553,43225088,8.24404905557074,3815.486022931868,23787,127373312,24.293110345975865,2718.9507763484257,2505,25739264,4.909087867450633,2120.9882690618765,2490,10199040,1.9451987253265557,3347.1285506024096,4995,35938304,6.854286592777188,2732.2173583583585,0,0,0,0,11473,169922560,32.40826069083219,48108.57829878846,11473,169922560,32.40826069083219,48108.57829878846,
362,7793.05113733445,15464,107323392,20.46151968982051,3369.1004611355406,23518,209387520,39.92034526156875,29155.499599328174,38982,316710912,60.381864951389254,18926.14050351444,13084,83820544,15.980632735382294,3889.4348959798226,10355,42414080,8.086368841618631,6711.035452052149,23439,126234624,24.067001577000926,5135.975864371348,2380,23502848,4.480886954438214,508.57283697478994,2420,9912320,1.8898129016626835,1114.0838603305783,4800,33415168,6.370699856100897,813.85131125,0,0,0,0,10743,157061120,29.944163518287436,57106.03970296937,10743,157061120,29.944163518287436,57106.03970296937,
367,8126.594702759245,15862,108773376,20.73971565845059,1950.5878642037574,24785,225366016,42.970322911719,29192.861737179745,40647,334139392,63.71003857016959,18561.89393701872,13475,84180992,16.05070930156938,2179.314404081633,10772,44122112,8.412720932099328,4370.425110564426,24247,128303104,24.463430233668706,3152.7397569183813,2387,24592384,4.689006356881206,659.389655215752,2524,10338304,1.9711945444317398,1053.457617274168,4911,34930688,6.660200901312947,861.9202062716352,0,0,0,0,11489,170905600,32.58640743518794,58648.09224815041,11489,170905600,32.58640743518794,58648.09224815041,
372,8118.7126571814215,15946,110055424,20.989112223990368,2742.1583328107363,24652,223457280,42.61643594401706,27789.046583238684,40598,333512704,63.60554816800743,17951.180677496428,13522,84652032,16.144329239391453,3011.576886259429,10562,43261952,8.250660735784223,5760.57716237455,24084,127913984,24.394989975175676,4217.146597118419,2424,25403392,4.844782984598916,1239.2384979372937,2502,10248192,1.9544738838223938,1326.7533637090328,4926,35651584,6.79925686842131,1283.6888012586278,0,0,0,0,11588,169947136,32.41130132441045,53580.67168320677,11588,169947136,32.41130132441045,53580.67168320677,
377,7845.263359082547,15517,105537536,20.124719616364047,5826.18020693433,23719,211697664,40.36815992595511,33400.05878599435,39236,317235200,60.49287954231916,22495.178729126314,13125,81989632,15.63442181792902,6716.391296609524,10358,42426368,8.090190397667422,10955.28261401815,23483,124416000,23.724612215596444,8586.102843929651,2392,23547904,4.490297798435027,941.5562303511705,2522,10330112,1.9698262389377523,1703.8161463124504,4914,33878016,6.460124037372779,1332.7689914529915,0,0,0,0,10839,158941184,30.30814328934994,62223.83547449027,10839,158941184,30.30814328934994,62223.83547449027,
382,8066.191715693223,15814,109838336,20.937519073692606,1452.3315921335525,24541,218173440,41.588490209585196,33417.02672682449,40355,328011776,62.52600928327781,20890.953406046337,13381,85532672,16.30434342544932,1599.00455347134,10720,43909120,8.370010608218404,3562.048023507463,24101,129441792,24.674354033667726,2472.156123895274,2433,24305664,4.633175648243284,645.6604471845458,2476,10141696,1.9332225994355197,1866.9359192245558,4909,34447360,6.566398247678804,1261.6470165003057,0,0,0,0,11345,164122624,31.285257001931274,68512.96295769062,11345,164122624,31.285257001931274,68512.96295769062,
387,7381.834587850555,14746,102461440,19.542530840968915,3176.9714174013293,22164,198721536,37.90227568580643,67633.17919342176,36910,301182976,57.444806526775345,41882.129617014354,12461,79417344,15.147316828924497,1281.5836664794158,9568,39190528,7.474832503953251,2343.6309199414713,22029,118607872,22.622149332877747,1742.8696132370965,2285,23044096,4.395214012044418,13513.263217943108,2228,9125888,1.7405859969489803,15509.397245062837,4513,32169984,6.135800008993398,14498.724465987149,0,0,0,0,10368,150405120,28.6868571849042,139085.93614380786,10368,150405120,28.6868571849042,139085.93614380786,
393,7991.59332580195,16706,114229248,20.478070188637595,5305.536837303963,25807,235257856,42.17507312659885,22413.251009997286,42513,349487104,62.65314331523645,15690.566820007996,14181,88453120,15.857140193761792,5368.878961497779,11001,45060096,8.077999503198585,6695.992005181347,25182,133513216,23.935139696960377,5948.64111675006,2525,25776128,4.6209299948758025,4949.792416237623,2540,10403840,1.865113965832598,5209.293168110236,5065,36179968,6.4860439607084,5079.927047976307,0,0,0,0,12266,179793920,32.23195965756767,40072.114472444155,12266,179793920,32.23195965756767,40072.114472444155,
398,8637.621889149532,17168,119111680,22.717229549456594,8995.626221575023,26023,235282432,44.873559139610926,43551.54920720132,43191,354394112,67.59078868906752,29815.907850964322,14531,92540928,17.649599972863577,9775.868658110248,11413,46747648,8.915809520218298,13430.959609655656,25944,139288576,26.565409493081873,11383.776190872648,2637,26570752,5.067629576593016,4696.156048919226,2658,10887168,2.0764235262192443,4915.372911963883,5295,37457920,7.1440531028122605,4806.199188101983,0,0,0,0,11952,177647616,33.88132609317338,80906.07110056894,11952,177647616,33.88132609317338,80906.07110056894,
403,7439.480027916493,14589,100552704,19.1734425397976,5468.78798498869,22619,205733888,39.22944608289355,40767.87421464256,37208,306286592,58.40288862269115,26927.346129165773,12380,77479936,14.773914989727132,5592.576413570275,9887,40497152,7.722018265142322,9367.668511176293,22267,117977088,22.495933254869453,7268.793935869224,2209,23072768,4.399527550070466,4775.034818017202,2319,9498624,1.8112026253529931,7229.093227684347,4528,32571392,6.21073017542346,6031.872594522968,0,0,0,0,10413,155738112,29.696225192398234,78051.10353365984,10413,155738112,29.696225192398234,78051.10353365984,
408,8672.542222166721,16944,120619008,23.003444302103293,2268.8106186260625,26424,239714304,45.71629904700805,33279.2371186043,43368,360333312,68.71974334911134,21163.375962553037,14356,93335552,17.800172687857504,2272.331500348286,11334,46424064,8.853607637871459,4272.533116728428,25690,139759616,26.653780325728963,3154.787129778124,2588,27283456,5.20327161424579,2249.279792503864,2721,11145216,2.125522003057018,2914.559547225285,5309,38428672,7.328793617302808,2590.2528971557736,0,0,0,0,12369,182145024,34.73716940607957,66538.53623971218,12369,182145024,34.73716940607957,66538.53623971218,
413,7942.165748998099,15590,109699072,20.92282038978173,3234.2245790891598,24122,215797760,41.158942283460924,50477.12679562225,39712,325496832,62.08176267324266,31930.671176269138,13164,84430848,16.1034312857356,2981.470271953813,10570,43294720,8.257568946306955,4663.72130217597,23734,127725568,24.361000232042556,3730.665240751664,2426,25268224,4.819389104046132,4605.724042868919,2423,9924608,1.8929129192906107,6990.335730912092,4849,35192832,6.7123020233367425,5797.292226025985,0,0,0,0,11129,162578432,31.008460417863358,103457.28591284032,11129,162578432,31.008460417863358,103457.28591284032,
418,7949.432573351671,15851,111030272,21.170506315809284,2304.26787092297,23909,215130112,41.01956441948335,38549.27652637082,39760,326160384,62.190070735292636,24099.58758780181,13419,85712896,16.343159153156936,2514.3828061703557,10362,42442752,8.092698802686236,4994.935973557228,23781,128155648,24.435857955843172,3595.2243149573187,2432,25317376,4.827347162652347,1144.9207014802632,2475,10137600,1.932969459240343,1896.1339781818183,4907,35454976,6.760316621892691,1523.818777664561,0,0,0,0,11072,162549760,30.993896157556772,78145.24876399929,11072,162549760,30.993896157556772,78145.24876399929,
423,8163.339190753852,16043,112439296,21.44435786354192,4574.924004986598,24777,222490624,42.43328384356612,31571.612090688945,40820,334929920,63.87764170710804,20961.42426709946,13513,86831104,16.560378213880192,5337.949250647524,10654,43638784,8.322763785587979,8654.386762718228,24167,130469888,24.883141999468172,6799.9977156453015,2530,25608192,4.883979649661727,499.52473833992093,2525,10342400,1.9724965795578795,1209.256900990099,5055,35950592,6.856476229219607,854.0398146389714,0,0,0,0,11598,168509440,32.13802347842026,59233.71465131919,11598,168509440,32.13802347842026,59233.71465131919,
428,7990.802384066011,15875,110198784,21.017704175854373,4083.2115017952756,24081,217931776,41.565119252918066,31938.362160541503,39956,328130560,62.58282342877244,20871.17533734608,13434,85147648,16.23981691970193,4668.068353357154,10557,43241472,8.247245873643124,7940.202232262953,23991,128389120,24.487062793345054,6107.9381945312825,2441,25051136,4.777887256152444,864.4622417042197,2444,10010624,1.9092799957548352,1487.61269599018,4885,35061760,6.687167251907279,1176.2288149437052,0,0,0,0,11080,164679680,31.40859338352011,61520.51072138989,11080,164679680,31.40859338352011,61520.51072138989,
433,7150.226379398642,14748,102150144,18.660537129867194,13065.963311296446,22580,202825728,37.05170526471645,55030.57350947741,37328,304975872,55.71224239458365,38450.68518964317,12427,79482880,14.519737078674881,13112.274910758833,9698,39723008,7.2565014268997166,15190.747390595998,22125,119205888,21.7762385055746,14023.326938305085,2321,22667264,4.140800051192311,12818.00370486859,2318,9494528,1.7344370290321245,16813.2307635893,4639,32161792,5.875237080224435,14814.325395343823,0,0,0,0,10564,153608192,28.060766808784614,99990.28897576674,10564,153608192,28.060766808784614,99990.28897576674,
438,7819.365397155551,15701,108838912,20.357312516187516,25605.54331755939,24168,218263552,40.824180041023794,76248.28583064383,39869,327102464,61.18149255721131,56304.42718864281,13202,83918848,15.696244875494877,26755.19003916073,10623,43511808,8.138481516613728,30788.286307728515,23825,127430656,23.834726392108603,28553.45159890871,2499,24920064,4.661067640692641,19532.059516606645,2468,10108928,1.8907815478680863,19900.434714343595,4967,35028992,6.551849188560727,19715.097565331187,0,0,0,0,11077,164642816,30.794916976541977,132399.59678911258,11077,164642816,30.794916976541977,132399.59678911258,
443,8057.48054259162,15806,108695552,20.726579284986403,7512.429559091484,24492,220950528,42.1318862859412,46625.67078278621,40298,329646080,62.858465570927606,31284.366232145516,13379,83881984,15.995011387015735,6867.621507736004,10645,43601920,8.314219259474706,9848.122889055894,24024,127483904,24.30923064649044,8188.277402014653,2427,24813568,4.731567897970669,11066.977115368769,2507,10268672,1.9580786926729064,17853.317015955326,4934,35082240,6.689646590643575,14515.164008512364,0,0,0,0,11340,167079936,31.859588333793585,87510.08773359789,11340,167079936,31.859588333793585,87510.08773359789,
448,8114.690544363305,16753,117112832,21.38480687509914,29101.340505879543,25628,235294720,42.96482341004722,57441.076192914,42381,352407552,64.34963028514636,46238.5186325712,14126,90632192,16.549441162748973,29570.722940181226,11051,45264896,8.265371459734212,31738.878091937382,25177,135897088,24.814812622483185,30522.396395400567,2627,26480640,4.835365712350166,26577.36019870575,2484,10174464,1.8578574523554234,28343.75631763285,5111,36655104,6.693223164705589,27435.84737526903,0,0,0,0,12093,179855360,32.84159449795759,86905.45507194244,12093,179855360,32.84159449795759,86905.45507194244,
453,8671.425452696272,17259,120545280,22.950437413742637,35868.68847036329,26177,238821376,45.46884824484126,67813.93187618902,43436,359366656,68.4192856585839,55120.70607406299,14549,93265920,17.75676044549507,35880.0153688226,11453,46911488,8.93140875635727,37108.5827047935,26002,140177408,26.68816920185234,36421.15765398815,2710,27279360,5.19367696824757,35807.8784904059,2558,10477568,1.9948086613779705,33566.96808209539,5268,37756928,7.18848562962554,34719.752289863325,0,0,0,0,12166,181432320,34.542630827106024,103920.46627083675,12166,181432320,34.542630827106024,103920.46627083675,
458,8424.887692689274,16531,116473856,22.214274176644448,3413.744443711814,25596,234893312,44.799619538895385,33745.82113021566,42127,351367168,67.01389371553984,21843.2512889121,14008,90148864,17.193485734764653,3445.0225411193605,11110,45506560,8.679159730711767,5480.169922682268,25118,135655424,25.87264546547642,4345.193231825782,2523,26324992,5.0207884418797954,3240.0846781609193,2529,10358784,1.9756611124185472,2987.0480427046264,5052,36683776,6.9964495542983425,3113.41610114806,0,0,0,0,11957,179027968,34.14479869576507,66514.93730099523,11957,179027968,34.14479869576507,66514.93730099523,
463,8011.475515474637,15841,109887488,20.954864427713176,3452.116544031311,24225,217661440,41.50669061013412,10248.288646315788,40066,327548928,62.4615550378473,7561.268173289072,13355,85307392,16.267592121514177,3532.7637270685136,10466,42868736,8.174802858969962,4440.64159354099,23821,128176128,24.44239498048414,3931.6491538138616,2486,24580096,4.6872723061990005,3018.8731291230893,2412,9879552,1.883969472179968,2950.8900447761193,4898,34459648,6.571241778378968,2985.3951382196815,0,0,0,0,11347,164913152,31.447918278984194,17156.207874416148,11347,164913152,31.447918278984194,17156.207874416148,
468,7920.606076577387,15817,109305856,20.84740067537481,1500.0548508566733,23788,213782528,40.773753408147996,10703.334469480411,39605,323088384,61.6211540835228,7027.832039792956,13331,85204992,16.25075428498639,1325.1224772335158,10435,42741760,8.151938321499518,2518.898476185913,23766,127946752,24.402692606485907,1849.2768384667172,2486,24100864,4.59664639038842,2438.117390185036,2497,10227712,1.9506842346702729,2509.915456948338,4983,34328576,6.5473306250586925,2474.0956708809954,0,0,0,0,10856,160813056,30.671130851978205,20454.951719325716,10856,160813056,30.671130851978205,20454.951719325716,
473,7974.168959486563,15657,111157248,21.20041651996518,3304.7871697004534,24216,217731072,41.52666154292096,22752.96900834159,39873,328888320,62.72707806288614,15116.217746896395,13274,85405696,16.28896325660675,3316.5210497212597,10494,42983424,8.19799436069403,5670.076759862779,23768,128389120,24.48695761730078,4355.6582771794,2383,25751552,4.911453263358431,3239.4260604280316,2546,10428416,1.9889549878337147,2483.8934756480753,4929,36179968,6.900408251192145,2849.167192331102,0,0,0,0,11176,164319232,31.33971219439322,43410.89112374732,11176,164319232,31.33971219439322,43410.89112374732,
478,8061.017515417575,15740,108019712,20.601125244652277,643.055145108005,24569,219267072,41.817815736262915,5656.285269974358,40309,327286784,62.418940980915195,3698.7015500756656,13275,83316736,15.889863817741238,631.409411826742,10655,43642880,8.323410794849462,1337.0448362271234,23930,126959616,24.213274612590702,945.5985236941078,2465,24702976,4.7112614269110376,705.7720251521298,2458,10067968,1.9201261129741884,867.2566159479252,4923,34770944,6.631387539885226,786.3995133048953,0,0,0,0,11456,165556224,31.57427882843927,10701.059995286312,11456,165556224,31.57427882843927,10701.059995286312,
483,8001.362279526676,15646,109690880,20.92125342956061,1563.9785473603476,24362,220233728,42.00500203138965,13221.46951334045,40008,329924608,62.92625546095026,8662.553705158967,13127,84353024,16.088584508154263,1620.3744237068638,10516,43073536,8.215380921032837,3222.206379707113,23643,127426560,24.3039654291871,2332.841743814237,2519,25337856,4.832668921406346,1270.088643112346,2510,10280960,1.9608792422777122,1807.7169749003983,5029,35618816,6.793548163684058,1538.4217337442833,0,0,0,0,11336,166879232,31.828741868079103,25024.642588920255,11336,166879232,31.828741868079103,25024.642588920255,
488,7941.671806558729,15632,107638784,20.525485277117433,1828.8703783265096,24086,214925312,40.983799363023934,8504.117926098148,39718,322564096,61.50928464014136,5876.90936406667,13154,82411520,15.71493450190657,2043.154785692565,10499,43003904,8.200352750274208,3398.9045361462995,23653,125415424,23.91528725218078,2644.939617638355,2478,25227264,4.810550775210863,691.3816396287328,2490,10199040,1.9448403036653756,1155.5997088353413,4968,35426304,6.755391078876238,924.051324074074,0,0,0,0,11097,161722368,30.838606309084348,14983.116370911057,11097,161722368,30.838606309084348,14983.116370911057,
493,7978.506819770845,15663,109113344,20.810432382256895,1199.821615846262,24232,217415680,41.46618682571403,20248.813438057114,39895,326529024,62.276619207970924,12770.072771023939,13223,83136512,15.856051130397846,1084.2603874309916,10431,42725376,8.148715048587473,2444.53429795801,23654,125861888,24.004766178985317,1684.1173740170796,2440,25976832,4.95438125185905,1826.0782237704918,2443,10006528,1.9084757802415104,2442.973286942284,4883,35983360,6.86285703210056,2134.7152582428835,0,0,0,0,11358,164683776,31.408995996885047,40429.84030894524,11358,164683776,31.408995996885047,40429.84030894524,
498,8003.918055279787,15871,110559232,21.086230322161875,757.1832551194002,24151,218730496,41.71701931808559,6639.143141691855,40022,329289728,62.803249640247465,4306.611400154915,13443,85155840,16.241209558304142,402.6810165885591,10388,42549248,8.115136358425369,878.3931763573354,23831,127705088,24.35634591672951,610.045286475599,2428,25403392,4.845020763857733,2719.940088962109,2491,10203136,1.9459765757448588,3412.6842625451627,4919,35606528,6.790997339602592,3070.7483297418175,0,0,0,0,11272,165978112,31.65590638391536,12661.125017831795,11272,165978112,31.65590638391536,12661.125017831795,
503,6684.475094542772,13117,91271168,17.321203797577915,33056.98536204925,20474,187539456,35.59074797271025,77072.98821612776,33591,278810624,52.91195177028817,59885.11320684112,11078,70139904,13.310967725608053,32744.63585430583,8847,36237312,6.877022393626165,34402.611915790665,19925,106377216,20.187990119234218,33480.802188858215,2039,21131264,4.010236071969864,34753.997547817555,2047,8384512,1.5911907810277788,43538.79187884709,4086,29515776,5.601426852997642,39154.99460988742,0,0,0,0,9580,142917632,27.122534798056307,123643.8983446764,9580,142917632,27.122534798056307,123643.8983446764,
508,8183.357824635949,16820,114868224,21.07188671921741,28503.785470511295,25723,232329216,42.61940117674835,56844.124712358585,42543,347197440,63.69128789596576,45639.35527795407,14184,88309760,16.19989579469146,29462.35907177101,11039,45215744,8.294557035139102,32120.634910046203,25223,133525504,24.494452829830564,30625.76972786742,2636,26558464,4.871990924525948,23345.815834597874,2649,10850304,1.990423189245718,23815.918714231786,5285,37408768,6.862414113771666,23581.44545203406,0,0,0,0,12035,176263168,32.33442095236353,86791.3055695887,12035,176263168,32.33442095236353,86791.3055695887,
514,5022.538937911206,10336,71057408,12.934879725397675,107293.69392869582,15977,143523840,26.12625003331419,105681.66754922702,26313,214581248,39.061129758711864,106314.88704750504,8763,55771136,10.152255149931678,106705.37973661987,6882,28188672,5.131302874693729,106048.97055855855,15645,83959808,15.283558024625407,106416.63521994249,1573,15286272,2.7826245754659973,110571.12384933248,1612,6602752,1.2019267994778102,108780.72746215881,3185,21889024,3.9845513749438077,109664.96404521192,0,0,0,0,7483,108732416,19.79302035914265,104676.26010704263,7483,108732416,19.79302035914265,104676.26010704263,
519,5041.228317895785,10824,74629120,13.101353672962063,107105.87742636733,16562,148078592,25.99561679390365,105605.03344209636,27386,222707712,39.09697046686571,106198.22468162565,9146,57409536,10.078406864996502,106995.27446348131,7189,29446144,5.1693540919277865,105798.02677076087,16335,86855680,15.247760956924289,106468.36820924396,1678,17219584,3.0229468079655604,107708.72289630513,1734,7102464,1.246857698623283,105951.17782698962,3412,24322048,4.2698045065888435,106815.52736576788,0,0,0,0,7639,111529984,19.57940500335258,105344.8366358162,7639,111529984,19.57940500335258,105344.8366358162,
524,6552.284860378489,13448,93237248,16.9923253844382,49095.989123884596,20839,185454592,33.798775048596774,88584.68818585345,34287,278691840,50.79110043303498,73096.48493140258,11291,72642560,13.238979514695403,48866.26784279515,9011,36909056,6.726610905380337,50962.65175141494,20302,109551616,19.965590420075742,49796.74343143532,2157,20594688,3.753345869742796,50298.484712563746,2132,8732672,1.591514199342013,50804.28964118199,4289,29327360,5.34486006908481,50549.91304266729,0,0,0,0,9696,139812864,25.480649943874425,131856.13826918317,9696,139812864,25.480649943874425,131856.13826918317,
529,7568.175255889115,14962,104800256,19.91321945516928,39525.33795575458,23023,208498688,39.61708004090057,80913.8919736785,37985,313298944,59.530299496069844,64611.25816517046,12674,81883136,15.558710628010985,40981.7276447057,10046,41148416,7.818658744885116,45690.39415608202,22720,123031552,23.3773693728961,43063.73749388204,2288,22917120,4.354508827158295,31457.906610576923,2371,9711616,1.8453155369423264,35149.880465626324,4659,32628736,6.19982436410062,33336.77976153681,0,0,0,0,10606,157638656,29.95310575907312,124508.24708976051,10606,157638656,29.95310575907312,124508.24708976051,
534,9690.325643474353,19304,132620288,25.018353002617715,22239.420039318276,29684,265986048,50.17733668799769,58966.82546105646,48988,398606336,75.1956896906154,44494.18248193435,16297,101859328,19.215405598526694,22466.727704792294,13160,53903360,10.168680138194118,26093.323851671732,29457,155762688,29.384085736720813,24086.920028957466,3007,30760960,5.80294740409102,21007.483549717326,2984,12222464,2.305725040453742,23917.760950067026,5991,42983424,8.108672444544762,22457.035838591222,0,0,0,0,13540,199860224,37.70293150934983,98641.98718042836,13540,199860224,37.70293150934983,98641.98718042836,
539,11044.349726279399,21616,149626880,28.53789902127206,20575.743678108807,33608,303185920,57.8257674665907,54586.40535194001,55224,452812800,86.36366648786276,41273.815486274085,18192,116473856,22.214719314779423,21262.93513198109,14616,59867136,11.41828448110902,24529.47538690476,32808,176340992,33.63300379588844,22718.182399902464,3424,33153024,6.323179706492638,16924.63768253505,3386,13869056,2.645204656064254,17263.883724748965,6810,47022080,8.968384362556892,17093.314202202644,0,0,0,0,15606,229449728,43.76227832941742,90834.39629123414,15606,229449728,43.76227832941742,90834.39629123414,
544,11648.106399210235,22910,158425088,30.214869523983648,11884.777286817984,35335,319479808,60.931263072849596,43802.83377990661,58245,477904896,91.14613259683324,31248.233827006607,19349,122732544,23.407579254786857,12951.890649180837,15211,62304256,11.882682153402845,15696.94057721386,34560,185036800,35.2902614081897,14160.077988744213,3561,35692544,6.807290269196792,6086.5249845549,3632,14876672,2.837282333913558,7470.778710903084,7193,50569216,9.64457260311035,6785.483629639927,0,0,0,0,16492,242298880,46.211298585533186,77726.96460192821,16492,242298880,46.211298585533186,77726.96460192821,
549,9075.005765963295,17811,123731968,23.597414728595613,849.4839833810566,27569,251174912,47.902564419588856,5201.297633719033,45380,374906880,71.49997914818447,3493.2731091229616,15022,95756288,18.262061755995372,877.7809324324325,11889,48697344,9.287263761529172,1376.9366331062326,26911,144453632,27.549325517524544,1098.3027311508306,2789,27975680,5.335352972600239,697.0720907135174,2778,11378688,2.1700747522523374,1059.3419251259897,5567,39354368,7.505427724852577,877.8490980779594,0,0,0,0,12902,191098880,36.44522590580735,9617.216165323205,12902,191098880,36.44522590580735,9617.216165323205,
555,7167.1409564821915,14776,105074688,19.2268008191724,14865.141950527883,22578,203292672,37.1989466439467,17109.03251678625,37354,308367360,56.425747463119095,16221.424040932698,12493,80977920,14.817520453554685,14917.769057712318,9748,39927808,7.306079381955037,14541.770707837506,22241,120905728,22.123599835509722,14752.97287433119,2283,24096768,4.409280365617715,14577.156646079718,2260,9256960,1.6938591919592105,15977.725843805309,4543,33353728,6.103139557576925,15273.895890380805,0,0,0,0,10570,154107904,28.19900807003245,19718.53310283822,10570,154107904,28.19900807003245,19718.53310283822,
560,8900.705516597702,17641,121356288,23.14610920171862,9200.85331936965,26864,241889280,46.135192348707065,37997.301376191186,44505,363245568,69.28130155042568,26582.895350567353,14954,94097408,17.947062464259545,10058.132820984352,11596,47497216,9.059075276870836,14548.534966798896,26550,141594624,27.00613774113038,12019.364583050847,2687,27258880,5.1990467374590725,4429.823298101973,2802,11476992,2.188990076387727,4584.757006423983,5489,38735872,7.388036813846799,4508.913159774094,0,0,0,0,12466,182915072,34.887126995448504,67319.76604869244,12466,182915072,34.887126995448504,67319.76604869244,
565,6815.637160761408,13613,93753344,17.755519462923104,5376.8122984647025,20708,186417152,35.30469665763277,35066.15391457408,34321,280170496,53.06021612055587,23290.243905538882,11483,72716288,13.771407096215382,5981.693434032918,9076,37175296,7.040460249267775,9801.497702842662,20559,109891584,20.811867345483158,7667.988659662435,2130,21037056,3.984112366707723,2115.84981971831,2083,8531968,1.6158306191300986,2503.3974987998076,4213,29569024,5.599942985837822,2307.461928791835,0,0,0,0,9549,140709888,26.648405789234893,66182.52645533564,9549,140709888,26.648405789234893,66182.52645533564,
570,9221.021709701039,17862,124837888,23.810477119662796,1198.4728074123839,28244,255115264,48.658434179443454,40402.01862668178,46106,379953152,72.46891129910625,25214.10956010064,15125,96292864,18.36605113872802,1166.883992,12210,50012160,9.538878063884859,2551.0980154791155,27335,146305024,27.90492920261288,1785.1848234132065,2737,28545024,5.444425980934773,1373.036502374863,2799,11464704,2.186676470173114,2470.2919106823865,5536,40009728,7.631102451107887,1927.8085196893064,0,0,0,0,13235,193638400,36.93287964538548,83343.51040914241,13235,193638400,36.93287964538548,83343.51040914241,
575,7993.123357265209,15800,108793856,20.74954392149669,2336.6522081645567,24168,220712960,42.09514604908886,52657.149480387285,39968,329506816,62.844689970585556,32764.63904951461,13316,83423232,15.910769965329736,1307.6903638480023,10376,42500096,8.10576664016602,2532.4707409406324,23692,125923328,24.01653660549576,1844.0875102566267,2484,25370624,4.838773956166956,7852.61674879227,2485,10178560,1.9412904877421513,8744.244173440644,4969,35549184,6.780064443909107,8298.520180116724,0,0,0,0,11307,168034304,32.04808892118069,108305.61824206244,11307,168034304,32.04808892118069,108305.61824206244,
580,8059.099218298975,15772,107855872,20.571107245135398,4708.210833629216,24525,220303360,42.01796305558284,39300.70660150866,40297,328159232,62.589070300718234,25761.4147621411,13290,83435520,15.91346857752575,5492.037552219714,10583,43347968,8.267660184386598,9359.506866106018,23873,126783488,24.181128761912348,7206.502753445315,2482,24420352,4.657638667609647,511.1692985495568,2473,10129408,1.9319591454207745,1274.1483857662756,4955,34549760,6.589597813030422,891.9659247225025,0,0,0,0,11469,166825984,31.818343725775467,75128.36335164357,11469,166825984,31.818343725775467,75128.36335164357,
585,7935.561656992745,15450,108642304,20.72125264132117,3855.9584765048544,24229,212856832,40.59799939720771,18006.165063395107,39679,321499136,61.31925203852887,12496.43216268051,13046,83918848,16.00576926992113,4479.096329986202,10708,43859968,8.365373747672564,7386.930798001495,23754,127778816,24.371143017593695,5789.9109920855435,2404,24723456,4.715483371400037,474.3210237104825,2462,10084352,1.9233797316744352,1033.8683269699432,4866,34807808,6.638863103074472,757.4294208795725,0,0,0,0,11059,158912512,30.309245917860707,32066.799395514965,11059,158912512,30.309245917860707,32066.799395514965,
590,8012.635538862407,15730,110723072,21.11778944045307,416.20651290527655,24335,222834688,42.50041058482422,702.0147418122046,40065,333557760,63.6182000252773,589.8029998752028,13368,84955136,16.203169235884772,175.8633789646918,10545,43192320,8.237906542230602,361.6747977240398,23913,128147456,24.441075778115373,257.80129603144735,2362,25767936,4.914620204568299,1776.4550372565623,2504,10256384,1.9561610224509651,3363.022350239617,4866,36024320,6.870781227019265,2592.8883606658446,0,0,0,0,11286,169385984,32.306343020142656,429.61722798157007,11286,169385984,32.306343020142656,429.61722798157007,
595,7102.9256169890505,14081,97595392,18.61307654261551,2065.16865819189,21437,194011136,37.00117444569296,4572.461295610394,35518,291606528,55.61425098830847,3578.4529722957373,11794,74887168,14.282237731507925,1785.7829180939461,9307,38121472,7.270403465905172,2135.230227570646,21101,113008640,21.552641197413095,1939.913343633003,2287,22708224,4.330838811107583,3505.9537122868387,2170,8888320,1.6951515548527154,4678.537923963133,4457,31596544,6.025990365960299,4076.855157056316,0,0,0,0,9960,147001344,28.03561942493507,6826.790940863454,9960,147001344,28.03561942493507,6826.790940863454,
