5,6446.395090913133,12893,89284608,17.028089638558203,2822.3725241603975,19342,173666304,33.12111077095281,11096.47134246717,32235,262950912,50.14920040951101,7787.088495734451,10895,69140480,13.186262643309592,3160.874270032125,8379,34320384,6.5454795431452055,6338.976751282969,19274,103460864,19.7317421864548,4542.49306687766,1998,20144128,3.841826995248612,976.5384294294295,1942,7954432,1.517045145338106,1370.9543918640577,3940,28098560,5.358872140586718,1170.9434545685278,0,0,0,0,9021,131391488,25.058586082469496,17609.053217825072,9021,131391488,25.058586082469496,17609.053217825072,
10,6500.010758555743,12764,89604096,17.08960161996827,694.0345976183015,19738,176394240,33.642516628448234,4153.392635424055,32502,265998336,50.732118248416505,2794.853284167128,10721,68489216,13.062499025758342,710.5958560768585,8584,35160064,6.705848432337157,1730.6419379077354,19305,103649280,19.768347458095498,1164.161023983424,2043,21114880,4.02710259420993,607.1264958394518,1960,8028160,1.5311583093407302,1008.3720755102041,4003,29143040,5.558260903550661,803.5894826380214,0,0,0,0,9194,133206016,25.40550988677035,7085.862973134653,9194,133206016,25.40550988677035,7085.862973134653,
15,6495.63940181143,12878,88727552,16.923019095275887,3291.0719110110267,19601,172769280,32.952310287080465,12009.675016886893,32479,261496832,49.87532938235635,8552.728349887619,10883,68644864,13.092645047443847,3759.410941652118,8564,35078144,6.690459585077218,7079.105109995329,19447,103723008,19.783104632521066,5221.325934077236,1995,20082688,3.8303740478320414,736.2179408521303,2042,8364032,1.5952730584689023,1323.919569539667,4037,28446720,5.425647106300944,1033.4898570720832,0,0,0,0,8995,129327104,24.666577643534342,19129.821020900497,8995,129327104,24.666577643534342,19129.821020900497,
20,5714.986941758555,11327,77574144,14.787779820622813,3492.764376180807,17264,153505792,29.262454424071027,45413.347967099166,28591,231079936,44.05023424469384,28805.51856853555,9563,60227584,11.481045170412262,2246.728534455715,7730,31662080,6.035669149026577,4838.925138551099,17293,91889664,17.51671431943884,3405.4447635459433,1764,17346560,3.3067346502105504,10247.776141723356,1752,7176192,1.3679808989773043,17606.597353310503,3516,24522752,4.674715549187855,13914.629032138795,0,0,0,0,7782,114667520,21.858804376067145,91976.91974042663,7782,114667520,21.858804376067145,91976.91974042663,
25,6820.487174516223,13608,94355456,17.994994299957728,13888.01407591123,20498,185298944,35.339275357518126,28362.406807542196,34106,279654400,53.33426965747586,22587.248879551986,11413,72867840,13.896985092735195,14369.960139314817,8848,36241408,6.911777633531254,17871.58678108047,20261,109109248,20.808762726266448,15899.124174966686,2195,21487616,4.098009207222532,11382.114111617311,2125,8704000,1.6599827612176667,12422.653120941177,4320,30191616,5.757991968440198,11893.95332337963,0,0,0,0,9525,140353536,26.76751496276921,41663.69312545932,9525,140353536,26.76751496276921,41663.69312545932,
30,6856.7995499328745,13428,90959872,17.346181877615486,6898.6197093386945,20862,191094784,36.44205742866091,29411.581809510117,34290,282054656,53.788239306276395,20595.482215427237,11302,69980160,13.34531982613863,8073.733734383295,8948,36651008,6.989401334754958,12566.125639248996,20250,106631168,20.334721160893587,10058.816340049383,2126,20979712,4.0008620514768545,651.6118490122296,2145,8785920,1.6754879149585813,1484.3490093240093,4271,29765632,5.676349966435436,1069.8326892999296,0,0,0,0,9769,145657856,27.77716817894737,50973.36460896714,9769,145657856,27.77716817894737,50973.36460896714,
35,6471.204757281268,12873,90275840,17.21823050876732,6725.296614542065,19484,174383104,33.25993401453085,21515.295040238147,32357,264658944,50.47816452329816,15631.200416694997,10858,69255168,13.208976471970864,7487.156693221587,8438,34562048,6.591988613111553,13655.977237615549,19296,103817216,19.800965085082417,10184.736904332503,2015,21020672,4.009254036796456,2619.948359305211,2001,8196096,1.5632340856644014,2734.813980509745,4016,29216768,5.572488122460857,2677.1809559262947,0,0,0,0,9045,131624960,25.10471131575489,33001.9358604754,9045,131624960,25.10471131575489,33001.9358604754,
40,6431.073758245279,12645,86708224,16.5348713626881,1623.9167406089364,19517,178237440,33.98908438506177,37467.31635861044,32162,264945664,50.52395574774987,23374.915756358438,10653,67072000,12.790331076764025,1198.1143966018963,8577,35131392,6.699399673001834,2553.086345691967,19230,102203392,19.489730749765858,1802.4614796671867,1992,19636224,3.7445402859240753,3901.06150502008,1963,8040448,1.5332775513702461,8745.612835455935,3955,27676672,5.277817837294322,6305.575856890013,0,0,0,0,8977,135065600,25.75640716068969,77106.40011005904,8977,135065600,25.75640716068969,77106.40011005904,
45,6543.426557485567,12794,87867392,16.75841857359022,25207.80520408004,19925,181039104,34.5284981602701,56068.03550820577,32719,268906496,51.286916733860316,44000.86394089062,10763,67903488,12.950823378378644,27413.66129471337,8650,35430400,6.757426844189604,33414.667790289015,19413,103333888,19.708250222568246,30087.576000669655,2031,19963904,3.807595195211576,13518.179845396357,2043,8368128,1.5960026638935678,14233.91454331865,4074,28332032,5.403597859105144,13877.101295532646,0,0,0,0,9232,137240576,26.175068652186923,86551.00126765599,9232,137240576,26.175068652186923,86551.00126765599,
50,6454.5826832374705,12707,87773184,16.740842609266526,1567.0261745494608,19567,173674496,33.12466598887068,7409.794753922421,32274,261447680,49.86550859813721,5109.365295593977,10817,68874240,13.136276469962043,1731.3141352500695,8528,34930688,6.6622756905046865,3960.2341352016883,19345,103804928,19.79855216046673,2713.9054901008017,1890,18898944,3.604566139304482,626.7601052910053,1999,8187904,1.5616661708863588,1379.3412061030515,3889,27086848,5.166232310190841,1013.5972409359732,0,0,0,0,9040,130555904,24.90072412747964,11997.48608119469,9040,130555904,24.90072412747964,11997.48608119469,
55,6456.023795872571,12728,87506944,16.689652463909553,2164.3387297297295,19554,177573888,33.867557726449675,29148.775642579523,32282,265080832,50.55721019035923,18509.474700049563,10771,68116480,12.991430465962173,933.2453488069817,8358,34234368,6.52930702552687,2290.0156379516634,19129,102350848,19.520737491489044,1526.0565818390926,1957,19390464,3.69822199794738,8940.070362800205,1978,8101888,1.545222457106024,7690.397823559151,3935,27492352,5.243444455053404,8311.8995158831,0,0,0,0,9218,135237632,25.79302824381678,58106.270483619,9218,135237632,25.79302824381678,58106.270483619,
60,6400.862614372114,12788,89493504,17.06863157267098,3605.902712386612,19218,170831872,32.581876378845195,33598.27481064627,32006,260325376,49.650507951516175,21614.820008654628,10761,68984832,13.157118996151983,3406.7400146826503,8481,34738176,6.625432027453091,6604.194263412333,19242,103723008,19.782551023605077,4816.032680906351,2027,20508672,3.911512576518999,4663.223773063641,2035,8335360,1.5897599547066432,5709.419901719902,4062,28844032,5.501272531225642,5187.352064992614,0,0,0,0,8702,127758336,24.36668439668546,66428.72951769708,8702,127758336,24.36668439668546,66428.72951769708,
65,6650.396641472981,13073,89833472,17.133335832341764,830.2691633901935,20181,182063104,34.72367519659671,5788.9380027748875,33254,271896576,51.85701102893848,3839.5581465989053,11011,68911104,13.142952856251954,819.2280456815912,8644,35405824,6.75271543565394,1878.170139287367,19655,104316928,19.895668291905892,1284.9362856779446,2062,20922368,3.990382976089811,889.2283035887488,2088,8552448,1.631151067751669,1411.7562059386973,4150,29474816,5.62153404384148,1152.1290891566264,0,0,0,0,9449,138104832,26.339808693191102,10333.782219494127,9449,138104832,26.339808693191102,10333.782219494127,
70,6398.636993805795,12629,85897216,16.382664331963653,1404.5141924934674,19366,178704384,34.08322264742941,12975.050487503873,31995,264601600,50.46588697939306,8407.952413752148,10626,65368064,12.467261459816314,1253.7519390175041,8500,34816000,6.640248286762245,3288.299139411765,19126,100184064,19.10750974657856,2157.9478609745893,2003,20529152,3.915402872147338,2204.314344982526,1983,8122368,1.5491308650175921,2172.140345940494,3986,28651520,5.46453373716493,2188.308062970397,0,0,0,0,8883,135766016,25.893843495649573,24655.739136552966,8883,135766016,25.893843495649573,24655.739136552966,
75,6578.573173428409,13005,89604096,17.090035742403614,2188.058435217224,19889,182669312,34.84020497366859,13752.78481773845,32894,272273408,51.930240716072205,9180.544694777163,11000,70258688,13.400319212353685,2438.310821090909,8490,34775040,6.632583811163224,5860.326898468787,19490,105033728,20.03290302351691,3928.9684145715755,2005,19345408,3.6897165300499304,815.102702244389,2018,8265728,1.5765081426298453,1364.6538840436076,4023,27611136,5.266224672679776,1090.766208302262,0,0,0,0,9381,139628544,26.63111301987552,23560.504246242403,9381,139628544,26.63111301987552,23560.504246242403,
80,6442.720275125271,12635,87306240,16.651620783250127,7549.405737554413,19580,177704960,33.89305970824803,20455.522266956075,32215,265011200,50.54468049149816,15393.63239115319,10644,67248128,12.826005630748329,8884.869358511838,8586,35168256,6.707521278207159,15792.829806429072,19230,102416384,19.533526908955487,11969.20364898596,1991,20058112,3.8256151525018005,409.9407543947765,1992,8159232,1.5561824349159867,1312.6690868473895,3983,28217344,5.381797587417787,861.4182432839568,0,0,0,0,9002,134377472,25.62935599512489,29138.752771384137,9002,134377472,25.62935599512489,29138.752771384137,
85,6478.45251394682,12826,89227264,17.017837210861956,2720.5565753937317,19568,179810304,34.294254302223145,10757.816702473427,32394,269037568,51.3120915130851,7575.563865839353,10837,69173248,13.193042362148214,2673.6969044015873,8408,34439168,6.568397689539447,5243.8248023311135,19245,103612416,19.76144005168766,3796.567019537542,1989,20054016,3.824794848713741,2975.8699260935146,1982,8118272,1.5483544506026623,3717.7015378405654,3971,28172288,5.373149299316403,3346.1318889448503,0,0,0,0,9178,137252864,26.177502162081034,17329.52645979516,9178,137252864,26.177502162081034,17329.52645979516,
90,6505.329382354361,12805,89874432,17.14094746558112,1687.074591019133,19724,178016256,33.9514500866658,4648.155715270736,32529,267890688,51.09239755224692,3482.5298492422144,10761,68833280,13.127956528989642,1679.8244036799554,8574,35119104,6.697952947310752,2747.0280758105905,19335,103952384,19.825909476300392,2153.070035169382,2044,21041152,4.012990936591478,1725.24448630137,2002,8200192,1.5639493585859723,2105.1176183816187,4046,29241344,5.57694029517745,1913.2093924864062,0,0,0,0,9148,134696960,25.68954778076908,6986.528108220376,9148,134696960,25.68954778076908,6986.528108220376,
95,6551.500098795594,12863,90062848,17.177863061637318,4693.511546217834,19895,182018048,34.716658119567,37920.08520583061,32758,272080896,51.89452118120432,24873.091586452163,10871,69984256,13.348233958119668,4617.929115260786,8638,35381248,6.7483345973450595,7992.290682102338,19509,105365504,20.096568555464728,6111.995198318725,1992,20078592,3.8296291035176524,5105.989762550202,2040,8355840,1.5937256979143228,8001.429950980392,4032,28434432,5.423354801431976,6570.944619791667,0,0,0,0,9217,138280960,26.374597824307617,72589.75492654876,9217,138280960,26.374597824307617,72589.75492654876,
100,5937.010685110056,12141,83660800,15.385887717849267,14354.62447813195,18646,166789120,30.673848120970483,17700.55528826558,30787,250449920,46.05973583881975,16381.071546237048,10243,64479232,11.858244526530386,14366.298469393732,8089,33132544,6.093338837193769,15186.169707009518,18332,97611776,17.951583363724154,14728.066876609208,1898,19181568,3.5276431913188797,14291.623059536354,1936,7929856,1.4583637024115632,15380.52780371901,3834,27111424,4.986006893730443,14841.471673187272,0,0,0,0,8621,125726720,23.122145581365153,20580.78242860457,8621,125726720,23.122145581365153,20580.78242860457,
105,7078.914003680646,13909,95363072,18.18730002331664,24316.605143000936,21489,192524288,36.71753556378112,61621.062681278796,35398,287887360,54.904835587097764,46962.95488140573,11774,73744384,14.064262074555142,24586.355750297265,9409,38539264,7.350068976865659,27089.585009246464,21183,112283648,21.4143310514208,25698.23244847283,2135,21618688,4.1230379487615,22828.99687587822,2179,8925184,1.7021787969593232,25434.194599357503,4314,30543872,5.825216745720822,24144.88140055633,0,0,0,0,9901,145059840,27.66528778995614,102400.56565740834,9901,145059840,27.66528778995614,102400.56565740834,
110,6501.579710580872,12664,87191552,16.629393756144147,1948.9542655559067,19846,183922688,35.07820114774936,33706.849061271794,32510,271114240,51.70759490389351,21335.82538569671,10738,67928064,12.955412507722768,1574.4384959024028,8554,35037184,6.682380522857004,3772.4075293429973,19292,102965248,19.637793030579772,2549.0096711071947,1926,19263488,3.6739812484213807,4036.9866303219105,2021,8278016,1.5788041894662153,6660.38191835725,3947,27541504,5.252785437887596,5380.255410945021,0,0,0,0,9271,140607488,26.817016435426144,67222.12497109265,9271,140607488,26.817016435426144,67222.12497109265,
115,6498.4584618183135,12758,88121344,16.806929181584387,3615.8655264931804,19736,180563968,34.43803379714533,11060.541607012567,32494,268685312,51.24496297872972,8137.565751923432,10786,68423680,13.050095378747198,4053.8084786760614,8703,35647488,6.798861423599932,7125.838907618063,19489,104071168,19.84895680234713,5425.653151213505,1972,19697664,3.756833802837191,1220.504125760649,2013,8245248,1.5725736005637898,1690.9033149528068,3985,27942912,5.329407403400981,1458.123590715182,0,0,0,0,9020,136671232,26.066598772981607,16947.991659645235,9020,136671232,26.066598772981607,16947.991659645235,
120,6240.424738621636,12500,86392832,16.42869678171326,9461.68614792,18796,170328064,32.39004963828771,16797.94637172803,31296,256720896,48.81874642000096,13867.755523133947,10553,66666496,12.677482875932347,9859.218042547142,8317,34066432,6.47816570896592,12563.12267380065,18870,100732928,19.155648584898266,11050.97081510334,1947,19726336,3.7512139057809155,7307.010193117617,1912,7831552,1.4892693081090345,6727.392406380753,3859,27557888,5.2404832138899495,7019.829781549624,0,0,0,0,8567,128430080,24.422614621212748,23156.75667608264,8567,128430080,24.422614621212748,23156.75667608264,
125,6754.544316825844,13352,93061120,17.74880260897983,5747.345557744158,20423,188612608,35.972573175101374,13855.102605689663,33775,281673728,53.7213757840812,10649.928006010363,11366,73519104,14.02171030055365,6607.591707020939,8802,36052992,6.876098616383823,10175.943126221315,20168,109572096,20.897808916937475,8164.941428946846,1986,19542016,3.727092308426178,824.1040005035246,2040,8355840,1.5936424877781183,1807.671542647059,4026,27897856,5.320734796204296,1322.4839771485344,0,0,0,0,9581,144203776,27.50283207093943,19800.277546393903,9581,144203776,27.50283207093943,19800.277546393903,
130,6523.771135114102,12722,86835200,16.561411272696624,6739.258865587172,19899,180645888,34.45320383772355,18188.157322981056,32621,267481088,51.01461511042017,13723.153608350449,10753,66617344,12.70541476128009,7480.779299544313,8623,35319808,6.736275915304859,12110.238392902702,19376,101937152,19.441690676584948,9541.05106678365,1969,20217856,3.855996511416535,2689.706185881158,2023,8286208,1.580364858710626,3116.870953534355,3992,28504064,5.436361370127162,2906.1777101703406,0,0,0,0,9253,137039872,26.136563063708067,27147.317299146223,9253,137039872,26.136563063708067,27147.317299146223,
135,6489.764585087629,12830,88453120,16.870481776647647,2257.1157058456743,19620,177967104,33.943299963582476,22595.185622426096,32450,266420224,50.81378174023013,14553.970305639446,10877,69001216,13.160460106941711,2290.4149352762706,8552,35028992,6.681007647783778,4666.5949798877455,19429,104030208,19.84146775472549,3336.330409130681,1953,19451904,3.7100216697059354,2071.659628776242,1934,7921664,1.5108826930324868,1677.3445904860394,3887,27373568,5.220904362738422,1875.4658330331874,0,0,0,0,9134,135016448,25.751409622766214,43810.470462666955,9134,135016448,25.751409622766214,43810.470462666955,
140,6448.390571047794,12545,87724032,16.730968947242438,2544.649672299721,19699,179548160,34.243919493970786,9540.19595070816,32244,267272192,50.974888441213224,6818.476311003597,10561,67932160,12.956208618854921,2384.8934445601744,8488,34766848,6.6308289874489335,4498.788722431668,19049,102699008,19.587037606303856,3326.8191686702717,1984,19791872,3.7747603283875173,3395.045600302419,1968,8060928,1.5374023854028631,3230.1666798780484,3952,27852800,5.31216271379038,3312.9399030870445,0,0,0,0,9243,136720384,26.075688121118986,15513.321792816185,9243,136720384,26.075688121118986,15513.321792816185,
145,6481.529185608874,12773,86552576,16.507394662756134,3615.216087136929,19637,175759360,33.52100255448704,9618.146192188216,32410,262311936,50.028397217243175,7252.350874946004,10782,67141632,12.805319829250793,4212.446252921535,8645,35409920,6.753415685936623,8172.912011451706,19427,102551552,19.558735515187415,5974.850457507592,1991,19410944,3.7020748335053386,380.99426519337015,2034,8331264,1.5889470798374887,937.6719606686332,4025,27742208,5.291021913342828,662.3066708074534,0,0,0,0,8958,132018176,25.17863978871293,12983.867790689885,8958,132018176,25.17863978871293,12983.867790689885,
150,6510.886381020444,12826,90607616,17.281198842301684,571.5180892717916,19730,177197056,33.79602834938805,1279.7902298023314,32556,267804672,51.07722719168974,1000.7541542879961,10826,70344704,13.416541246674614,585.6266681138001,8648,35422208,6.755924577922561,1335.1639270351527,19474,105766912,20.172465824597175,918.4806382869467,2000,20262912,3.8646575956270706,495.148352,2078,8511488,1.6233593053796347,798.5863734359962,4078,28774400,5.488016901006706,649.7692957332026,0,0,0,0,9004,133263360,25.41674446608586,1337.6611627054642,9004,133263360,25.41674446608586,1337.6611627054642,
155,6024.939151910511,12350,86106112,15.703391671856993,9155.306639595141,19156,173637632,31.66673864301026,11600.563682501566,31506,259743744,47.370130314867254,10642.050241255634,10456,67436544,12.298574849465014,9144.203053462128,8290,33955840,6.192613307948553,11134.952033293124,18746,101392384,18.491188157413568,10024.567346793983,1894,18669568,3.4048168223919784,9216.605001055967,1990,8151040,1.486525993102246,10364.407012060301,3884,26820608,4.891342815494225,9804.690995365603,0,0,0,0,8876,131530752,23.98759934195946,12312.58174763407,8876,131530752,23.98759934195946,12312.58174763407,
160,6977.222939708781,13750,95154176,18.14823799018183,49942.07128719999,21138,191688704,36.55974300299253,69410.3106280632,34888,286842880,54.70798099317436,61737.52081675648,11568,71561216,13.648481164240314,51284.25026011411,9094,37249024,7.10430357206808,54404.28943006378,20662,108810240,20.752784736308396,52657.478225050814,2182,23592960,4.499756825941516,42826.43134280477,2097,8589312,1.6381927194443329,42824.13337863614,4279,32182272,6.137949545385848,42825.30518462258,0,0,0,0,9947,145850368,27.817246711480117,88734.32495063839,9947,145850368,27.817246711480117,88734.32495063839,
165,6527.59819292013,12894,90705920,17.298656397219297,1883.950009229099,19748,179212288,34.17783307055931,5812.169068361353,32642,269918208,51.476489467778606,4260.473199589486,10879,70488064,13.442880015341924,1929.5650196709255,8612,35274752,6.727298663032404,3525.3777101718533,19491,105762816,20.170178678374327,2634.666804627777,2015,20217856,3.8557763818773743,1637.6742282878413,2010,8232960,1.5701196368665968,1320.6888208955224,4025,28450816,5.425896018743971,1479.3784099378881,0,0,0,0,9126,135704576,25.88041477066031,8959.41018978742,9126,135704576,25.88041477066031,8959.41018978742,
170,6540.518429579801,12818,88780800,16.931829328088476,2544.264523326572,19888,179474432,34.22846439071985,10109.509374497184,32706,268255232,51.160293718808326,7144.569959640433,10874,68599808,13.08301165337143,2779.136191465882,8628,35340288,6.739922650184423,4676.685266458044,19502,103940096,19.822934303555854,3618.642571274741,1944,20180992,3.8488176747170435,1230.48133436214,1982,8118272,1.5482761581670752,1442.5971942482342,3926,28299264,5.397093832884119,1337.5658056546104,0,0,0,0,9278,136015872,25.94026558236835,17013.176796939,9278,136015872,25.94026558236835,17013.176796939,
175,6005.56545988268,12603,86970368,15.573725755662128,18209.601587637862,19381,174354432,31.221531777952706,33798.54655533771,31984,261324800,46.79525753361483,27655.866670772888,10580,66682880,11.940858818922406,18531.946164933837,8346,34185216,6.121523814663783,19344.612736041217,18926,100868096,18.06238263358619,18890.316407059072,2023,20287488,3.632866936739722,16523.785656945132,1976,8093696,1.4493327411665033,15538.905192307691,3999,28381184,5.0821996779062255,16037.133044261065,0,0,0,0,9059,132075520,23.65067522212242,51097.760926592346,9059,132075520,23.65067522212242,51097.760926592346,
180,6890.007028261037,13726,94650368,18.04790454615134,36508.42502455194,20734,187006976,35.658435604945716,52103.554589563035,34460,281657344,53.70634015109705,45891.75109538595,11572,72867840,13.894418464429304,37835.41989258555,9039,37023744,7.059676700392157,42549.67317358115,20611,109891584,20.95409516482146,39902.866178885066,2154,21782528,4.153486081722037,29379.36995821727,2115,8663040,1.6518659388571093,31837.280347044918,4269,30445568,5.8053520205791465,30597.09787397517,0,0,0,0,9580,141320192,26.94689296569645,65592.1458361169,9580,141320192,26.94689296569645,65592.1458361169,
185,6517.272176180642,12827,88330240,16.844224421191807,671.2718832150932,19766,175710208,33.50723576259152,1742.779031923505,32593,264040448,50.351460183783324,1321.0865765962017,10852,68878336,13.134823921482097,647.9115056210836,8598,35217408,6.715819224363884,1638.7977514538265,19450,104095744,19.85064314584598,1085.939266118252,1975,19451904,3.7094004997097096,799.6297655696203,1974,8085504,1.5418733599551415,1308.6627634245187,3949,27537408,5.251273859664851,1054.0818136237021,0,0,0,0,9194,132407296,25.249543178272493,1933.2267764846638,9194,132407296,25.249543178272493,1933.2267764846638,
190,6503.512304826128,12831,88555520,16.88572378696219,895.3587972098823,19696,177065984,33.762856317603536,1445.2065074126724,32527,265621504,50.648580104565724,1228.3068250069173,10833,68087808,12.982950347394656,578.3025539555063,8633,35360768,6.742574165256456,1219.2043029074482,19466,103448576,19.72552451265111,862.5368495838899,1998,20467712,3.9027734395675324,2614.412992992993,1953,7999488,1.5253385086002382,2866.0463189964157,3951,28467200,5.42811194816777,2738.796664388762,0,0,0,0,9110,133705728,25.49494364374684,1354.7758684961582,9110,133705728,25.49494364374684,1354.7758684961582,
195,6498.834997784127,12999,90865664,17.329743369441204,2977.3385184244944,19498,176562176,33.67363494785127,9999.771933326496,32497,267427840,51.00337831729247,7190.755348401391,10977,70672384,13.478515691324311,3246.377812061583,8492,34783232,6.633798264212707,6310.9336077484695,19469,105455616,20.11231395553702,4583.077581796702,2022,20193280,3.851227678116892,1516.782471810089,2005,8212480,1.566270080045511,1728.1814743142145,4027,28405760,5.417497758162403,1622.035762105786,0,0,0,0,9001,133566464,25.47356660359305,15322.530952449728,9001,133566464,25.47356660359305,15322.530952449728,
200,6467.388829287789,12656,86732800,16.541917081079653,1474.7675271017697,19683,173494272,33.08930256450016,4336.375595691714,32339,260227072,49.63121964557981,3216.4735666841893,10764,66101248,12.607010996668876,1425.9409598662207,8696,35618816,6.793318108007965,3362.2136099356026,19460,101720064,19.400329104676842,2291.194144090442,1892,20631552,3.9349060844107777,1752.5525005285413,2092,8568832,1.6342710995805731,2714.078324091778,3984,29200384,5.569177183991351,2257.4500966365463,0,0,0,0,8895,129306624,24.661713356911623,5670.288863856099,8895,129306624,24.661713356911623,5670.288863856099,
205,5684.604952727699,11280,78135296,14.83112954485487,5245.722191932624,17281,153931776,29.218320372467545,100201.85264290261,28561,232067072,44.04944991732241,62699.48397629635,9526,60502016,11.484095958641817,2935.7400351669116,7566,30990336,5.8823823724246145,5701.067032249537,17092,91492352,17.366478331066432,4159.848627486544,1754,17633280,3.347033586213054,17791.269526795895,1746,7151616,1.3574728551749111,24318.404664375714,3500,24784896,4.704506441387965,21047.377512571427,0,0,0,0,7969,115789824,21.978465144868018,206549.63079583386,7969,115789824,21.978465144868018,206549.63079583386,
210,7340.399204446682,14401,101965824,19.44260822497903,4630.707273106034,22312,202448896,38.60248871727378,16457.283150905343,36713,304414720,58.04509694225281,11818.203827063984,12100,78737408,15.01346741820406,5182.477540247934,9583,39251968,7.484474757771915,8110.666276218303,21683,117989376,22.497942175975975,6476.617311349905,2301,23228416,4.429140806774969,1729.1774024337244,2200,9011200,1.7182348395177098,2528.4074745454545,4501,32239616,6.147375646292679,2119.8252937125085,0,0,0,0,10529,154185728,29.399779119984156,26964.373662646027,10529,154185728,29.399779119984156,26964.373662646027,
215,6477.6888520503735,12928,88997888,16.97366062541371,866.5399982209158,19463,175448064,33.46142209264409,2929.2745621949343,32391,264445952,50.4350827180578,2105.9893149640334,10942,69726208,13.29816940475044,763.6553769877536,8496,34799616,6.636976282838498,1902.0133998352167,19438,104525824,19.93514568758894,1261.2111832493056,1986,19271680,3.6754912206632686,1433.3897089627392,1942,7954432,1.5170677896977829,1590.2107842430485,3928,27226112,5.192559010361052,1510.9219208248471,0,0,0,0,9025,132694016,25.307378020107812,4184.462672132964,9025,132694016,25.307378020107812,4184.462672132964,
220,6464.904956225679,12779,89460736,17.05880857368597,1746.9284650598638,19554,177565696,33.85909118070878,5821.509730592206,32333,267026432,50.91789975439475,4211.109396808214,10811,69804032,13.310572579678418,1961.7538108408103,8509,34852864,6.645913747241148,4038.7000957809378,19320,104656896,19.956486326919567,2876.4916958592135,1968,19656704,3.7482359940075534,566.8081331300814,2017,8261632,1.5753682016906094,1084.4095845314823,3985,27918336,5.323604195698163,828.7911011292347,0,0,0,0,9028,134451200,25.637809231777023,8560.173684647763,9028,134451200,25.637809231777023,8560.173684647763,
225,6544.81708063086,12880,88834048,16.94224102574925,10987.0912064441,19847,181350400,34.58676325226153,34316.67905361012,32727,270184448,51.52900427801078,25135.113634491398,10884,68665344,13.095708620235172,11576.290320378539,8537,34967552,6.6689372757663845,15517.33156495256,19421,103632896,19.764645896001557,13308.676351217755,1996,20168704,3.8465324055140773,7774.243933867736,2056,8421376,1.6061069507995416,8005.615969844358,4052,28590080,5.452639356313619,7891.642972852912,0,0,0,0,9254,137961472,26.311719025695602,57505.09219505079,9254,137961472,26.311719025695602,57505.09219505079,
230,5197.667319057315,10406,73289728,13.939930196805772,3129.0695911973858,15655,139644928,26.56089198008714,40538.24710808048,26061,212934656,40.50082217689291,25600.988321361423,8757,56705024,10.785468822700448,2595.7183304784744,6824,27951104,5.316385383278521,5542.953062426729,15581,84656128,16.10185420597897,3886.5167266542585,1649,16584704,3.1544613741053245,5961.426771376592,1684,6897664,1.3119567680892483,7269.151198337292,3333,23482368,4.466418142194573,6622.155224722472,0,0,0,0,7147,104796160,19.93254982871937,81790.9467134462,7147,104796160,19.93254982871937,81790.9467134462,
235,7788.583840388241,15219,104927232,20.01221195749069,4956.211048097773,23726,217096192,41.4056001159746,26559.71957502318,38945,322023424,61.41781207346529,18117.460073899092,12887,81108992,15.469485934427551,5424.434402731435,10188,41730048,7.9589497373976315,7390.820482135846,23075,122839040,23.428435671825184,6292.62687843987,2332,23818240,4.542726023063135,2368.734902658662,2367,9695232,1.8491199478229479,2641.572937896071,4699,33513472,6.3918459708860835,2506.1700227708025,0,0,0,0,11171,165670912,31.597530430754023,49109.8043524304,11171,165670912,31.597530430754023,49109.8043524304,
240,6449.066792196608,12710,86638592,16.524146237021885,587.7267103855231,19537,177201152,33.796691306072276,1109.5725114398322,32247,263839744,50.32083754309416,903.8894980928459,10772,67076096,12.793089011794175,283.89264101373936,8416,34471936,6.574660303081324,746.7444693441065,19188,101548032,19.3677493148755,486.90290718157183,1938,19562496,3.7310572252277097,2276.529907120743,1998,8183808,1.5608568542723962,2976.7477052052054,3936,27746304,5.291914079500106,2631.975832063008,0,0,0,0,9123,134545408,25.661174148718555,1035.3584113778363,9123,134545408,25.661174148718555,1035.3584113778363,
245,6527.593334731112,12901,89260032,17.02081059299718,660.363336330517,19745,180998144,34.51416112765934,702.727167941251,32646,270258176,51.534971720656515,685.985889021626,10878,68866048,13.131924031757597,375.2757904026476,8582,35151872,6.703037651849384,475.10638196224653,19460,104017920,19.83496168360698,419.3017994861254,2023,20393984,3.8888865612395813,2193.325434503213,2011,8237056,1.5707071449393046,2642.1564241670812,4034,28631040,5.459593706178886,2417.0733572136837,0,0,0,0,9152,137609216,26.24041633087065,490.01402884615385,9152,137609216,26.24041633087065,490.01402884615385,
250,6538.94490985186,12883,88330240,16.844938238359536,1360.2669014204766,19817,179007488,34.1374605068874,4200.137745975678,32700,267337728,50.98239874524694,3081.298110183486,10862,67375104,12.84870804928245,1541.4299744061868,8690,35594240,6.787967228905374,3232.3188150747987,19552,102969344,19.636675278187823,2292.9553439545825,2021,20955136,3.9962301890770875,386.5938193963384,1947,7974912,1.5208483538180393,822.3743959938367,3968,28930048,5.517078542895127,600.4206295362903,0,0,0,0,9180,135438336,25.828644924163992,5832.692403050109,9180,135438336,25.828644924163992,5832.692403050109,
255,6511.809113635521,12728,87523328,16.691210138612114,513.7693130106851,19836,179752960,34.279939953809084,1496.7177825166364,32564,267276288,50.9711500924212,1112.521488453507,10855,68329472,13.030829629929206,457.31206319668354,8595,35205120,6.713822123800595,1161.5961155322861,19450,103534592,19.7446517537298,768.5368153727507,1873,19193856,3.6603805086829073,840.9681633742659,2006,8216576,1.566949061122047,827.0851196410767,3879,27410432,5.2273295698049544,833.7886362464552,0,0,0,0,9235,136331264,25.999168768886445,1954.070662804548,9235,136331264,25.999168768886445,1954.070662804548,
260,6504.769550777839,12836,87314432,16.652804260669733,1796.2074016048612,19690,179605504,34.25476446151462,4362.332405535805,32526,266919936,50.90756872218435,3349.6416181516324,10765,67313664,12.838212938961691,1726.8509160241524,8548,35012608,6.677683108326916,3899.87247215723,19313,102326272,19.515896047288606,2688.6377053280175,2071,20000768,3.8145913217080407,2156.720471269918,1982,8118272,1.5483350398577385,2931.7156180625634,4053,28119040,5.362926361565779,2535.708968911917,0,0,0,0,9160,136474624,26.02874631332996,5103.444849126638,9160,136474624,26.02874631332996,5103.444849126638,
265,6529.344006957534,12773,90562560,17.27328937117967,5556.040714789008,19874,180580352,34.44267338341013,26066.843505434237,32647,271142912,51.715962754589796,18042.079084663215,10896,70868992,13.517071583000932,5302.171948421439,8709,35672064,6.803847902921923,7347.110964863934,19605,106541056,20.320919485922854,6210.581736444784,1877,19693568,3.7562177881787355,7029.7509323388385,2083,8531968,1.6273297946706127,7868.929105616899,3960,28225536,5.383547582849348,7471.167128030303,0,0,0,0,9082,136376320,26.011495685817597,48191.530401563534,9082,136376320,26.011495685817597,48191.530401563534,
270,6467.480306762916,12950,89280512,17.02543220034426,8833.111615907335,19394,175489024,33.46504643719546,12170.127691657213,32344,264769536,50.490478637539724,10834.041920541678,10965,69648384,13.281664868314621,9245.698526037391,8461,34656256,6.6088077188196905,11846.06821274081,19426,104304640,19.89047258713431,10378.29030608463,1985,19632128,3.743767332029639,6554.010623677582,2020,8273920,1.5778030483413041,6003.819124257426,4005,27906048,5.321570380370943,6276.510791260925,0,0,0,0,8913,132558848,25.27843567003447,13875.256218220577,8913,132558848,25.27843567003447,13875.256218220577,
275,6595.2149066126885,13033,91705344,17.490915370958298,3018.4768091767055,19944,183291904,34.95917512774187,11046.066943441638,32977,274997248,52.45009049870017,7873.4441390666225,11018,70164480,13.382436924584198,3013.5893024142315,8484,34750464,6.627938988217883,5186.368867515323,19502,104914944,20.010375912802083,3958.8186035278436,2015,21540864,4.108478446374098,3045.20164764268,2033,8327168,1.5882366764553226,2506.5342247909493,4048,29868032,5.696715122829421,2774.670306077075,0,0,0,0,9427,140214272,26.742999463068667,18161.220066723243,9427,140214272,26.742999463068667,18161.220066723243,
280,6277.074897576518,12477,86884352,16.570488812328893,3733.1787835216796,18911,168275968,32.09340900796285,11700.536729205225,31388,255160320,48.663897820291744,8533.443410475342,10474,66830336,12.745808762113814,4232.076574470117,8260,33832960,6.452585215436388,7375.116874576272,18734,100663296,19.198393977550204,5617.873141080388,2003,20054016,3.8246800502150795,1124.3642740888668,1970,8069120,1.5389337620350707,1383.6886137055837,3973,28123136,5.36361381225015,1252.9494613642084,0,0,0,0,8681,126373888,24.10189003049139,18157.41482928234,8681,126373888,24.10189003049139,18157.41482928234,
285,6767.494044301255,13203,89235456,17.01954305326638,2724.416063546164,20636,188264448,35.90697041023054,23877.291128270983,33839,277499904,52.92651346349692,15624.050504152015,11117,68341760,13.034566962441454,2981.7578747863636,8945,36638720,6.987965326882757,4422.9629357182785,20062,104980480,20.02253228932421,3624.3448187618383,2086,20893696,3.984976090824924,1352.9544549376797,2081,8523776,1.625707752402797,1205.784646804421,4167,29417472,5.610683843227721,1279.4578456923448,0,0,0,0,9610,143101952,27.293297330944988,46894.81148938606,9610,143101952,27.293297330944988,46894.81148938606,
290,6464.122032602937,12768,89247744,17.0203445195748,1831.5436455200502,19557,174903296,33.35562583553002,4056.279691108043,32325,264151040,50.37597035510482,3177.534762103635,10754,68321280,13.02948031513643,1685.9648169053376,8580,35143680,6.702214694476653,3133.706957925408,19334,103464960,19.731695009613084,2328.4406403227476,2014,20926464,3.9908642044383704,2608.879654915591,2040,8355840,1.5935335637217216,2003.038200980392,4054,29282304,5.584397768160092,2304.016170448939,0,0,0,0,8937,131403776,25.059877577331644,5410.681245384357,8937,131403776,25.059877577331644,5410.681245384357,
296,5973.323612953387,12141,85270528,15.742053435816784,15126.048856683963,18716,168230912,31.057624109706357,15041.35160931823,30857,253501440,46.79967754552314,15074.676601387042,10177,64712704,11.94681055973049,14733.348191903311,8110,33218560,6.13258014047815,14866.876069790382,18287,97931264,18.07939070020864,14792.565728386286,1964,20557824,3.7952428760862924,17160.934124236253,1895,7761920,1.432951833071035,16430.46848707124,3859,28319744,5.228194709157328,16802.231770665978,0,0,0,0,8711,127250432,23.492092136157172,14901.599587992194,8711,127250432,23.492092136157172,14901.599587992194,
301,6997.403458545485,13822,95502336,18.214592782669925,16522.412668137753,21167,191348736,36.49480684659496,36198.2881413521,34989,286851072,54.70939962926489,28425.560975935296,11623,72994816,13.92186730056445,17204.241533683213,9174,37576704,7.1667813599336885,18845.262362219313,20797,110571520,21.08864866049814,17928.130800451985,2199,22507520,4.2927254821054746,12918.548682582994,2106,8626176,1.6452192657532536,14443.877283950618,4305,31133696,5.937944747858728,13664.737308478514,0,0,0,0,9887,145145856,27.682806220908024,56933.743563972894,9887,145145856,27.682806220908024,56933.743563972894,
306,5888.814838625108,12299,85131264,15.147904274471705,14873.891801447273,19263,174145536,30.98673489864506,25545.09968073509,31562,259276800,46.13463917311677,21386.770496673216,10361,65798144,11.707849031231401,15490.179083679182,8338,34152448,6.076945046215602,19391.828156872154,18699,99950592,17.784794077447003,17229.948588587627,1938,19333120,3.440055243240302,11579.07625386997,1962,8036352,1.4299551667876003,12410.529793577982,3900,27369472,4.870010410027903,11997.361342307693,0,0,0,0,8963,131956736,23.479834685641862,34144.45303168582,8963,131956736,23.479834685641862,34144.45303168582,
311,4398.973110895905,9265,63119360,11.372023237684182,121637.78671052348,14020,127397888,22.952890250596436,121528.88797810272,23285,190517248,34.32491348828062,121572.21830904015,7818,48971776,8.823096030483587,120977.81093003326,6015,24637440,4.438852678434157,121562.63415660847,13833,73609216,13.261948708917744,121232.10947032459,1447,14147584,2.548927207200595,125203.57154250173,1498,6135808,1.105469877355672,121235.27412082776,2945,20283392,3.6543970845562663,123185.06236162988,0,0,0,0,6507,96624640,17.40856769480661,121565.28728569233,6507,96624640,17.40856769480661,121565.28728569233,
316,9306.443784175854,18259,127623168,24.339163646119104,18570.586681910292,28279,252166144,48.09090027311369,48270.9651579971,46538,379789312,72.4300639192328,36618.139282478835,15472,98488320,18.7828227059161,19971.80123952947,12379,50704384,9.669892379976519,25384.672824622343,27851,149192704,28.452715085892617,22377.6731059567,2787,29134848,5.556340940203003,10791.759399712953,2875,11776000,2.245814734019912,10615.697717217392,5662,40910848,7.802155674222916,10702.3603645355,0,0,0,0,13025,189685760,36.17519315911726,78333.79100729366,13025,189685760,36.17519315911726,78333.79100729366,
321,5790.9755075969515,11431,79601664,15.181699644979943,5898.061350100604,17526,158355456,30.201692393463496,35252.48229795732,28957,237957120,45.38339203844344,23664.5973010671,9667,61476864,11.72492178509334,5372.9441552705075,7667,31404032,5.989404712260019,10850.510934263728,17334,92880896,17.71432649735336,7795.726230644975,1764,18124800,3.4567778598866035,8775.786929705215,1802,7380992,1.4077093115289625,10517.586401220866,3566,25505792,4.864487171415566,9655.967144980372,0,0,0,0,8057,119570432,22.804578369674513,64005.39241975921,8057,119570432,22.804578369674513,64005.39241975921,
326,6545.334881210637,12706,89378816,17.046965762651784,28286.995628285847,20022,181514240,34.61969147939663,58066.653580911,32728,270893056,51.666657242048416,46505.28918510144,10776,69816320,13.315866890811588,29382.65645230141,8744,35815424,6.830973311426021,32538.89074256633,19520,105631744,20.14684020223761,30796.49418970287,1930,19562496,3.7310988718401963,22169.46141088083,2039,8351744,1.5929042294141877,23790.14586758215,3969,27914240,5.324003101254384,23002.05793575208,0,0,0,0,9239,137347072,26.19581393855642,89791.35944582747,9239,137347072,26.19581393855642,89791.35944582747,
331,7267.603097375762,14302,100503552,19.16901190012679,2336.341035799189,22037,198651904,37.88881722069728,16678.506325316514,36339,299155456,57.05782912082407,11033.836742480531,12173,77783040,14.835535557868024,2564.6199307483776,9484,38846464,7.409174261759892,5025.6613273935045,21657,116629504,22.244709819627918,3642.355379138385,2129,22720512,4.3334763422587645,1031.1090075152654,2188,8962048,1.7093286888159682,1323.14076142596,4317,31682560,6.0428050310747325,1179.1204686124622,0,0,0,0,10365,150843392,28.770314270121418,30582.328979835987,10365,150843392,28.770314270121418,30582.328979835987,
336,6485.563636227503,12566,87732224,16.732983923094114,461.6659235237944,19863,181284864,34.57608363846223,383.4399384785783,32429,269017088,51.30906756155634,413.75193478059765,10668,67395584,12.854219033129024,164.4562260029996,8584,35160064,6.706005602308226,256.08615575489284,19252,102555648,19.56022463543725,205.31178994390194,1898,20336640,3.878764889965091,2132.1785964172814,1978,8101888,1.5452561837564853,1449.7401445904954,3876,28438528,5.424021073721576,1783.9166620227038,0,0,0,0,9301,138022912,26.324821852397516,274.2111526717557,9301,138022912,26.324821852397516,274.2111526717557,
341,6390.54633402146,12598,86134784,16.427225968193728,329.3833465629465,19358,174305280,33.24269347455819,388.7340425147226,31956,260440064,49.66991944275191,365.3362434284642,10702,66834432,12.74635247149256,191.70379480470942,8428,34521088,6.583701576867028,266.7749768628381,19130,101355520,19.33005404835959,224.77749696811293,1896,19300352,3.6808734967011674,1106.5176097046415,1999,8187904,1.5615590237490733,1253.9033741870935,3895,27488256,5.24243252045024,1182.1592382541721,0,0,0,0,8931,131596288,25.097432873942083,310.17593158660844,8931,131596288,25.097432873942083,310.17593158660844,
346,6566.41506742589,13024,89219072,17.016708251638825,2502.8752924600735,19809,176689152,33.69983214814728,8566.50101559897,32833,265908224,50.716540399786105,6161.217873085006,11063,68993024,13.159004397695545,2748.875798517581,8549,35016704,6.6787181545891245,5465.892306819511,19612,104009728,19.83772255228467,3933.2411936569447,1961,20226048,3.85770385394328,1115.0611167771547,2067,8466432,1.6147982717903522,1309.2236453797775,4028,28692480,5.472502125733632,1214.6971511916583,0,0,0,0,9193,133206016,25.4063157217678,13081.664311106275,9193,133206016,25.4063157217678,13081.664311106275,
351,6483.820448970657,12793,86441984,16.485517942880627,4430.911795825842,19630,176496640,33.66001554959847,61824.373820631685,32423,262938624,50.145533492479096,39178.88883517873,10832,68292608,13.02421534598411,3024.7996960856717,8533,34951168,6.665604842996606,5714.342075120122,19365,103243776,19.689820188980715,4209.920538858766,1961,18149376,3.4613025968965148,12197.870625191228,1986,8134656,1.5513759777559193,7856.029043806647,3947,26284032,5.012678574652434,10013.199386116037,0,0,0,0,9111,133410816,25.443034728845944,126138.7228066074,9111,133410816,25.443034728845944,126138.7228066074,
356,6426.795881589167,12695,87961600,16.770548374110454,3144.4931670736514,19452,172396544,32.86871294612037,9357.558729642196,32147,260358144,49.63926132023082,6903.990206395621,10611,67633152,12.8947750758236,3555.20080322307,8588,35176448,6.70665748250806,6255.032955286446,19199,102809600,19.60143255833166,4762.876125996146,2084,20328448,3.8757732982868536,1053.3133555662187,1932,7913472,1.508763653493895,1498.605945652174,4016,28241920,5.384536951780749,1267.532798804781,0,0,0,0,8932,129306624,24.653291810118414,14040.495152485446,8932,129306624,24.653291810118414,14040.495152485446,
361,6505.342541002803,12836,89088000,16.98681504263547,3868.959738158305,19701,177418240,33.82914453203473,18237.498787015888,32537,266506240,50.8159595746702,12569.042345698743,10855,68685824,13.096639147124332,4363.277564532474,8520,34897920,6.6541454787703085,7381.577247300469,19375,103583744,19.750784625894642,5690.550508903226,1981,20402176,3.8901758955111396,1160.3176355376074,2007,8220672,1.5674730018652594,1808.5187463876432,3988,28622848,5.457648897376399,1486.5311835506518,0,0,0,0,9174,134299648,25.607526051399166,31913.69395378243,9174,134299648,25.607526051399166,31913.69395378243,
366,6341.914272256269,12504,85000192,16.208191742694176,3087.8423182981446,19214,173232128,33.03262593358542,19893.635643905487,31718,258232320,49.2408176762796,13268.386897345357,10573,65908736,12.567753148211834,2948.2448322141304,8375,34304000,6.541230042649562,6011.382200955224,18948,100212736,19.108983190861395,4302.148962634579,1931,19091456,3.640438594482341,3852.1945815639565,1975,8089600,1.5425587264755682,4960.6116141772145,3906,27181056,5.182997320957909,4412.646102150538,0,0,0,0,8864,130838528,24.948837164460294,36337.29483201715,8864,130838528,24.948837164460294,36337.29483201715,
371,6470.584252603383,12859,88870912,16.95021608233521,4238.170113850222,19495,175751168,33.5207573240927,14819.341207078738,32354,264622080,50.47097340642791,10613.886577424739,10820,68382720,13.0425338754015,4648.039051386322,8456,34635776,6.6060297364717036,7649.048057000946,19276,103018496,19.648563611873204,5964.522354534136,2039,20488192,3.907682206933711,2063.1912496321725,1912,7831552,1.4937001958531098,4055.6772771966525,3951,28319744,5.401382402786821,3027.4112660086053,0,0,0,0,9127,133283840,25.421027391767883,23717.349787224717,9127,133283840,25.421027391767883,23717.349787224717,
376,6565.73118058142,12968,89972736,17.160234911934047,7663.069452267118,19862,180195328,34.36812412276767,25461.811364716545,32830,270168064,51.528359034701715,18431.226986993603,10994,69640192,13.282268686729614,8889.240813989449,8484,34750464,6.627853637114107,14773.479821310702,19478,104390656,19.91012232384372,11452.228992350343,1974,20332544,3.877966225204435,834.027937183384,2048,8388608,1.5999344942019909,1393.2598842773436,4022,28721152,5.477900719406426,1118.788510939831,0,0,0,0,9330,137056256,26.140335991451572,40464.190597963556,9330,137056256,26.140335991451572,40464.190597963556,
381,6183.133917357611,12389,87916544,16.71288998302499,27359.630044071353,18630,167809024,31.900409509623127,36888.53187938809,31019,255725568,48.61329949264812,33082.68498433218,10421,67153920,12.765925795364085,27385.411659725556,8154,33398784,6.349091731344846,30554.395514348787,18575,100552704,19.11501752670893,28776.523064872137,1968,20762624,3.9469641876609054,27223.110625,1795,7352320,1.3976722660981111,27377.052083565457,3763,28114944,5.3446364537590165,27296.54270528833,0,0,0,0,8681,127057920,24.15364551218017,44804.86112187536,8681,127057920,24.15364551218017,44804.86112187536,
386,6850.351915337938,13486,92819456,17.701198016266865,13219.470757007268,20771,186630144,35.59142961092553,41308.049205334355,34257,279449600,53.292627627192395,30250.380146335054,11451,71708672,13.675251474815058,13271.36115238844,9028,36978688,7.052046056699054,16144.37378234382,20479,108687360,20.72729753151411,14537.905320718786,2035,21110784,4.025946541451808,12927.4820997543,2101,8605696,1.6411551578560823,15951.491531651594,4136,29716480,5.66710169930789,14463.614550531915,0,0,0,0,9642,141045760,26.898228396370396,70394.52393995022,9642,141045760,26.898228396370396,70394.52393995022,
391,6449.94535496183,12805,87814144,16.74803821093298,11707.505774853573,19447,174964736,33.36952284239998,25727.362914176992,32252,262778880,50.117561053332956,20161.064059252138,10754,68009984,12.970960700327963,13032.221677329366,8485,34754560,6.6284390232644395,19007.004418856806,19239,102764544,19.599399723592402,15667.287510369562,2051,19804160,3.7770775106050167,4761.628244271087,1956,8011776,1.5280172928114608,5436.824095603272,4007,27815936,5.305094803416478,5091.222226104317,0,0,0,0,9006,132198400,25.213066526324077,36465.81902809238,9006,132198400,25.213066526324077,36465.81902809238,
396,6503.213130170704,12716,87900160,16.765143253608606,4267.313597986788,19801,178667520,34.07714579321563,14897.475715923438,32517,266567680,50.842289046824234,10740.476561890702,10678,67198976,12.816819208700037,4377.017947087469,8572,35110912,6.696682570826327,7780.710048180121,19250,102309888,19.513501779526365,5892.677619324676,2038,20701184,3.9483240449085693,3692.5230976447497,1996,8175616,1.559330192646914,3071.0844764529056,4034,28876800,5.507654237555483,3385.038841844323,0,0,0,0,9233,135380992,25.821133029742388,24061.386927650816,9233,135380992,25.821133029742388,24061.386927650816,
401,6501.424381371587,12951,89575424,17.0831182374109,15491.149083622886,19560,177737728,33.896737376010385,31121.05920107362,32511,267313152,50.979855613421286,24894.767609578295,10951,69201920,13.197644273677678,16544.545515386722,8503,34828288,6.64217633969111,22658.143627308007,19454,104030208,19.83982061336879,19216.691333504677,2000,20373504,3.8854739637332214,9723.276921499999,2108,8634368,1.6466785515781324,10518.34578462998,4108,29007872,5.5321525153113535,10131.262599074977,0,0,0,0,8949,134275072,25.607882484741147,44015.314537490216,8949,134275072,25.607882484741147,44015.314537490216,
406,6542.968099340897,13037,88039424,16.789539598204613,3611.1495033366573,19683,178282496,33.99932541878915,13433.495070822537,32720,266321920,50.78886501699376,9519.866734535452,11036,68771840,13.11511909620617,4102.212621420805,8496,34799616,6.636453355650246,7591.911335216572,19532,103571456,19.75157245185642,5620.156522322342,2001,19267584,3.674420501998441,902.8173838080959,1966,8052736,1.5356953033437362,1555.5376607324515,3967,27320320,5.210115805342178,1226.2981159566423,0,0,0,0,9221,135430144,25.827176759795165,21348.27217590283,9221,135430144,25.827176759795165,21348.27217590283,
411,6533.495286364346,12813,90537984,17.26847323472577,993.7896434870834,19855,178696192,34.0830474941812,3637.0241359355323,32668,269234176,51.35152072890697,2600.2981792886007,10864,70873088,13.51775209828357,1024.8396325478645,8670,35512320,6.773328942502372,2365.819540369089,19534,106385408,20.291081040785944,1620.0221758472408,1949,19664896,3.750721136442202,820.7126393022062,1991,8155136,1.5554438205907986,921.7557312908086,3940,27820032,5.306164957033,871.7727398477157,0,0,0,0,9194,135028736,25.754274731088028,5423.781068414183,9194,135028736,25.754274731088028,5423.781068414183,
416,6454.588856889912,12513,88129536,16.808304347991303,6571.571567649645,19762,178204672,33.98767880963272,15448.115750733732,32275,266334208,50.79598315762403,12006.684383950425,10566,68648960,13.092916010054577,7014.698792163544,8629,35344384,6.740976864603875,11883.945105458337,19195,103993344,19.83389287465845,9203.639997551445,1947,19480576,3.715388337936728,4166.804102722137,1983,8122368,1.5491200744593212,4793.946659606657,3930,27602944,5.264508412396049,4483.247789821883,0,0,0,0,9150,134737920,25.697581870569525,21118.328407103825,9150,134737920,25.697581870569525,21118.328407103825,
421,6522.817294568257,12864,89583616,17.085716300270374,3642.979718983209,19752,180654080,34.45500971256115,3917.286352470636,32616,270237696,51.54072601283153,3809.0977170407164,10930,70205440,13.389839394021044,3578.6810960658736,8606,35250176,6.723043046962958,3845.5362561003953,19536,105455616,20.112882440984002,3696.2361486486484,1934,19378176,3.695876906249332,4006.3633531540845,1975,8089600,1.5428782265572671,3322.4653615189873,3909,27467776,5.2387551328066,3660.8277856229215,0,0,0,0,9171,137314304,26.189088439040923,4112.712455021263,9171,137314304,26.189088439040923,4112.712455021263,
426,6515.55929538793,12730,90468352,17.254301689738867,1325.9655927729773,19850,177958912,33.940673043604136,1241.7444180352645,32580,268427264,51.194974733343,1274.6522005524862,10724,69398528,13.235823494781801,1199.3731373554642,8678,35545088,6.779228961088147,1276.6971245678728,19402,104943616,20.015052455869945,1233.958105968457,2006,21069824,4.0184781949570665,2002.7240633100698,2046,8380416,1.5983293909179934,1353.4491671554254,4052,29450240,5.61680758587506,1674.881902023692,0,0,0,0,9126,134033408,25.563114691597995,1183.4639551829935,9126,134033408,25.563114691597995,1183.4639551829935,
431,6488.772803406816,12678,88457216,16.87128427222675,640.6464143398011,19767,177283072,33.81287858263188,2364.533218343704,32445,265740288,50.684162854858634,1690.918273015873,10678,68038656,12.976889379790634,601.3007633451957,8587,35172352,6.708358864864377,1522.0894604634914,19265,103211008,19.68524824465501,1011.7244613547886,2000,20418560,3.8943948924361154,850.712845,1981,8114176,1.5476020625709015,1216.1684583543665,3981,28532736,5.441996955007017,1032.568552122582,0,0,0,0,9199,133996544,25.556917655196603,3398.2298308511795,9199,133996544,25.556917655196603,3398.2298308511795,
436,6527.790224238912,12795,87748608,16.736180919437206,1601.519277061352,19845,179871744,34.30671002642793,4367.4369284454515,32640,267620352,51.04289094586514,3283.18704028799,10782,67710976,12.914428734501072,1476.7787348358374,8576,35127296,6.699784697058932,3306.329268656716,19358,102838272,19.614213431560003,2287.3079929228225,2013,20037632,3.821752184936135,2269.6526731246895,2057,8425472,1.6069796084246994,2526.987385026738,4070,28463104,5.428731793360835,2399.7110275184273,0,0,0,0,9212,136318976,25.9999457209443,5766.249781372124,9212,136318976,25.9999457209443,5766.249781372124,
441,6490.85272894484,12938,88682496,16.913417708716622,1548.76834804452,19519,176431104,33.64872543463396,4094.6909160305345,32457,265113600,50.56214314335058,3079.835994608251,10937,69001216,13.15982793963513,1583.995803693883,8476,34717696,6.62131672897705,2740.5873846153845,19413,103718912,19.78114466861218,2088.9806200484213,2001,19681280,3.7535897690814912,1356.22327936032,1981,8114176,1.5475257716025879,944.6336128218071,3982,27795456,5.301115540684079,1151.4620715720744,0,0,0,0,9062,133599232,25.47988293405432,6049.849275104833,9062,133599232,25.47988293405432,6049.849275104833,
446,6524.945061255494,12861,89300992,17.031625004009847,1716.073580281471,19766,180092928,34.3476051819239,7135.212686077102,32627,269393920,51.37923018593374,4999.0816277622835,10863,68440064,13.05299615594902,1972.8520906747674,8479,34729984,6.623756921796142,4220.980342847033,19342,103170048,19.67675307774516,2958.369588873953,1998,20860928,3.9786288480608265,319.9850125125125,1955,8007680,1.5272372664360723,853.4396716112532,3953,28868608,5.505866114496899,583.810931697445,0,0,0,0,9332,137355264,26.196610993691685,11099.062051864552,9332,137355264,26.196610993691685,11099.062051864552,
451,6457.807568958499,12583,86142976,16.429979166194812,10480.06868401812,19707,178442240,34.034142093827064,29952.779822753335,32290,264585216,50.46412126002188,22364.51335453701,10569,66068480,12.601187007309319,12251.148497019585,8685,35573760,6.784954070581614,18994.070820955672,19254,101642240,19.386141077890933,15292.712867196426,2014,20074496,3.8287921588854914,1185.856894736842,1973,8081408,1.5413603202369057,1473.5686604156108,3987,28155904,5.370152479122397,1328.2334469525958,0,0,0,0,9049,134787072,25.70782770300854,46680.13879102663,9049,134787072,25.70782770300854,46680.13879102663,
456,6446.137055632363,12670,89751552,17.116458619684582,2473.47125382794,19565,177819648,33.91186646843587,11928.912509736774,32235,267571200,51.028325088120454,8212.441570932217,10661,68947968,13.149020990559993,2787.110584091549,8481,34738176,6.6248943753899665,6549.635839641552,19142,103686144,19.77391536594996,4454.12430743914,2009,20803584,3.967437629124589,809.1064454952713,2060,8437760,1.6091595818067836,1559.2963936893204,4069,29241344,5.576597210931372,1188.902782010322,0,0,0,0,9024,134643712,25.67781251123912,19351.68008931738,9024,134643712,25.67781251123912,19351.68008931738,
461,6570.176055447916,12785,90152960,17.194203033732727,3260.354696206492,20068,185085952,35.300065992061825,15727.226075543154,32853,275238912,52.494269025794544,10875.646293336986,10883,71110656,13.562406127607172,3424.219002021501,8719,35713024,6.811279248119748,6700.009639178805,19602,106823680,20.373685375726918,4881.2957577288025,1902,19042304,3.631796906125554,2322.7441598317564,1969,8065024,1.5381819978836773,3254.5757973590657,3871,27107328,5.169978904009231,2796.7241376905195,0,0,0,0,9380,141307904,26.950604746058396,26736.4956391258,9380,141307904,26.950604746058396,26736.4956391258,
466,6539.7574107772625,12970,87162880,16.621841760307596,544.2692505011565,19735,173920256,33.16635446355361,745.6168060805676,32705,261083136,49.788196223861206,665.7673091881975,10944,67153920,12.806160510349766,477.8276580774854,8685,35573760,6.783867278584186,698.2608113989637,19629,102727680,19.590027788933952,575.3599794691528,2026,20008960,3.815681249957829,903.1719096742349,1995,8171520,1.5582976650288372,806.4208842105263,4021,28180480,5.373978914986666,855.169349166874,0,0,0,0,9055,130174976,24.82418951994059,777.6413977912755,9055,130174976,24.82418951994059,777.6413977912755,
471,6509.957507772265,12865,89747456,17.11680529335732,2526.582954139137,19687,176828416,33.72505140429597,53116.287765835325,32552,266575872,50.841856697653284,33122.53769203121,10872,69951488,13.341280671806688,1870.4504744297278,8614,35282944,6.729230103463099,4268.632466101695,19486,105234432,20.07051077526979,2930.593124345684,1993,19795968,3.7755246215506335,6105.846536377321,2007,8220672,1.5678621798990526,7869.7646457399105,4000,28016640,5.343386801449686,6990.89244775,0,0,0,0,9066,133324800,25.427959120933814,109545.08488186632,9066,133324800,25.427959120933814,109545.08488186632,
476,6482.622329473292,12838,88653824,16.908911574078708,2237.3500845926155,19576,176840704,33.728763089044264,6237.799095269718,32414,265494528,50.63767466312297,4653.367541031653,10807,68460544,13.057454631729417,2458.049544091792,8562,35069952,6.688879176550633,4541.427576150432,19369,103530496,19.74633380828005,3378.9996556352935,2031,20193280,3.85145694234929,1063.0029359921223,1965,8048640,1.535114176818733,1226.7844814249363,3996,28241920,5.386571119168023,1143.5411584084086,0,0,0,0,9049,133722112,25.504769735674902,8931.022287103548,9049,133722112,25.504769735674902,8931.022287103548,
481,6124.481169917145,12146,84553728,16.017711001176693,8114.095480569735,18686,172081152,32.59875379457614,8119.043223696885,30832,256634880,48.61646479575283,8117.094103042294,10252,65290240,12.368469377452719,7861.574954155287,8053,32985088,6.248637634669182,8774.43787321495,18305,98275328,18.617107012121902,8263.17479502868,1894,19263488,3.6492416237239738,9480.95949155227,1956,8011776,1.5177368947489034,7697.768413599182,3850,27275264,5.166978518472877,8575.005790649351,0,0,0,0,8677,131084288,24.832379265158053,7605.746049095309,8677,131084288,24.832379265158053,7605.746049095309,
486,6918.662419088318,13719,96002048,18.310044101680155,7477.341628471463,20876,189464576,36.1357368362197,15380.794596905536,34595,285466624,54.445780937899855,12246.599734239051,11578,73973760,14.108686597676577,8127.002773708758,9034,37003264,7.057468146368228,11773.551862630064,20612,110977024,21.166154744044803,9725.242850815059,2141,22028288,4.201357504003578,3964.134370387669,2143,8777728,1.6741370641650557,3270.4092515165657,4284,30806016,5.875494568168635,3617.109876984127,0,0,0,0,9699,143683584,27.404131625686414,21416.508243324053,9699,143683584,27.404131625686414,21416.508243324053,
491,6471.9269545451325,12850,89145344,17.001356950684457,938.1468179766537,19513,173350912,33.06062437359252,2667.8237888587096,32363,262496256,50.06198132427697,1981.041071686803,10907,70492160,13.443914405498965,947.4974387090859,8449,34607104,6.600094875773432,1891.1620492365962,19356,105099264,20.0440092812724,1359.4122090307915,1943,18653184,3.55744254518549,885.6572552753474,2028,8306688,1.5842102506886637,709.9212810650888,3971,26959872,5.141652795874154,795.9084374213044,0,0,0,0,9036,130437120,24.87631924713042,3833.454745462594,9036,130437120,24.87631924713042,3833.454745462594,
496,6516.9753864686945,13005,91324416,17.417615155284555,2520.9515637831605,19582,178360320,34.01731485185083,8417.34895638852,32587,269684736,51.434930007135385,6064.182107926474,11013,71446528,13.626455918264645,2846.279134386634,8525,34918400,6.659722335791211,5380.220109794721,19538,106364928,20.286178254055855,3951.911584757908,1992,19877888,3.7911592370199116,722.3408534136546,1983,8122368,1.5491178172286184,1383.5665960665658,3975,28000256,5.3402770542485305,1052.2051672955974,0,0,0,0,9074,135319552,25.808474698830995,12807.861832488428,9074,135319552,25.808474698830995,12807.861832488428,
501,6496.737283638377,12796,87711744,16.729011008907023,1443.945894185683,19689,177291264,33.814257612287825,6159.743597998882,32485,265003008,50.54326862119485,4302.167873264584,10815,67358720,12.847136734915287,1179.4743581137311,8434,34545664,6.5887960609471286,2600.496825231207,19249,101904384,19.435932795862417,1802.0990912255181,1981,20353024,3.8818742739917336,2887.7922660272593,2020,8273920,1.5780611860461466,3158.2153504950497,4001,28626944,5.45993546003788,3024.3217913021745,0,0,0,0,9235,134471680,25.64740036529455,10066.811745425013,9235,134471680,25.64740036529455,10066.811745425013,
506,6438.087487844397,12681,88879104,16.950467817995925,1332.652002838893,19513,178393088,34.02201598586002,3776.7885487111157,32194,267272192,50.972483803855944,2814.0596073491956,10764,69607424,13.275093326836387,1508.5699241917503,8405,34426880,6.56567961704483,2760.014035574063,19169,104034304,19.840772943881216,2057.2885718086495,1917,19271680,3.675374491159539,344.868744913928,2014,8249344,1.5732633847386421,562.0249856007945,3931,27521024,5.248637875898181,456.12610150089034,0,0,0,0,9094,135716864,25.88307298407655,5428.484567956894,9094,135716864,25.88307298407655,5428.484567956894,
511,6535.796981227324,12794,89432064,17.056238823181218,185.40622033765828,19888,178163712,33.97889622111905,266.77589828037003,32682,267595776,51.03513504430027,234.92216657487302,10726,67694592,12.910527573083996,157.48349776244638,8744,35815424,6.8306197796966455,258.8490570677036,19470,103510016,19.74114735278064,203.00689019003596,2068,21737472,4.145711250097221,330.23171470019344,2002,8200192,1.5639182066505815,260.6642862137862,4070,29937664,5.709629456747802,296.0120606879607,0,0,0,0,9142,134148096,25.584358234771827,275.6960193611901,9142,134148096,25.584358234771827,275.6960193611901,
516,6525.231582814742,12986,90632192,17.285742790047777,3130.1033331279837,19642,175788032,33.5270133014182,9420.44570827818,32628,266420224,50.81275609146598,6916.878646745126,10937,69488640,13.253157971399673,3346.7028475816037,8657,35459072,6.762899413993927,5892.652958068615,19594,104947712,20.016057385393598,4471.551786363172,2049,21143552,4.032584818648106,1973.954533918985,2028,8306688,1.5842855506040987,2187.916750986193,4077,29450240,5.616870369252204,2080.384599215109,0,0,0,0,8957,132022272,25.179828336820172,14467.634562130177,8957,132022272,25.179828336820172,14467.634562130177,
521,6480.1205344337595,12729,88121344,16.807087667453,241.3801682771624,19673,178556928,34.05556254937616,349.28889284806587,32402,266678272,50.86265021682916,306.89736902043086,10746,67911680,12.9525663998499,189.70052233389168,8560,35061760,6.687211603300069,314.83186635514016,19306,102973440,19.63977800314997,245.18194286750233,1983,20209664,3.8545212676031007,521.4353751891074,1992,8159232,1.5561828871231003,636.1450993975903,3975,28368896,5.410704154726201,578.9200973584906,0,0,0,0,9121,135335936,25.812168058952988,318.97802598399295,9121,135335936,25.812168058952988,318.97802598399295,
526,6500.138729355322,12887,91279360,17.40892085726742,2991.8391659812214,19616,177266688,33.80853833793222,8168.857434084421,32503,268546048,51.217459195199645,6116.239693535982,10953,70311936,13.409985884489682,3019.7437712042365,8498,34807808,6.638591404310458,5492.628196869852,19451,105119744,20.04857728880014,4100.12893645571,1934,20967424,3.99893497277774,2833.8044498448808,2012,8241152,1.5717634626350485,2910.845214214712,3946,29208576,5.570698435412789,2873.086258743031,0,0,0,0,9106,134217728,25.59818347098671,11828.171803096859,9106,134217728,25.59818347098671,11828.171803096859,
531,6496.089656802818,12750,88199168,16.821334739028767,4183.630128627451,19733,174772224,33.33253759251467,28313.617033953276,32483,262971392,50.15387233154344,18842.283319613336,10753,68423680,13.049756040285866,4115.861945689575,8598,35217408,6.716659828457221,6757.103464875553,19351,103641088,19.766415868743085,5289.413420133326,1997,19775488,3.7715786987429007,4548.533118678017,1982,8118272,1.5483158618285893,5411.893582744703,3979,27893760,5.31989456057149,4978.586006282985,0,0,0,0,9153,131436544,25.067561902228864,53522.19559259259,9153,131436544,25.067561902228864,53522.19559259259,
536,6560.098791640381,13014,90324992,17.22523349306978,642.2972677885355,19792,179847168,34.29736768609232,1908.498404456346,32806,270172160,51.5226011791621,1406.2018247881485,10932,69005312,13.15950973416228,627.1190310098792,8523,34910208,6.657476195421446,1268.53421729438,19455,103915520,19.816985929583723,908.1152598817785,2082,21319680,4.065723758907501,721.9939462055715,1978,8101888,1.5450531402726293,618.8715813953489,4060,29421568,5.61077689918013,671.7535428571429,0,0,0,0,9291,136835072,26.094838350398245,2770.1168118609407,9291,136835072,26.094838350398245,2770.1168118609407,
541,6535.249014834961,12969,89255936,17.023825445155975,191.76156064461406,19708,179007488,34.14217995638803,307.7746150801705,32677,268263424,51.166005401544005,261.7308135385745,10990,69644288,13.283286863566934,164.544334121929,8449,34607104,6.600628754353762,295.3371101905551,19439,104251392,19.883915617920696,221.39232861772723,1979,19611648,3.7405385815890417,342.9072501263264,1987,8138752,1.5523078867204314,317.9862642174132,3966,27750400,5.292846468309473,330.42162254160365,0,0,0,0,9272,136261632,25.989243315313836,316.9197759922347,9272,136261632,25.989243315313836,316.9197759922347,
546,6505.312232369545,12887,89780224,17.122408500483694,2345.601082563824,19643,175960064,33.55817084594548,14016.866210202108,32530,265740288,50.68057934642918,9393.208242176453,10910,68755456,13.11267617542403,2628.2419849679195,8562,35069952,6.688355380315771,4924.940303784163,19472,103825408,19.8010315557398,3638.1192962715695,1977,21024768,4.009732325059666,785.8579135053111,1986,8134656,1.5513984799471061,815.673832326284,3963,29159424,5.561130805006772,800.7997289931869,0,0,0,0,9095,132755456,25.318416985682607,25458.60757064321,9095,132755456,25.318416985682607,25458.60757064321,
551,6533.9160333956215,12646,86806528,16.55631170607073,304.1708846275502,20025,186998784,35.665637457129854,301.17911465667913,32671,273805312,52.221949163200584,302.3371423586667,10688,67141632,12.805693459439974,147.87467383982033,8611,35270656,6.727051389655784,274.78416444083155,19299,102412288,19.53274484909576,204.50028260531636,1958,19664896,3.750618246630754,1157.3342660878448,1955,8007680,1.5272773739144188,451.983325831202,3913,27672576,5.277895620545173,804.9291834909277,0,0,0,0,9459,143720448,27.411308693559654,294.0393201184057,9459,143720448,27.411308693559654,294.0393201184057,
556,6510.828497334604,12672,87441408,16.677173413826743,444.4174921875,19884,178216960,33.99024804363883,471.43971731040034,32556,265658368,50.66742145746557,460.9216672809927,10692,67825664,12.935980633293848,217.75010961466518,8714,35692544,6.807424073828286,366.05310603626344,19406,103518208,19.743404707122135,284.3435503452541,1980,19615744,3.741192780532897,1668.421358080808,1996,8175616,1.559286028386649,1192.6290305611224,3976,27791360,5.300478808919546,1429.567865694165,0,0,0,0,9174,134348800,25.62353794142389,414.63189753651625,9174,134348800,25.62353794142389,414.63189753651625,
561,6495.5220589317105,12930,89538560,17.077920078621393,194.63313139984533,19548,174571520,33.296475468931554,289.8492978821363,32478,264110080,50.37439554755294,251.94225210912,10945,70168576,13.383433159508833,152.91195267245317,8532,34947072,6.66554501879221,278.15387365213314,19477,105115648,20.04897817830104,207.77482014683986,1985,19369984,3.69448691911256,424.6776156171284,1998,8183808,1.5609187702234923,306.7641886886887,3983,27553792,5.255405689336053,365.52847501883,0,0,0,0,9018,131440640,25.07001167991585,297.16681925038813,9018,131440640,25.07001167991585,297.16681925038813,
566,6551.689803555788,12978,88416256,16.86069072604571,1460.9987971952535,19787,177520640,33.85260521017423,16108.227365694647,32765,265936896,50.71329593621994,10306.556913627346,10935,68481024,13.059107210634588,266.7578447187929,8471,34697216,6.616645563806783,665.3404661787274,19406,103178240,19.67575277444137,440.7449304854169,2043,19935232,3.8015835154111217,7853.081428291728,2069,8474624,1.6160830682937355,7416.950897051716,4112,28409856,5.4176665837048565,7633.63734533074,0,0,0,0,9247,134348800,25.61987657807372,32199.818794203526,9247,134348800,25.61987657807372,32199.818794203526,
571,6482.924240722505,12886,87040000,16.59983218661233,1559.1397497283874,19532,177381376,33.8292862434557,3337.480334579152,32418,264421376,50.42911843006803,2630.5984548707506,10920,68374528,13.040046997229158,1776.2762095238097,8613,35278848,6.728204923449035,3021.885821664925,19533,103653376,19.768251920678193,2325.522899196232,1966,18665472,3.559785189383171,353.07151932858596,1970,8069120,1.538902089770649,439.5693680203046,3936,26734592,5.09868727915382,396.36439583333333,0,0,0,0,8949,134033408,25.562179230236012,4279.160985361493,8949,134033408,25.562179230236012,4279.160985361493,
576,6437.8490054018575,12699,87220224,16.635547326545893,172.4798266792661,19491,175931392,33.555462983460096,252.6514635472782,32190,263151616,50.19101031000599,221.02364072693385,10807,68870144,13.135629414320592,149.2556826131211,8402,34414592,6.563908548776116,244.00511937633897,19209,103284736,19.699537963096706,190.69900437295018,1892,18350080,3.4999179122253032,305.13486099365747,1942,7954432,1.517151916415522,261.5597796086509,3834,26304512,5.0170698286408255,283.0631844027126,0,0,0,0,9147,133562368,25.47440251826846,258.70225986662297,9147,133562368,25.47440251826846,258.70225986662297,
581,6484.8404355668135,12742,89300992,17.03029252080358,1222.9666489562078,19687,178188288,33.98169046566912,4735.059833595774,32429,267489280,51.0119829864727,3355.08846973388,10738,68624384,13.087125992732005,1309.9456919351835,8686,35577856,6.784933530671494,2619.08861731522,19424,104202240,19.8720595234035,1895.3665861820427,2004,20676608,3.943166528071575,756.9082839321356,1898,7774208,1.4825931201029812,766.1117038988409,3902,28450816,5.425759648174556,761.3849859046643,0,0,0,0,9103,134836224,25.714163814894647,7581.6367351422605,9103,134836224,25.714163814894647,7581.6367351422605,
586,6474.412506193351,12750,88227840,16.82763768507475,585.8034316078431,19623,177930240,33.93651722561036,5403.651615909901,32373,266158080,50.764154910685114,3506.1578912056343,10735,66449408,12.673851725393114,485.26441723334887,8557,35049472,6.68496265882937,634.2384720112188,19292,101498880,19.358814384222484,551.3421171470039,2015,21778432,4.153785959681636,1121.4293965260545,2031,8318976,1.5866728012250149,1373.5073914327918,4046,30097408,5.740458760906652,1247.9668180919427,0,0,0,0,9035,134561792,25.664881765555975,10826.683291864969,9035,134561792,25.664881765555975,10826.683291864969,
591,6450.524771399906,12779,89661440,17.101363057063484,289.7645190546991,19474,179027968,34.14647677012932,572.0283470268049,32253,268689408,51.2478398271928,460.19225557312495,10801,68648960,13.09359729723088,159.6084383853347,8463,34664448,6.611641642390509,269.89174181732244,19264,103313408,19.70523893962139,208.05775301079734,1978,21012480,4.007765759832602,1000.4904175935288,1925,7884800,1.5038887110482961,805.8161885714285,3903,28897280,5.511654470880899,904.4750727645401,0,0,0,0,9086,136478720,26.030946416690508,803.9170213515299,9086,136478720,26.030946416690508,803.9170213515299,
596,6519.608048867166,13063,90783744,17.313521888406466,811.6212855393095,19539,177217536,33.79745704853791,843.4659941143354,32602,268001280,51.11097893694438,830.7064263542114,11006,69955584,13.341348147089606,146.9549568417227,8474,34709504,6.619508413750063,272.64982133585085,19480,104665088,19.96085656083967,201.63351339835728,2057,20828160,3.97217374131686,4367.925424404472,1970,8069120,1.5388755693990588,5457.740103045685,4027,28897280,5.511049310715919,4901.0604919294765,0,0,0,0,9095,134438912,25.639073065388786,375.84381198460693,9095,134438912,25.639073065388786,375.84381198460693,
