5,3967.5305467499297,7873,53604352,10.223524423428193,289.513399085482,11966,109944832,20.96888840633144,616.6602740264082,19839,163549184,31.192412829759633,486.833803619134,6604,41668608,7.947116524760068,281.88655360387645,5053,20697088,3.9473881647117492,574.2594173758164,11657,62365696,11.894504689471818,408.6224273826885,1269,11935744,2.276407898668125,329.20424822695037,1258,5152768,0.9827457572149971,565.4343290937996,2527,17088512,3.2591536558831224,446.8051353383459,0,0,0,0,5655,84094976,16.038754484404695,665.9429915119363,5655,84094976,16.038754484404695,665.9429915119363,
10,4034.744528852871,7964,54697984,10.432151959088685,309.407341160221,12211,111521792,21.26974699641363,690.8278463680288,20175,166219776,31.70189895550232,540.2636380173483,6709,42528768,8.11120516633352,302.1296188701744,5344,21889024,4.174735664922116,671.716088510479,12053,64417792,12.285940831255635,465.995054343317,1255,12169216,2.3209467927551657,348.3127107569721,1217,4984832,0.9507210524345462,587.9611142152835,2472,17154048,3.271667845189712,466.29495469255664,0,0,0,0,5650,84647936,16.14429027905697,731.0618369911504,5650,84647936,16.14429027905697,731.0618369911504,
15,3941.0733370558055,7728,54435840,10.382478815436855,369.8633126293996,11978,110075904,20.99463774913845,566.7991418433795,19706,164511744,31.377116564575307,489.567837257688,6402,41553920,7.925526529917749,348.5936641674476,5204,21315584,4.065494338264363,530.3615397770945,11606,62869504,11.991020868182114,430.0963373255213,1326,12881920,2.456952285519105,472.55433031674204,1216,4980736,0.9499694687412502,574.5065871710526,2542,17862656,3.4069217542603556,521.3245680566483,0,0,0,0,5558,83779584,15.979173942132839,599.2296973731559,5558,83779584,15.979173942132839,599.2296973731559,
20,3990.45603711564,7801,52707328,10.052762328504027,276.0355831303679,12152,107921408,20.583632408410327,524.585004443713,19953,160628736,30.636394736914355,427.4099412619656,6601,41066496,7.832529927384315,259.1734156945917,5420,22200320,4.234222242810991,510.9107046125461,12021,63266816,12.066752170195306,372.6761281091424,1200,11640832,2.2202324011197114,368.79155583333335,1200,4915200,0.9374661792201455,498.6946858333333,2400,16556032,3.157698580339857,433.74312083333336,0,0,0,0,5532,80805888,15.411943986379192,543.5985777295733,5532,80805888,15.411943986379192,543.5985777295733,
25,4011.3438011431276,7958,53506048,10.202782326805005,3016.3910540336765,12104,108298240,20.650812579095486,3154.9729119299404,20062,161804288,30.85359490590049,3100.001601734623,6743,41558016,7.924475961705855,3032.7484985911315,5178,21209088,4.044247637464313,3125.037679219776,11921,62767104,11.968723599170168,3072.8351840449627,1215,11948032,2.27830636509915,2925.610602469136,1287,5271552,1.0052040767509791,3254.735762237762,2502,17219584,3.2835104418501295,3094.9087961630694,0,0,0,0,5639,81817600,15.601360864880194,3159.6918065259797,5639,81817600,15.601360864880194,3159.6918065259797,
30,3969.8556372546595,7882,54386688,10.372537740437227,3619.10086209084,11969,106827776,20.374013918387057,3838.465360681761,19851,161214464,30.746551658824284,3751.3649134552415,6656,42668032,8.137575360907862,3557.8317418870192,5241,21467136,4.094176103150438,3698.512442282007,11897,64135168,12.2317514640583,3619.8059833571488,1226,11718656,2.234962379529365,3951.73321451876,1241,5083136,0.9694471558881307,3794.32501369863,2467,16801792,3.2044095354174957,3872.5505727604377,0,0,0,0,5487,80277504,15.310390659348489,3982.127000182249,5487,80277504,15.310390659348489,3982.127000182249,
35,4001.212357544796,7978,55009280,10.491695477252222,451.7212169716721,12029,110034944,20.986515807960064,6299.828892426636,20007,165044224,31.478211285212286,3967.8349385715,6755,42741760,8.151961452354946,394.5564771280533,5229,21417984,4.084964679862387,990.1023847772041,11984,64159744,12.236926132217334,654.412080524032,1223,12267520,2.339734024897275,767.4594161896974,1166,4775936,0.9108947823139307,948.6917281303603,2389,17043456,3.2506288072112057,855.9135290916702,0,0,0,0,5634,83841024,15.990656345783746,12335.325137025204,5634,83841024,15.990656345783746,12335.325137025204,
40,4007.916114492111,7888,54870016,10.464883759725438,364.37379221602436,12153,110096384,20.99773145548373,520.1671296799144,20041,164966400,31.462615215209166,458.8479417194751,6696,42745856,8.152547545274311,251.83223402031064,5167,21164032,4.036432844617896,477.1142055351268,11863,63909888,12.188980389892206,349.9551326814465,1192,12124160,2.312336214451127,996.5703305369128,1260,5160960,0.9843052804758176,710.6399698412699,2452,17285120,3.2966414949269445,849.6403735725938,0,0,0,0,5726,83771392,15.976993330390016,517.1036788333915,5726,83771392,15.976993330390016,517.1036788333915,
45,4020.842628311364,8011,55885824,10.658427681079392,286.99369030083636,12095,106999808,20.406779999475003,502.7144492765606,20106,162885632,31.065207680554394,416.7630417288372,6766,43159552,8.231299653733036,277.24930963641737,5305,21729280,4.144162917628714,490.7427992459944,12071,64888832,12.37546257136175,371.07608143484384,1245,12726272,2.427128027346355,339.94989879518073,1247,5107712,0.9741321693276166,482.430202085004,2492,17833984,3.4012601966739715,411.2472255216693,0,0,0,0,5543,80162816,15.288484912518673,518.7353873353779,5543,80162816,15.288484912518673,518.7353873353779,
50,3972.866354710665,7845,53735424,10.24835808263986,358.4468432122371,12021,109064192,20.800596895072154,704.6557209882704,19866,162799616,31.048954977712015,567.9392885835096,6650,41844736,7.980579782929249,327.153907518797,5243,21475328,4.095749784837319,659.6633040244135,11893,63320064,12.07632956776657,473.7398627764231,1195,11890688,2.2677782997106117,532.5874476987448,1238,5070848,0.9671062814473778,692.8588400646204,2433,16961536,3.23488458115799,614.1394344430744,0,0,0,0,5540,82518016,15.737740828787457,749.8722879061372,5540,82518016,15.737740828787457,749.8722879061372,
55,3985.854855095452,7808,52690944,10.04963404257634,448.3123997182377,12122,110714880,21.116418545618664,736.0239254248474,19930,163405824,31.166052588195004,623.3068359759156,6598,40984576,7.816902847482809,239.34800848742043,5224,21397504,4.081101386693004,637.2509301301684,11822,62382080,11.898004234175813,415.17653688039246,1210,11706368,2.232731195093531,1587.7727743801654,1254,5136384,0.979651825978757,1173.2982822966508,2464,16842752,3.212383021072288,1376.8348632305194,0,0,0,0,5644,84180992,16.0556653329469,730.2918354004253,5644,84180992,16.0556653329469,730.2918354004253,
60,4004.5404144776207,7932,54956032,10.48135181942728,306.5555467725668,12092,107692032,20.53929358547977,516.82130714522,20024,162648064,31.02064540490705,433.5298563224131,6700,42561536,8.11744255464477,301.9670259701493,5292,21676032,4.134107015607749,494.6524019274376,11992,64237568,12.251549570252518,386.9979640593729,1232,12394496,2.363909264782511,331.5093530844156,1239,5074944,0.9679060076224492,483.5982736077482,2471,17469440,3.33181527240496,407.7692367462566,0,0,0,0,5561,80941056,15.43728056224957,545.3199917281065,5561,80941056,15.43728056224957,545.3199917281065,
65,4015.0961447509385,7948,55709696,10.624977170852668,310.83708832410673,12129,110649344,21.103090456099846,541.6714828922417,20077,166359040,31.728067626952516,450.2897142999452,6736,44011520,8.393896015058594,303.3538080463183,5205,21319680,4.06609853498185,525.2259335254563,11941,65331200,12.459994550040443,400.0663457834352,1212,11698176,2.2310811557940755,352.42733250825086,1253,5132288,0.978832173742989,510.8185634477254,2465,16830464,3.2099133295370645,432.9401975659229,0,0,0,0,5671,84197376,16.058159747375008,563.5825730911656,5671,84197376,16.058159747375008,563.5825730911656,
70,3997.3983480424145,7876,55451648,10.57602898375709,254.5331753428136,12112,109731840,20.92863173842905,508.4943695508586,19988,165183488,31.50466072218614,408.42440929557733,6670,43069440,8.214429366539061,234.81372818590702,5292,21676032,4.134166448666164,506.1758469387755,11962,64745472,12.348595815205226,354.8645835980605,1206,12382208,2.3615996172180296,363.59512603648426,1175,4812800,0.9179224446679408,472.743215319149,2381,17195008,3.2795220618859706,417.45863082738344,0,0,0,0,5645,83243008,15.876542845094946,518.109467493357,5645,83243008,15.876542845094946,518.109467493357,
75,3970.4897737225097,7757,52953088,10.099210918353316,294.1080449916205,12097,110379008,21.05148018469873,448.62172439447795,19854,163332096,31.150691103052043,388.25290143044225,6553,40894464,7.799390610213452,191.7311040744697,5177,21204992,4.04421526332883,405.48682499517093,11730,62099456,11.843605873542282,286.07154458653025,1204,12058624,2.299820308139864,851.3141029900332,1225,5017600,0.9569564801193388,716.1150702040816,2429,17076224,3.2567767882592027,783.1301527377522,0,0,0,0,5695,84156416,16.050308441250557,430.29512660228266,5695,84156416,16.050308441250557,430.29512660228266,
80,4065.1100178159454,8051,54153216,10.32816949622589,339.53474909949074,12276,111202304,21.208643344152232,709.6608640436624,20327,165355520,31.536812840378122,563.0634639641855,6812,42147840,8.038489079204629,330.6267320904286,5367,21983232,4.192669668424805,645.1222364449412,12179,64131072,12.231158747629435,469.2175336234502,1239,12005376,2.2896804170212604,388.5108684422922,1262,5169152,0.9858671737566804,639.0136545166403,2501,17174528,3.2755475907779408,514.9141135545782,0,0,0,0,5647,84049920,16.030106501970746,786.7877619975208,5647,84049920,16.030106501970746,786.7877619975208,
85,3956.664511937118,7849,54886400,10.468391530868809,157.1301951840999,11935,108605440,20.71413443589451,391.0331240050272,19784,163491840,31.182525966763322,298.23570749090175,6668,42463232,8.098941417949025,150.87826154769047,5126,20996096,4.004550372181606,382.2340070230199,11794,63459328,12.103491790130631,251.43189486179415,1181,12423168,2.3694501129197834,192.42900423370025,1221,5001216,0.9538735865067772,360.6970696150696,2402,17424384,3.3233236994265605,277.9641032472939,0,0,0,0,5588,82608128,15.75571047720613,405.73330225483176,5588,82608128,15.75571047720613,405.73330225483176,
90,3967.7067279651756,7838,55021568,10.492169089216798,425.9608351620311,12005,111382528,21.239749426269068,462.3059037900874,19843,166404096,31.731918515485862,447.94957420752905,6568,41500672,7.913843312137615,192.74812073690623,5201,21303296,4.0623666666430855,404.19624533743513,11769,62803968,11.9762099787807,286.19205786387965,1270,13520896,2.578325777079182,1632.056196062992,1182,4841472,0.9232296481392284,854.9338705583756,2452,18362368,3.50155542521841,1257.440132137031,0,0,0,0,5622,85237760,16.254153111486755,433.51580718605476,5622,85237760,16.254153111486755,433.51580718605476,
95,4017.3271634481302,7915,54906880,10.472466377901089,220.46423095388505,12172,109637632,20.91133961486598,512.1156100065724,20087,164544512,31.38380599276707,397.19448364613925,6717,43659264,8.32719277299871,207.727771475361,5362,21962752,4.188986551160435,470.10238903394253,12079,65622016,12.516179324159145,324.1987292822254,1198,11247616,2.145273604902379,291.875581803005,1210,4956160,0.9452953612279237,480.093420661157,2408,16203776,3.0905689661303026,386.45348255813957,0,0,0,0,5600,82718720,15.77705770247762,559.2623492857143,5600,82718720,15.77705770247762,559.2623492857143,
100,4018.5850979666925,7880,54661120,10.424704942998398,284.5257129441624,12215,111271936,21.221246495428584,554.7123006958658,20095,165933056,31.64595143842698,448.76204881811395,6680,42123264,8.033545570160772,278.8785332335329,5305,21729280,4.144103388730348,528.8776968897266,11985,63852544,12.17764895889112,389.537320317063,1200,12537856,2.391159372837624,315.96168,1226,5021696,0.9577136200911228,496.10180424143556,2426,17559552,3.348872992928747,406.9970436933223,0,0,0,0,5684,84520960,16.119429486607114,591.4661785714285,5684,84520960,16.119429486607114,591.4661785714285,
105,4023.0065801764713,7901,53460992,10.193344404690627,6249.20427629414,12221,108449792,20.67799416204365,6581.565097782505,20122,161910784,30.871338566734277,6451.062024003579,6664,41451520,7.903512517274681,6066.823573079232,5284,21643264,4.12669566613433,6275.6120444738835,11948,63094784,12.03020818340901,6159.160222129227,1237,12009472,2.289831887415945,7231.730554567502,1206,4939776,0.9418612742918246,7408.239534825871,2443,16949248,3.2316931617077698,7318.865155546459,0,0,0,0,5731,81866752,15.609437221617496,6689.693969289827,5731,81866752,15.609437221617496,6689.693969289827,
110,3971.951796704176,7801,55869440,10.655584143202477,378.4458905268555,12060,108085248,20.61433683070579,839.3610552238806,19861,163954688,31.269920973908263,658.3228799154122,6546,43278336,8.254171705064323,379.5343854262145,5228,21413888,4.0841197874386035,895.2972555470543,11774,64692224,12.338291492502925,608.5481687616783,1255,12591104,2.4014124381381534,372.76837051792825,1292,5292032,1.0093119291068622,686.7967894736842,2547,17883136,3.4107243672450154,532.0635088339222,0,0,0,0,5540,81379328,15.520905114160323,822.1550220216607,5540,81379328,15.520905114160323,822.1550220216607,
115,4018.5847123612048,7897,54591488,10.411942201020466,12676.340461441054,12197,108425216,20.679360894598794,12854.200356809051,20094,163016704,31.09130309561926,12784.300904548621,6641,42205184,8.049568760452797,12527.638491341666,5426,22224896,4.238835412870427,13107.613510320678,12067,64430080,12.288404173323224,12788.42778884561,1256,12386304,2.362373440567669,13462.59028901274,1282,5251072,1.0015088461665844,13944.250536661466,2538,17637376,3.363882286734253,13705.88754570528,0,0,0,0,5489,80949248,15.439016635561783,12349.105785571142,5489,80949248,15.439016635561783,12349.105785571142,
120,3995.8495224400467,7923,54296576,10.355341728834826,318.0255188691152,12058,108204032,20.63647121685498,747.9548000497595,19981,162500608,30.991812945689805,577.4763607927532,6669,41811968,7.974300570907205,311.8169773579247,5284,21643264,4.127762952260352,716.6297072293717,11953,63455232,12.102063523167557,490.770417050113,1254,12484608,2.3810411579276214,351.0436714513557,1222,5005312,0.9546037713213759,667.9274705400982,2476,17489920,3.3356449292489976,507.43785662358647,0,0,0,0,5552,81555456,15.554104493273252,795.3818870677234,5552,81555456,15.554104493273252,795.3818870677234,
125,3996.963736133129,8040,54185984,10.333511291404758,333.4353497512438,11948,109518848,20.88573776623935,734.2070132239705,19988,163704832,31.21924905764411,573.0000803482089,6774,41721856,7.956545922915478,329.6461855624446,5124,20987904,4.0024878567660425,709.6871660811867,11898,62709760,11.959033779681521,493.3148680450496,1266,12464128,2.3769653684892793,353.7100718799368,1254,5136384,0.9795315715036333,646.2303444976077,2520,17600512,3.3564969399929128,499.27373134920634,0,0,0,0,5570,83394560,15.903718337969677,776.5701082585279,5570,83394560,15.903718337969677,776.5701082585279,
130,4055.6603717002854,8054,56356864,10.748318666447899,464.74707549043956,12226,109432832,20.870908482556036,477.491169965647,20280,165789696,31.619227149003933,472.4299797830375,6849,43827200,8.358675029507415,316.7103712950796,5336,21856256,4.1684009306029495,412.49619284107945,12185,65683456,12.527075960110365,358.6564643414034,1205,12529664,2.3896436369404843,1306.1606746887967,1240,5079040,0.9686688819242237,962.4025217741935,2445,17608704,3.358312518864708,1131.8211615541923,0,0,0,0,5650,82497536,15.733838670028863,432.45101451327434,5650,82497536,15.733838670028863,432.45101451327434,
135,4058.8736066758884,8079,56999936,10.871536460354625,241.21849709122415,12216,110972928,21.165747148633795,516.1142004747871,20295,167972864,32.03728360898842,406.68417398373987,6786,43905024,8.37395798494835,234.7646840554082,5264,21561344,4.1123719407377655,481.5800341945289,12050,65466368,12.486329925686116,342.58509925311205,1293,13094912,2.497578475406276,275.089784996133,1235,5058560,0.9648137057012045,469.6884493927126,2528,18153472,3.4623921811074805,370.1567749208861,0,0,0,0,5717,84353024,16.08856150219482,557.9409721882106,5717,84353024,16.08856150219482,557.9409721882106,
140,3991.2039648331,7875,53805056,10.261995963596656,246.43114577777777,12082,106528768,20.317752057035765,520.4504345307068,19957,160333824,30.57974802063242,412.3228653104174,6701,42549248,8.11522640604766,235.31801014773913,5318,21782528,4.154483445067525,500.43625723956376,12019,64331776,12.269709851115184,352.6238457442383,1174,11255808,2.146769557548996,309.86310647359454,1274,5218304,0.9952636158360337,488.09032810047097,2448,16474112,3.1420331733850295,402.6169791666667,0,0,0,0,5490,79527936,15.168004996132206,547.3470047358834,5490,79527936,15.168004996132206,547.3470047358834,
145,3957.464346078502,7765,53342208,10.173355892750614,3099.7584230521575,12024,107257856,20.456077509603592,3708.3806765635395,19789,160600064,30.629433402354206,3469.5635661225933,6553,41451520,7.905579485113738,3095.067587364566,5253,21516288,4.1035582050694135,3700.089158576052,11806,62967808,12.009137690183152,3364.2678510926644,1212,11890688,2.267776407636876,3125.1206724422445,1191,4878336,0.9303898386136821,3477.375875734677,2403,16769024,3.198166246250558,3299.709081564711,0,0,0,0,5580,80863232,15.422129465920497,3765.4921571684586,5580,80863232,15.422129465920497,3765.4921571684586,
150,4035.5845587040994,8018,55537664,10.592403270314453,233.94456684958843,12161,108601344,20.712956730519757,614.8056399967109,20179,164139008,31.30536000083421,463.4728641161604,6788,43360256,8.269871009628202,228.2049944018857,5322,21798912,4.157590545365699,579.977551296505,12110,65159168,12.4274615549939,382.7990115606936,1230,12177408,2.32253226068625,265.6195406504065,1242,5087232,0.9702607022443064,561.8127834138486,2472,17264640,3.2927929629305566,414.4350776699029,0,0,0,0,5597,81715200,15.585105482909752,659.6818622476327,5597,81715200,15.585105482909752,659.6818622476327,
155,3972.3874306725515,7850,54624256,10.416619234702418,218.18826764331212,12016,110657536,21.101933506652706,381.1466021138482,19866,165281792,31.518552741355126,316.7540255713279,6603,42319872,8.070224200130877,208.53023716492504,5192,21266432,4.05542044590394,374.2336088212635,11795,63586304,12.125644646034818,281.47062763882997,1247,12304384,2.3463950345715405,269.32858460304726,1208,4947968,0.9435569912657858,361.80812417218544,2455,17252352,3.289952025837326,314.8337918533605,0,0,0,0,5616,84443136,16.102956069482982,391.69737535612535,5616,84443136,16.102956069482982,391.69737535612535,
160,3998.5442762869657,7843,54218752,10.341262134170897,326.1134074971312,12150,109424640,20.87080289449086,537.673764691358,19993,163643392,31.21206502866176,454.6813232631421,6595,41693184,7.952232927681919,317.80042729340414,5322,21798912,4.157754557532486,513.0097842916197,11917,63492096,12.109987485214406,404.97876059410925,1248,12525568,2.389029206488978,370.0429783653846,1210,4956160,0.9452993263085885,505.55274545454546,2458,17481728,3.3343285327975667,436.75039015459726,0,0,0,0,5618,82669568,15.767749010649787,567.9564519401922,5618,82669568,15.767749010649787,567.9564519401922,
165,3963.097320904132,7811,54923264,10.475509842110602,233.71348047625145,12005,106414080,20.296349145949247,296.5838382340691,19816,161337344,30.77185898805985,271.80182549454986,6596,42684416,8.141195321398657,165.93107883565798,5185,21237760,4.050676301837831,283.2454646094503,11781,63922176,12.191871623236487,217.56295136236312,1215,12238848,2.334314520711946,601.6910288065843,1220,4997120,0.9531003063147837,331.37522295081965,2435,17235968,3.2874148270267294,466.25559425051335,0,0,0,0,5600,80179200,15.292572537796632,301.3541914285714,5600,80179200,15.292572537796632,301.3541914285714,
170,4005.882005006167,7865,53362688,10.176809051069139,193.56316007628735,12167,112775168,21.5073751614282,331.77894559053175,20032,166137856,31.68418421249734,277.5124143869808,6680,41828352,7.977093493208324,174.9540276946108,5294,21684224,4.135402756859074,314.88572742727615,11974,63512576,12.112496250067398,236.82127492901287,1185,11534336,2.1997155578608147,298.4652734177215,1290,5283840,1.0076821980257282,391.87422635658913,2475,16818176,3.207397755886543,347.15115191919193,0,0,0,0,5583,85807104,16.364290206543398,333.91216872649113,5583,85807104,16.364290206543398,333.91216872649113,
175,4038.4168715254937,7927,52510720,10.015170846053712,235.454237542576,12266,110702592,21.113886307043188,530.3592773520301,20193,163213312,31.129057153096902,414.5908303372456,6683,41222144,7.862143478524537,230.1515795301511,5320,21790720,4.1560615367399185,506.60836334586463,12003,63012864,12.018205015264455,352.6834540531534,1244,11288576,2.153027367529176,263.94110530546624,1243,5091328,0.9710497161969396,446.85702091713597,2487,16379904,3.124077083726115,355.3622887012465,0,0,0,0,5703,83820544,15.986775054106332,570.7149089952657,5703,83820544,15.986775054106332,570.7149089952657,
180,4030.639305505151,7829,54550528,10.402724214664415,207.93475130923488,12328,112476160,21.449076958603758,386.8956775632706,20157,167026688,31.85180117326817,317.3870655851565,6597,42033152,8.01567471774187,186.76774806730333,5320,21790720,4.155465747260451,365.327915037594,11917,63823872,12.17114046500232,266.4807704959302,1232,12517376,2.3870494969225446,321.2778685064935,1190,4874240,0.9295120750451009,413.75236554621847,2422,17391616,3.316561571967646,366.7133150289017,0,0,0,0,5818,85811200,16.364099136298204,401.1241130972843,5818,85811200,16.364099136298204,401.1241130972843,
185,3973.298081861065,7786,54382592,10.371346112519298,221.4706037760082,12083,110657536,21.103584136161885,427.26802549035835,19869,165040128,31.474930248681186,346.6228634053047,6541,42000384,8.009925663762363,210.7501909493961,5207,21327872,4.0674549377033955,412.4780547340119,11748,63328256,12.077380601465759,300.16089802519576,1245,12382208,2.361420448756936,277.79367228915663,1268,5193728,0.9904998772821022,387.5663170347003,2513,17575936,3.3519203260390382,333.182336649423,0,0,0,0,5608,84135936,16.04562932117639,449.9772166547789,5608,84135936,16.04562932117639,449.9772166547789,
190,3995.330792347078,7929,56188928,10.715929032010411,483.2611406230294,12050,109404160,20.86473716613195,877.873352614108,19979,165593088,31.58066619814236,721.2649022974123,6719,44560384,8.498220727455989,344.6464031849978,5185,21237760,4.050305586162267,804.5835814850531,11904,65798144,12.548526313618256,544.9802631888441,1210,11628544,2.2177083045544217,1252.973885123967,1260,5160960,0.9842594095592009,1127.8861499999998,2470,16789504,3.2019677141136227,1189.163947368421,0,0,0,0,5605,83005440,15.83017217041048,889.468595896521,5605,83005440,15.83017217041048,889.468595896521,
195,4045.630019512166,7919,54579200,10.40817532443955,452.9517649955802,12313,108904448,20.767922365943623,1553.106748720864,20232,163483648,31.176097690383173,1122.4954737050216,6654,42303488,8.067214615445529,318.658061767358,5333,21843968,4.1656134337888275,893.8338261766361,11987,64147456,12.232828049234357,574.5529772253274,1265,12275712,2.340960708994021,1159.3472600790515,1284,5259264,1.0029341175670081,950.3509867601246,2549,17534976,3.3438948265610295,1054.07020439388,0,0,0,0,5696,81801216,15.599374814587787,2306.2389281952246,5696,81801216,15.599374814587787,2306.2389281952246,
200,4007.1981750595946,7926,56020992,10.68461811279798,231.82722028766085,12111,111972352,21.355955644480392,486.33821302947734,20037,167993344,32.04057375727837,385.6617580476119,6690,42848256,8.172244649994857,213.57613153961134,5262,21553152,4.110730460593914,461.3147947548461,11952,64401408,12.28297511058877,322.64581408969207,1236,13172736,2.512373462803122,330.61345307443366,1209,4952064,0.9444836805127408,439.3922580645161,2445,18124800,3.456857143315863,384.40223640081797,0,0,0,0,5640,85467136,16.30074150337374,519.7479446808511,5640,85467136,16.30074150337374,519.7479446808511,
205,3967.1987995456825,7796,55250944,10.537746817632398,178.27480900461774,12041,110596096,21.093461474007885,440.6890012457437,19837,165847040,31.63120829164028,337.55944321217925,6597,43728896,8.34020201831444,170.32171259663485,5197,21286912,4.059950345558275,426.9920540696556,11794,65015808,12.400152363872714,283.42293055791083,1199,11522048,2.1975447993179578,222.03342201834863,1217,4984832,0.9507330326235175,412.27278142974524,2416,16506880,3.1482778319414755,317.8617748344371,0,0,0,0,5627,84324352,16.082778095826093,459.4850869024347,5627,84324352,16.082778095826093,459.4850869024347,
210,3978.0394026622666,7818,53669888,10.23579090626172,135.37853875671527,12074,109719552,20.92544692101295,201.96817939373864,19892,163389440,31.16123782727467,175.79696430725917,6575,41820160,7.975839514075568,125.96283452471482,5172,21184512,4.040258762663941,193.01848375870068,11747,63004672,12.016098276739507,155.4862718140802,1243,11849728,2.2599513921861525,185.18405390185038,1240,5079040,0.9686621936781297,208.17603790322582,2483,16928768,3.228613585864282,196.66615626258556,0,0,0,0,5662,83456000,15.91652596467088,208.7838066054398,5662,83456000,15.91652596467088,208.7838066054398,
215,3983.4537780103838,7797,54816768,10.45351048969856,184.5297833782224,12124,111366144,21.237427834148857,320.3032852193995,19921,166182912,31.69093832384742,267.1620777571407,6573,42491904,8.103169530010675,174.06494416552565,5334,21848064,4.166407005309132,308.52752943382075,11907,64339968,12.269576535319807,234.3003880070547,1224,12324864,2.3503409596878853,240.7269959150327,1207,4943872,0.9427921363719766,309.6927332228666,2431,17268736,3.293133096059862,274.96872562731386,0,0,0,0,5583,84574208,16.128228692467747,333.84776267239835,5583,84574208,16.128228692467747,333.84776267239835,
220,3998.718591069846,7785,53182464,10.142528932827753,223.98553140655105,12211,109752320,20.93107384127539,265.11006993694207,19996,162934784,31.07360277410314,249.09914112822565,6613,41652224,7.943574916660922,142.13088129442008,5232,21430272,4.087007961841867,247.17056097094803,11845,63082496,12.03058287850279,188.5274709159983,1172,11530240,2.19895401616683,685.8496962457338,1215,4976640,0.9491044865515804,384.3104913580247,2387,16506880,3.1480585027184107,532.3640934227063,0,0,0,0,5764,83345408,15.89496139288194,256.26742574600974,5764,83345408,15.89496139288194,256.26742574600974,
225,4011.8719370358976,7910,54005760,10.300452449257367,282.27540000000005,12150,112361472,21.43056591490543,584.0770760493826,20060,166367232,31.731018364162797,465.07152981056834,6726,42811392,8.165364353404474,222.71972940826643,5299,21704704,4.139711606265816,557.4970571806001,12025,64516096,12.30507595967029,370.2444745114345,1184,11194368,2.135088095852892,620.5958733108108,1157,4739072,0.9038773973295998,591.5160821089023,2341,15933440,3.038965493182492,606.2236740709099,0,0,0,0,5694,85917696,16.38697691131001,607.3016264488936,5694,85917696,16.38697691131001,607.3016264488936,
230,3984.0501256119446,7829,54222848,10.341798456020602,233.34914024779667,12092,109244416,20.835934931298194,527.7773390671518,19921,163467264,31.177733387318796,412.06636228100996,6637,42008576,8.012198592306035,224.94971598613833,5174,21192704,4.042035444285435,481.75773927328953,11811,63201280,12.05423403659147,337.4486333079333,1192,12214272,2.329599863714567,280.11673993288593,1233,5050368,0.9632450140711136,469.4906204379562,2425,17264640,3.2928448777856802,376.40457278350516,0,0,0,0,5685,83001344,15.830654472941644,582.3020415127529,5685,83001344,15.830654472941644,582.3020415127529,
235,3939.2486233417517,7775,53215232,10.149609972817887,325.63905903536977,11922,109252608,20.8374805114664,353.98981580271766,19697,162467840,30.987090484284288,342.7989169924354,6495,41091072,7.837198833690659,139.7498534257121,5141,21057536,4.016251914274688,312.3105732347792,11636,62148608,11.853450747965347,215.990370831901,1280,12124160,2.312411139127228,1268.8815515625,1212,4964352,0.9468386150750676,570.2718143564357,2492,17088512,3.2592497542022953,929.1082764847513,0,0,0,0,5569,83230720,15.874389982116645,345.3956703178309,5569,83230720,15.874389982116645,345.3956703178309,
240,3936.636064286555,7780,55181312,10.523492476027632,388.90052904884317,11906,108044288,20.604860787756596,492.2828602385352,19686,163225600,31.12835326378423,451.42567560703037,6594,42745856,8.15195720604397,203.53713451622687,5127,21000192,4.004895035970433,375.8662960795787,11721,63746048,12.156852242014404,278.917359013736,1186,12435456,2.371535269983662,1419.4959957841484,1173,4804608,0.9162749906755057,1345.8651568627452,2359,17240064,3.2878102606591675,1382.883459092836,0,0,0,0,5606,82239488,15.68369076111066,420.1486630396004,5606,82239488,15.68369076111066,420.1486630396004,
245,4021.1718089548885,7830,55377920,10.561900639599644,295.3046486590038,12277,108969984,20.78319560768557,592.3827460291602,20107,164347904,31.345096247285216,476.69559715521956,6582,42053632,8.020638599613132,284.29873852932235,5282,21635072,4.126328341595068,563.6321310109807,11864,63688704,12.1469669412082,408.6614306304788,1248,13324288,2.541262039986512,353.3502419871795,1340,5488640,1.0468155959366512,551.5237507462687,2588,18812928,3.588077635923163,455.959400309119,0,0,0,0,5655,81846272,15.610051670153853,628.9188737400531,5655,81846272,15.610051670153853,628.9188737400531,
250,3974.9511410289037,7921,54239232,10.344664853636441,244.79252468122712,11955,106688512,20.3479448302876,468.43346273525725,19876,160927744,30.692609683924037,379.3078906721674,6694,41918464,7.99481197040593,238.57172318494173,5153,21106688,4.025529224496948,452.14127614981567,11847,63025152,12.020341194902878,331.46645657128386,1227,12320768,2.34985288323051,278.7306218418908,1284,5259264,1.003062201485364,449.2067172897196,2511,17580032,3.3529150847158737,365.90358343289523,0,0,0,0,5518,80322560,15.319353404305286,488.12189670170346,5518,80322560,15.319353404305286,488.12189670170346,
255,3996.457203084114,8063,56004608,10.6811150752182,261.74012675182934,11921,109989888,20.977106934457275,356.7046442412549,19984,165994496,31.658222009675477,318.3890465372298,6804,43241472,8.246948866311602,203.4660787771899,5057,20713472,3.9504424000130505,339.70666145936326,11861,63954944,12.197391266324653,261.55297082876655,1259,12763136,2.4341662089065976,576.6699301032565,1223,5009408,0.9553868015060235,368.7019092395748,2482,17772544,3.3895530104126212,474.19414867042707,0,0,0,0,5641,84267008,16.071277732938203,369.341790817231,5641,84267008,16.071277732938203,369.341790817231,
260,4015.4556821135116,7908,54976512,10.485560642659166,14761.313634673748,12170,109469696,20.87893709847332,15392.050787181593,20078,164446208,31.364497741132485,15143.626173075007,6678,41861120,7.984088047085136,14591.1761753519,5303,21721088,4.142819854568735,15374.027144635113,11981,63582208,12.12690790165387,14937.679696769887,1230,13115392,2.5014725955740316,15685.03554796748,1201,4919296,0.9382475288208657,16414.930544546212,2431,18034688,3.4397201243948974,16045.629497326203,0,0,0,0,5666,82829312,15.797869715083719,15192.103873632193,5666,82829312,15.797869715083719,15192.103873632193,
265,3968.660726201671,7840,53932032,10.28635776673235,135.0983244897959,12004,107757568,20.552403746274372,234.02851391202933,19844,161689600,30.83876151300672,194.94301274944567,6665,41955328,8.002062930404758,130.46400870217553,5253,21516288,4.1037622350303815,226.94899219493624,11918,63471616,12.105825165435139,172.9909107232757,1175,11976704,2.284294836327591,161.38574127659575,1156,4734976,0.9030933073853266,224.63437024221452,2331,16711680,3.1873881437129175,192.7522857142857,0,0,0,0,5595,81506304,15.545548203858663,242.61624539767652,5595,81506304,15.545548203858663,242.61624539767652,
270,3980.306766753955,7776,52338688,9.981575599122278,177.316985468107,12128,107855872,20.56932608202284,294.790975841029,19904,160194560,30.550901681145117,248.89679632234729,6634,40960000,7.811532007452088,169.43446819415135,5355,21934080,4.183075389990593,283.0972311858077,11989,62894080,11.994607397442682,220.20301401284513,1142,11378688,2.1700435916701903,223.1073704028021,1193,4886528,0.9319157684890341,291.2062154233026,2335,16265216,3.101959360159224,257.9004847965739,0,0,0,0,5580,81035264,15.454334923543211,306.77961774193545,5580,81035264,15.454334923543211,306.77961774193545,
275,4023.33573282506,7935,55386112,10.56336865991829,941.6429921865155,12183,105660416,20.15180135714038,1139.752368956743,20118,161046528,30.71517001705867,1061.6134930907645,6766,43491328,8.294767669798285,918.8635190659178,5377,22024192,4.200505345687076,1108.7216827227078,12143,65515520,12.495273015485362,1002.9339584946059,1169,11894784,2.2686009901200057,1073.487230966638,1253,5132288,0.9788419561364899,1211.144516360734,2422,17027072,3.2474429462564953,1144.702994219653,0,0,0,0,5553,78503936,14.972454055316813,1153.6903554835224,5553,78503936,14.972454055316813,1153.6903554835224,
280,4018.5432158922135,7877,54726656,10.437614288534487,4339.7697813888535,12217,110862336,21.14396140509501,4665.8453706310875,20094,165588992,31.581575693629492,4538.021273066587,6634,41725952,7.958085229945424,4357.101587428399,5256,21528576,4.105987628211755,4673.806601217656,11890,63254528,12.064072858157179,4497.101717998318,1243,13000704,2.479529058589062,4247.2684127111825,1282,5251072,1.0014985044458657,4888.43610374415,2525,18251776,3.4810275630349277,4572.80385029703,0,0,0,0,5679,84082688,16.036475272437386,4608.228616305688,5679,84082688,16.036475272437386,4608.228616305688,
285,4006.401727184923,7947,54505472,10.395579283176854,1971.5657080659369,12086,108052480,20.608355113113806,2015.8759484527554,20033,162557952,31.00393439629066,1998.2982775919734,6755,42868736,8.176157870123165,1918.8339745373798,5196,21282816,4.059174115532196,1910.374652617398,11951,64151552,12.23533198565536,1915.1560700359803,1192,11636736,2.219421413053689,2270.393610738255,1194,4890624,0.9327663383266825,2451.254653266332,2386,16527360,3.1521877513803718,2360.8999329421626,0,0,0,0,5696,81879040,15.616414659254927,2020.8518191713483,5696,81879040,15.616414659254927,2020.8518191713483,
290,3975.9645507720134,7833,54337536,10.362927548029768,234.0813587386697,12049,107339776,20.471195486481843,313.40285824549755,19882,161677312,30.83412303451161,282.152214163565,6675,42573824,8.119423257517067,144.97121003745318,5222,21389312,4.079240739922468,251.2468805055534,11897,63963136,12.198663997439535,191.61923484912163,1158,11763712,2.243504290512701,747.7344179620035,1291,5287936,1.0084833005055354,786.3021355538342,2449,17051648,3.2519875910182368,768.0655422621478,0,0,0,0,5536,80662528,15.38347144605384,261.7528489884393,5536,80662528,15.38347144605384,261.7528489884393,
295,3979.266642041172,7862,55066624,10.502773018467277,185.39501844314424,12035,108003328,20.599309651215798,413.7123341919402,19897,163069952,31.102082669683075,323.49618419862287,6650,41979904,8.006762917752985,181.05443067669174,5340,21872640,4.17173519180417,409.449563670412,11990,63852544,12.178498109557156,282.7750320266889,1212,13086720,2.4960101007142925,209.210949669967,1217,4984832,0.950749387345632,380.69319063270336,2429,18071552,3.4467594880599246,295.1285648414986,0,0,0,0,5478,81145856,15.476825072065996,425.20329664110994,5478,81145856,15.476825072065996,425.20329664110994,
300,3979.0553987393764,7878,54984704,10.487118891807201,169.7454539223153,12018,107347968,20.474255953254104,341.1760164752871,19896,162332672,30.961374845061307,273.29654463208686,6659,42405888,8.087987327687719,164.67334689893377,5218,21372928,4.076414360656285,319.0070866232273,11877,63778816,12.164401688344004,232.4777970026101,1219,12578816,2.399131564119481,197.45272272354387,1255,5140480,0.9804331204721421,312.66949243027886,2474,17719296,3.379564684591623,255.89938641875506,0,0,0,0,5545,80834560,15.417408472125677,368.48948151487826,5545,80834560,15.417408472125677,368.48948151487826,
305,4022.532989891677,7965,53886976,10.277442797735505,266.6509077212806,12149,109481984,20.880645222003064,578.5538853403572,20114,163368960,31.15808801973857,455.04253917669286,6730,41189376,7.855728547737021,251.4154029717682,5229,21417984,4.084885101045831,524.4765113788487,11959,62607360,11.940613648782852,370.8097115143407,1235,12697600,2.4217142499984847,349.6751562753036,1254,5136384,0.9796224740316452,493.64068341307814,2489,17833984,3.40133672403013,422.2074065889916,0,0,0,0,5666,82927616,15.81613764692559,647.253451817861,5666,82927616,15.81613764692559,647.253451817861,
310,3990.961100438517,7952,54128640,10.323083485410626,317.1853978873239,12005,109608960,20.90395112142174,696.0532111620158,19957,163737600,31.22703460683237,545.0907994187503,6704,41295872,7.875696382891405,307.8727938544153,5118,20963328,3.997997826585818,653.3318942946463,11822,62259200,11.873694209477224,457.42952503806464,1248,12832768,2.4473871025192198,367.210796474359,1229,5033984,0.9600506699636517,634.8019072416599,2477,17866752,3.4074377724828717,499.9800637868389,0,0,0,0,5658,83611648,15.945902624872273,748.0018771650759,5658,83611648,15.945902624872273,748.0018771650759,
315,4018.0890774365457,7964,56053760,10.691111113324826,626.0772148417881,12127,109797376,20.941609390119496,614.1651986476458,20091,165851136,31.632720503444325,618.8870789408193,6750,43442176,8.285708766380937,244.76225837037038,5377,22024192,4.200665287274212,456.3511738887856,12127,65466368,12.48637405365515,338.578832852313,1214,12611584,2.4054023469438905,2746.238628500824,1203,4927488,0.9398178055776227,1881.3957980049875,2417,17539072,3.345220152521513,2315.7852047993383,0,0,0,0,5547,82845696,15.801126297267661,492.3133147647377,5547,82845696,15.801126297267661,492.3133147647377,
320,3941.04312914287,7752,52826112,10.075380205536145,198.55958978328172,11954,106991616,20.406218992696726,292.64511577714575,19706,159817728,30.48159919823287,255.63349507764133,6526,41508864,7.91687237364529,165.2322821023598,5283,21639168,4.1271794700975,277.1079837213705,11809,63148032,12.04405184374279,215.2821873994411,1226,11317248,2.158507831890856,375.9609029363785,1174,4808704,0.917150993355,313.25807921635436,2400,16125952,3.0756588252458563,345.28877166666666,0,0,0,0,5497,80543744,15.361888529244226,303.17505020920504,5497,80543744,15.361888529244226,303.17505020920504,
325,4018.214446089665,7952,54689792,10.430768325894093,307.89399446680085,12140,108404736,20.67560773765077,664.8196364085667,20092,163094528,31.10637606354486,523.5558147521401,6665,41570304,7.928540124288432,301.7397110277569,5315,21770240,4.152152011094001,643.618422201317,11980,63340544,12.080692135382433,453.4162844741236,1287,13119488,2.5022282016056607,339.76524475524474,1182,4841472,0.9233948592875089,618.7028866328258,2469,17960960,3.4256230608931695,473.3028278655326,0,0,0,0,5643,81793024,15.600060867269258,694.4482828282828,5643,81793024,15.600060867269258,694.4482828282828,
330,3998.881642634219,7862,54706176,10.433544368839126,422.04781442381073,12134,110198784,21.017076796888876,932.0889232734465,19996,164904960,31.450621165728002,731.5516559311862,6573,41156608,7.849375098689393,422.79129803742586,5235,21442560,4.089518176914707,838.2677186246419,11808,62599168,11.9388932756041,606.9900668191057,1289,13549568,2.5841692701497325,418.25656710628397,1275,5222400,0.9960144556955589,823.6945992156864,2564,18771968,3.5801837258452913,619.8686930577223,0,0,0,0,5624,83533824,15.93154416427861,1043.9944655049787,5624,83533824,15.93154416427861,1043.9944655049787,
335,3994.7592286707213,7843,56176640,10.714197986001828,347.13183360958817,12132,110141440,21.006546397636832,1010.2380316518298,19975,166318080,31.72074438363866,749.8754829036295,6607,42971136,8.195599786448792,354.54445588012715,5270,21585920,4.116939364654002,972.9361335863377,11877,64557056,12.312539151102794,628.933960090932,1236,13205504,2.518598199553036,307.507889158576,1240,5079040,0.9686916152127063,698.6512483870968,2476,18284544,3.4872898147657425,503.39551655896605,0,0,0,0,5622,83476480,15.920915417770123,1113.928642475987,5622,83476480,15.920915417770123,1113.928642475987,
340,4015.675702789972,7770,55521280,10.589515972712098,268.9012877734878,12309,111521792,21.270435366214112,595.4586344950849,20079,167043072,31.85995133892621,469.09026037153245,6557,42373120,8.081781094629779,263.9762165624523,5384,22052864,4.206119807973584,554.9770726225854,11941,64425984,12.287900902603363,395.1837041286324,1213,13148160,2.507734878082319,295.52428194558945,1247,5107712,0.97418859594039,583.9093889334403,2460,18255872,3.4819234740227087,441.7097406504065,0,0,0,0,5678,84361216,16.090126962300136,636.3805503698485,5678,84361216,16.090126962300136,636.3805503698485,
345,4015.672474524767,7875,54263808,10.349155904215971,168.3113742222222,12205,108064768,20.61003775822237,290.00985546907003,20080,162328576,30.95919366243834,242.28198994023907,6747,42455040,8.096995844444335,146.799788943234,5336,21856256,4.168410016975877,289.0024285982009,12083,64311296,12.265405861420211,209.59820698502028,1128,11808768,2.252160059771637,296.9804042553192,1225,5017600,0.9569531991745595,274.2508808163265,2353,16826368,3.2091132589461964,285.1471419464513,0,0,0,0,5644,81190912,15.484674542071934,294.3827069454288,5644,81190912,15.484674542071934,294.3827069454288,
350,3990.1100820712786,7743,53428224,10.190395357402542,195.3428800206638,12208,110313472,21.040150855992433,251.85452563892528,19951,163741696,31.230546213394973,229.9223081048569,6501,41590784,7.932633736512222,132.56698246423628,5306,21733376,4.145219086658838,233.82529645684133,11807,63324160,12.07785282317106,178.07190446345388,1242,11837440,2.2577616208903213,523.930730273752,1196,4898816,0.9343539441469979,318.44381772575247,2438,16736256,3.192115565037319,423.12582977850695,0,0,0,0,5706,83681280,15.960577825186595,254.66249912372942,5706,83681280,15.960577825186595,254.66249912372942,
355,4019.8737831989806,7827,54988800,10.487951947187172,215.16836322984543,12273,110452736,21.06652604900181,375.4992759716451,20100,165441536,31.554477996188982,313.0659399502488,6631,42483712,8.102870584448816,201.25948031971046,5423,22212608,4.236585728833969,364.5169343536788,12054,64696320,12.339456313282785,274.70772764227644,1196,12505088,2.3850813627383567,292.28358277591974,1226,5021696,0.9577824273557894,357.2712079934747,2422,17526784,3.342863790094146,325.1798786127167,0,0,0,0,5624,83218432,15.87215789281205,390.0627272403983,5624,83218432,15.87215789281205,390.0627272403983,
360,4001.1801471544545,7979,53534720,10.210376470444078,144.07921932573007,12028,111063040,21.182429839027638,264.9657286331892,20007,164597760,31.392806309471716,216.75492952466638,6745,41988096,8.00815372597722,138.54631816160116,5259,21540864,4.108368007503092,257.4863223046206,12004,63528960,12.116521733480312,190.65440561479508,1234,11546624,2.20222274446686,174.3218598055105,1245,5099520,0.9726028083934872,249.5914562248996,2479,16646144,3.174825552860347,212.12365389269866,0,0,0,0,5524,84422656,16.101459023131056,275.55138522809557,5524,84422656,16.101459023131056,275.55138522809557,
365,3967.6392027656916,7800,55377920,10.561007277660556,345.4844769230769,12041,110833664,21.136856207560427,442.67615854164933,19841,166211584,31.69786348522098,404.4676450279724,6544,42889216,8.17931266304613,317.38084382640585,5167,21164032,4.036148269502374,429.5338575575769,11711,64053248,12.215460932548504,366.8637762787123,1256,12488704,2.3816946146144256,491.909775477707,1224,5013504,0.9561148600485592,448.7001993464052,2480,17502208,3.337809474662985,470.5837588709677,0,0,0,0,5650,84656128,16.144593078009496,453.3899361061947,5650,84656128,16.144593078009496,453.3899361061947,
370,4066.101707525854,8058,57069568,10.884357764806886,309.6030208488459,12274,110211072,21.019551738868792,473.2852125631416,20332,167280640,31.90390950367568,408.4145111646666,6816,44941312,8.571246206521291,298.0392460387324,5282,21635072,4.126259794280483,459.44770920106015,12098,66576384,12.697506000801775,368.5103571664738,1242,12128256,2.313111558285595,373.0641231884058,1243,5091328,0.9710225150114806,452.9874255832663,2485,17219584,3.2841340732970754,413.0418555331992,0,0,0,0,5749,83484672,15.92226942957683,490.3872897895286,5749,83484672,15.92226942957683,490.3872897895286,
375,3989.5754132354327,7868,54140928,10.32598121540905,164.73479499237416,12081,109367296,20.858982026981163,275.26957246916646,19949,163508224,31.18496324239021,231.67402235701036,6634,42020864,8.014392592592028,156.88354280976785,5239,21458944,4.09273835584264,272.0744634472228,11873,63479808,12.107130948434667,207.71191249052472,1234,12120064,2.3115886228170206,206.94322852512155,1281,5246976,1.0007249157920255,259.7853567525371,2515,17367040,3.312313538609046,233.85804612326044,0,0,0,0,5561,82661376,15.765518755346498,281.8465292213631,5561,82661376,15.765518755346498,281.8465292213631,
380,3999.477954836016,7870,53862400,10.272610330925456,364.62819517153747,12129,108453888,20.684271965189673,765.2746926374805,19999,162316288,30.95688229611513,607.6124127706385,6704,42078208,8.025135051680396,331.89862529832936,5333,21843968,4.166070790481023,735.6412964560285,12037,63922176,12.191205842161418,510.7770555786326,1166,11784192,2.2474752792450596,552.8091869639794,1260,5160960,0.9842957427350626,766.4845531746031,2426,16945152,3.2317710219801223,663.7865,0,0,0,0,5536,81448960,15.533905431973588,793.5460939306358,5536,81448960,15.533905431973588,793.5460939306358,
385,4014.1176096402437,7951,53649408,10.231073242103419,223.7617897119859,12123,109694976,20.919100053196797,398.549135857461,20074,163344384,31.150173295300217,329.31857945601274,6690,40632320,7.748682742530609,213.10972197309417,5321,21794816,4.156324684778767,388.78352095470774,12011,62427136,11.905007427309377,290.93507243360256,1261,13017088,2.48239049957281,280.2743457573354,1197,4902912,0.9349973027025341,358.25457894736843,2458,17920000,3.417387802275344,318.2492599674532,0,0,0,0,5605,82997248,15.827778065715497,416.4252146297948,5605,82997248,15.827778065715497,416.4252146297948,
390,4019.8924975194236,8023,54996992,10.489041388681164,314.6034889692135,12078,108257280,20.64685811445916,495.08662386156647,20101,163254272,31.135899503140326,423.04960126361874,6793,42889216,8.179843031271353,311.9223014868247,5308,21741568,4.146557808231147,498.54595987189145,12101,64630784,12.3264008395025,393.78317072969173,1230,12107776,2.30919835740981,329.41105528455284,1257,5148672,0.9819561350690565,494.1653214001591,2487,17256448,3.2911544924788667,412.6825118616807,0,0,0,0,5513,81367040,15.518344171158956,491.96598567023403,5513,81367040,15.518344171158956,491.96598567023403,
395,3960.6698773735866,7876,54136832,10.32492066579752,168.57065540883696,11929,105934848,20.203784760499452,287.6279637857322,19805,160071680,30.528705426296973,240.28156839182023,6649,41799680,7.971991782890497,162.1868596781471,5278,21618688,4.123093839303875,279.42107237589994,11927,63418368,12.095085622194372,214.06597216399766,1227,12337152,2.352928882907024,203.1638565607172,1187,4861952,0.927266462154926,276.409599831508,2414,17199104,3.2801953450619497,239.17988690969344,0,0,0,0,5464,79454208,15.153424459040654,297.9925631405564,5464,79454208,15.153424459040654,297.9925631405564,
400,4008.874193510059,7963,54992896,10.488733342570242,193.29700954414164,12082,107986944,20.596228649152533,502.13494082105615,20045,162979840,31.084961991722775,379.44716597655275,6738,42778624,8.159118950529095,181.8767018403087,5240,21463040,4.093621533969021,454.86823816793896,11978,64241664,12.252740484498116,301.3019523292703,1225,12214272,2.3296143920411487,256.11336326530613,1288,5275648,1.0062184228534539,426.54770652173914,2513,17489920,3.335832814894603,343.4668985276562,0,0,0,0,5554,81248256,15.496388692330056,564.2584337414477,5554,81248256,15.496388692330056,564.2584337414477,
405,3970.559953163847,7844,53829632,10.266049740399001,289.0501225140234,12011,108265472,20.647711667799907,499.73037831987347,19855,162095104,30.91376140819891,416.49814832535884,6599,41353216,7.88662594575166,283.07420048492196,5249,21499904,4.100326821439229,477.25975595351497,11848,62853120,11.986952767190889,369.103908507765,1245,12476416,2.3794237946473413,320.7249092369478,1259,5156864,0.9834847529418919,467.8577513899921,2504,17633280,3.362908547589233,394.70264416932906,0,0,0,0,5503,81608704,15.563900093418788,528.4557888424496,5503,81608704,15.563900093418788,528.4557888424496,
410,3925.994168762919,7636,52367360,9.987757613841373,226.35565924567837,11995,106287104,20.27159345495266,495.699041684035,19631,158654464,30.259351068794036,390.9307635372625,6442,40026112,7.633974767497684,220.42139304563798,5241,21467136,4.094316593988474,478.0404094638428,11683,61493248,11.728291361486157,335.98942052555,1194,12341248,2.3537828463436883,258.37286432160806,1221,5001216,0.9538562414157463,463.5619402129402,2415,17342464,3.307639087759435,362.1144219461697,0,0,0,0,5533,79818752,15.223420619548442,519.5176378095066,5533,79818752,15.223420619548442,519.5176378095066,
415,3956.7383211111332,7832,56000512,10.68054364224622,244.23884461184883,11953,108240896,20.643947212551097,639.9837794695892,19785,164241408,31.324490854797318,483.32599176143543,6619,43266048,8.251798017338123,237.58270071007703,5183,21229568,4.048950972627425,592.6246779857225,11802,64495616,12.300748989965548,393.5039486527707,1213,12734464,2.428745624908097,280.5595507007419,1245,5099520,0.9725919276328661,544.9325285140562,2458,17833984,3.4013375525409626,414.4669377542718,0,0,0,0,5525,81911808,15.622404312290808,705.8301198190046,5525,81911808,15.622404312290808,705.8301198190046,
420,4008.30715958957,7932,55541760,10.593504633245686,301.4510166414523,12110,109031424,20.795612082032957,581.5192303055326,20042,164573184,31.389116715278643,470.67694556431496,6707,43032576,8.207622395050086,291.8492548084091,5297,21696512,4.138185401349734,551.0020134038135,12004,64729088,12.345807796399821,406.2054829223592,1225,12509184,2.3858822381955993,354.0216424489796,1224,5013504,0.9562278518504955,509.1005612745098,2449,17522688,3.3421100900460945,431.5294401796652,0,0,0,0,5589,82321408,15.701198828832728,626.301865628914,5589,82321408,15.701198828832728,626.301865628914,
425,3964.7172441342027,7855,55410688,10.567463273969372,282.1361723742839,11971,108838912,20.756847583967634,575.9697015286944,19826,164249600,31.324310857937007,459.5537642994048,6663,43646976,8.323986446438322,275.91968212516883,5281,21630976,4.125278943659984,561.2840884302216,11944,65277952,12.449265390098306,402.0926082551909,1192,11763712,2.2434768275310497,316.8848926174497,1204,4931584,0.9405104806223481,535.4747973421927,2396,16695296,3.1839873081533976,426.72723205342237,0,0,0,0,5486,82276352,15.691058159685303,598.9938698505287,5486,82276352,15.691058159685303,598.9938698505287,
430,4007.357287192658,7863,53821440,10.265003281599244,306.1692594429607,12175,106770432,20.36361039128215,682.7774561806981,20038,160591872,30.628613672881396,534.9947308114582,6589,41369600,7.89014711903747,255.99777507967826,5285,21647360,4.12865619050624,634.3126997161779,11874,63016960,12.018803309543712,424.38200757958566,1274,12451840,2.3748561625617732,565.6511357927786,1268,5193728,0.9905650046474764,487.47044794952683,2542,17645568,3.3654211672092496,526.6530586152636,0,0,0,0,5622,79929344,15.244389196128436,772.3871189967983,5622,79929344,15.244389196128436,772.3871189967983,
435,3989.9098290197926,7898,55095296,10.507829555486182,221.15128247657634,12053,110415872,21.058624736245708,601.8015440139384,19951,165511168,31.56645429173189,451.1135701969826,6605,41746432,7.961920959743898,211.84248130204392,5191,21262336,4.0551738326168145,554.0970601040262,11796,63008768,12.017094792360712,362.4565469650729,1293,13348864,2.5459085957422842,268.7032018561485,1191,4878336,0.9304010854645783,511.6262628043661,2484,18227200,3.4763096812068626,385.17718156199675,0,0,0,0,5671,84275200,16.073049818164314,664.4065053782401,5671,84275200,16.073049818164314,664.4065053782401,
440,3987.9733722467968,7906,55042048,10.497840930795153,271.7960473058437,12035,109621248,20.90740562813445,470.8714290818446,19941,164663296,31.4052465589296,391.9440950303395,6631,42348544,8.076884758408326,266.94681993666114,5172,21184512,4.040395393218674,456.4590388631091,11803,63533056,12.117280151627,349.9898764720834,1275,12693504,2.420956172386827,297.0158329411765,1221,5001216,0.953852044686775,456.48949795249797,2496,17694720,3.374808217073602,375.0275897435898,0,0,0,0,5642,83435520,15.913158190228998,487.1956439205955,5642,83435520,15.913158190228998,487.1956439205955,
445,4017.317413858474,7993,55095296,10.50785460649127,271.94883272863757,12095,106074112,20.2306081885588,434.79575237701533,20088,161169408,30.73846279505007,369.9990862704102,6746,42418176,8.090055929285821,246.62643655499554,5347,21901312,4.177049927953967,422.8539612867028,12093,64319488,12.26710585723979,324.5466031588522,1247,12677120,2.417798677205448,408.9375132317562,1191,4878336,0.9304033035708201,423.9676666666667,2438,17555456,3.348201980776268,416.2799712879409,0,0,0,0,5557,79294464,15.12315495703401,448.6069827244916,5557,79294464,15.12315495703401,448.6069827244916,
450,3993.4245022874743,7923,56545280,10.784142227890452,309.36892805755394,12046,107999232,20.59728200817005,584.3964101776523,19969,164544512,31.381424236060504,475.2751351594972,6702,43155456,8.230476096563116,281.38924574753804,5217,21368832,4.075398044397283,567.4740962238834,11919,64524288,12.305874140960398,406.6098737310177,1221,13389824,2.553666131327337,462.94782309582314,1239,5074944,0.9678777414238515,552.9391388216304,2460,18464768,3.521543872751189,508.2727174796748,0,0,0,0,5590,81555456,15.554006222348917,607.1619327370304,5590,81555456,15.554006222348917,607.1619327370304,
455,3978.799295122988,7840,53710848,10.243499627152548,236.42582984693877,12056,108756992,20.74166110730988,382.74325846051755,19896,162467840,30.98516073446243,325.08701397265787,6674,42684416,8.140586411542493,224.24709724303264,5188,21250048,4.052716850885947,374.252366229761,11862,63934464,12.19330326242844,289.8538528915866,1166,11026432,2.1029132156100556,306.13497341337904,1236,5062656,0.9655277616991192,366.1359862459547,2402,16089088,3.0684409773091748,337.00976602830974,0,0,0,0,5632,82444288,15.723416494724814,394.2094050071023,5632,82444288,15.723416494724814,394.2094050071023,
460,3995.054480140561,7790,54153216,10.328530033293537,169.89670397946085,12186,108957696,20.78127429208391,400.7665952732644,19976,163110912,31.109804325377446,310.7347343812575,6642,41795584,7.971584635029669,166.230411321891,5347,21901312,4.177191595796123,392.7980220684496,11989,63696896,12.148776230825792,267.27778930686463,1148,12357632,2.356945398263868,191.10882578397212,1277,5230592,0.9976199116947164,363.4099545810493,2425,17588224,3.3545653099585846,281.84224494845364,0,0,0,0,5562,81825792,15.60646278459307,417.00399029126214,5562,81825792,15.60646278459307,417.00399029126214,
465,4001.3934608252166,7785,53735424,10.24817754131071,276.43497777777776,12224,112472064,21.450164426164402,517.5196713841623,20009,166207488,31.698341967475113,423.71966440101954,6553,41934848,7.997624946104051,270.5956197161605,5279,21622784,4.1237997744172,507.8532767569615,11832,63557632,12.12142472052125,376.4511954022989,1232,11800576,2.2505525952066585,307.4944853896104,1241,5083136,0.9694327562136285,466.87774939564866,2473,16883712,3.219985351420287,387.47613950667204,0,0,0,0,5704,85766144,16.356931895533574,537.4838232819075,5704,85766144,16.356931895533574,537.4838232819075,
470,4052.406632751632,8014,55402496,10.56459779802885,181.40315510356874,12253,111403008,21.243230142746462,310.8397581816698,20267,166805504,31.807827940775308,259.65779059554944,6781,42655744,8.13394362477247,163.87458044536206,5238,21454848,4.0911846270941234,300.1115259641084,12019,64110592,12.225128251866593,223.24799925118563,1233,12746752,2.4306541732563787,277.8032076236821,1290,5283840,1.0075655152637302,291.6158775193798,2523,18030592,3.438219688520109,284.8655715418153,0,0,0,0,5725,84664320,16.144480000388608,324.98705711790393,5725,84664320,16.144480000388608,324.98705711790393,
475,4044.6739752393446,7981,55345152,10.555921096499292,244.8706010524997,12243,111030272,21.176683922647,438.5694882790166,20224,166375424,31.73260501914629,362.1300688291139,6734,42541056,8.11380968829497,222.79135328185328,5360,21954560,4.187369529102738,413.9719731343284,12094,64495616,12.301179217397708,307.52164288076733,1247,12804096,2.4421114082043207,364.1020801924619,1252,5128192,0.9780945243351918,515.9250383386582,2499,17932288,3.420205932539513,440.1654429771909,0,0,0,0,5631,83947520,16.01121986920907,444.7839319836619,5631,83947520,16.01121986920907,444.7839319836619,
480,3984.372659664785,7957,55463936,10.578302673206073,194.45265351263038,11966,106668032,20.344151703392107,461.8282568109644,19923,162131968,30.922454376598182,355.04174496812726,6711,42668032,8.13781692244204,188.17935285352405,5114,20946944,3.995084548465834,452.96787446226045,11825,63614976,12.132901470907873,302.6933908668076,1246,12795904,2.440485750764033,228.24087239165328,1224,5013504,0.9561954414005046,399.2575326797385,2470,17809408,3.3966811921645377,312.9875898785425,0,0,0,0,5628,80707584,15.39287171352577,483.4875605899076,5628,80707584,15.39287171352577,483.4875605899076,
485,4014.2117045687314,7928,53682176,10.238582236775304,156.9572805247225,12144,108728320,20.737308520921747,292.59017448945986,20072,162410496,30.97589075769705,239.01815459346352,6710,42172416,8.043372707907716,150.60233815201192,5306,21733376,4.145118064117943,282.36636298529965,12016,63905792,12.18849077202566,208.78641902463383,1218,11509760,2.1952095288675877,191.9668563218391,1279,5238784,0.9991718816447134,281.72982251759186,2497,16748544,3.194381410512301,237.94476331597917,0,0,0,0,5559,81756160,15.593018575159093,304.8474031300594,5559,81756160,15.593018575159093,304.8474031300594,
490,4040.7133381463113,8046,56127488,10.703649816705479,165.93994705443697,12161,112291840,21.41432968875288,264.26613091028696,20207,168419328,32.11797950545836,225.1147242044836,6769,43270144,8.251722736895328,142.62343817402865,5239,21458944,4.092273326258484,258.4851061271235,12008,64729088,12.343996063153812,193.17301165889407,1277,12857344,2.451927079810151,289.5338770555991,1230,5038080,0.960774230062595,251.4446512195122,2507,17895424,3.412701309872746,270.8463031511767,0,0,0,0,5692,85794816,16.3612821324318,272.3576995783556,5692,85794816,16.3612821324318,272.3576995783556,
495,3989.4028907840916,7747,54382592,10.372143781045638,134.86535549244869,12201,110821376,21.136455685770187,212.016479141054,19948,165203968,31.508599466815827,182.05408918187288,6530,42291200,8.066007723077217,127.63118177641654,5373,22007808,4.197448861607156,203.8891747627024,11903,64299008,12.263456584684373,162.0539488364278,1217,12091392,2.3061360579684207,173.68142317173377,1257,5148672,0.9819827320007808,207.23536992840096,2474,17240064,3.2881187899692015,190.7296491511722,0,0,0,0,5571,83664896,15.95702409216225,220.93370418237302,5571,83664896,15.95702409216225,220.93370418237302,
500,3943.057229783824,7853,53833728,10.267596980848516,140.5808380236852,11863,105525248,20.126615005523877,230.2889872713479,19716,159358976,30.394211986372397,194.55769816392777,6633,41762816,7.96533659109271,128.13235202774007,5129,21008384,4.006886168665605,224.74119243517256,11762,62771200,11.972222759758314,170.26011452133991,1220,12070912,2.3022603897558076,208.26182786885246,1216,4980736,0.9499656036454232,226.10593914473685,2436,17051648,3.2522259934012308,217.16923316912974,0,0,0,0,5518,79536128,15.169763233212851,236.36749873142443,5518,79536128,15.169763233212851,236.36749873142443,
505,4032.192184040588,7975,55996416,10.67991831555395,172.52436789968652,12187,107438080,20.49113140348037,222.16783769590546,20162,163434496,31.17104971903432,202.53155798035908,6799,44650496,8.515967343855872,139.07248124724225,5390,22077440,4.2107204828348905,213.49226270871984,12189,66727936,12.726687826690762,171.98105636229386,1176,11345920,2.163950971698079,365.9251989795918,1171,4796416,0.9147966021149643,240.0821904355252,2347,16142336,3.0787475738130436,303.13774137196424,0,0,0,0,5626,80564224,15.365614318530513,226.75078154994668,5626,80564224,15.365614318530513,226.75078154994668,
510,3979.495901249412,7845,55635968,10.61090790261735,139.3704087954111,12054,109170688,20.821065179154843,227.56920457939273,19899,164806656,31.431973081772195,192.79763048394392,6654,43147264,8.229058664961435,135.4834798617373,5223,21393408,4.080156959093752,219.468748420448,11877,64540672,12.309215624055186,172.4166328197356,1191,12488704,2.3818492376559157,161.08629890848027,1238,5070848,0.9671135966605522,228.19139337641357,2429,17559552,3.3489628343164677,195.2880720461095,0,0,0,0,5593,82706432,15.77379462340054,234.99606186304308,5593,82706432,15.77379462340054,234.99606186304308,
515,4040.082951524745,7875,55521280,10.589536952053333,141.71813053968256,12326,114176000,21.77671283943096,214.35011293201364,20201,169697280,32.36624979148429,186.03582842433542,6619,42856448,8.173981935030175,130.16058981719294,5305,21729280,4.144411178948206,206.66931196983975,11924,64585728,12.31839311397838,164.19939986581684,1256,12664832,2.415555017023158,202.62526592356687,1222,5005312,0.9546598417859958,215.43128477905074,2478,17670144,3.370214858809154,208.94042130750603,0,0,0,0,5799,87441408,16.67764181869676,221.1487777202966,5799,87441408,16.67764181869676,221.1487777202966,
520,4036.9848916822375,7993,55902208,10.661931885356648,152.20567246340548,12193,109842432,20.949664959672422,237.36221528746,20186,165744640,31.61159684502907,203.64299172693944,6772,43814912,8.35658597433031,126.99294831659776,5288,21659648,4.1310298805514325,208.8056745461422,12060,65474560,12.487615854881742,162.86572578772802,1221,12087296,2.3053459110263383,292.0423374283374,1209,4952064,0.9444809239006585,412.643794044665,2430,17039360,3.249826834926997,352.0452843621399,0,0,0,0,5696,83230720,15.874154155220332,226.66901983848317,5696,83230720,15.874154155220332,226.66901983848317,
525,4032.169113111188,7850,54116352,10.320260256991308,131.42756318471336,12314,110821376,21.134193272264366,207.52083733961345,20164,164937728,31.454453529255673,177.8971415393771,6690,42741760,8.151068406123546,125.73883647234678,5326,21815296,4.160286567418687,200.4845506947052,12016,64557056,12.311354973542233,158.86930201398135,1160,11374592,2.1691918508677612,164.23582327586206,1279,5238784,0.9990624332948744,202.43135965598125,2439,16613376,3.1682542841626358,184.26538089380892,0,0,0,0,5709,83767296,15.974844271550804,215.22528726572077,5709,83767296,15.974844271550804,215.22528726572077,
530,3972.7993021248553,7821,55066624,10.50259442993459,128.49936069556324,12044,111607808,21.28642465239941,197.88886839920292,19865,166674432,31.789019082334,170.56969700478226,6569,41725952,7.958191718070787,121.24021312224083,5306,21733376,4.145103097681711,191.07453901243872,11875,63459328,12.103294815752498,152.4436601263158,1252,13340672,2.5444027118638024,166.58669329073484,1226,5021696,0.9577641156724045,193.36417128874388,2478,18362368,3.5021668275362066,179.83495318805487,0,0,0,0,5512,84852736,16.183557439045295,205.45492616110303,5512,84852736,16.183557439045295,205.45492616110303,
535,4012.0727089691627,7931,55222272,10.532478336059832,130.89437939730172,12130,109838336,20.949335340437653,204.78586405605935,20061,165060608,31.481813676497485,175.57329415283388,6731,42029056,8.016151921547985,116.6552194324766,5180,21217280,4.0467466088703405,194.59388803088802,11911,63246336,12.062898530418325,150.5501319788431,1200,13193216,2.516326414511847,210.76420083333335,1232,5046272,0.9624694637313241,204.01431006493507,2432,18239488,3.478795878243171,207.34484827302632,0,0,0,0,5718,83574784,15.940119267835989,214.18512784190276,5718,83574784,15.940119267835989,214.18512784190276,
540,4018.9628787787747,7923,54992896,10.488443675530078,109.55608746686862,12173,109219840,20.83080222017053,185.53869793805964,20096,164212736,31.319245895700607,155.58197905055732,6663,41492480,7.913595593111849,105.37597823803092,5210,21340160,4.0700723632885225,177.84314491362764,11873,62832640,11.983667956400373,137.17534978522698,1260,13500416,2.5748480824182285,131.6609031746032,1227,5025792,0.9585371957303297,181.4713422982885,2487,18526208,3.5333852781485584,156.23565540812223,0,0,0,0,5736,82853888,15.802192661151677,193.39861366806136,5736,82853888,15.802192661151677,193.39861366806136,
545,4004.0081153030123,7913,55762944,10.633834414666309,131.89852786553774,12111,108445696,20.68028499799509,211.9897302452316,20024,164208640,31.314119412661398,180.33962614862168,6641,42008576,8.010915657177733,124.91824152989007,5194,21274624,4.057010132934979,206.87520369657298,11835,63283200,12.067925790112712,160.88651035065485,1272,13754368,2.6229187574885753,168.34198820754716,1236,5062656,0.9654340632090169,208.79790857605178,2508,18817024,3.588352820697592,188.27959489633176,0,0,0,0,5681,82108416,15.657840801851096,217.36025347650062,5681,82108416,15.657840801851096,217.36025347650062,
550,4018.8567599073635,7857,54562816,10.406660335812312,131.66675957744684,12238,112480256,21.453141617126484,218.51629767935938,20095,167043072,31.859801952938795,184.5587549639214,6620,41705472,7.95440398913302,126.70953685800605,5206,21323776,4.067042542469702,210.84431213983865,11826,63029248,12.021446531602722,163.7470508202266,1237,12857344,2.4522563466792917,158.19611641067098,1249,5115904,0.9757464724442292,212.4679103282626,2486,17973248,3.4280028191235212,185.46299919549477,0,0,0,0,5783,86040576,16.41035260221255,226.7291270966626,5783,86040576,16.41035260221255,226.7291270966626,
555,3958.9496089057984,7676,52592640,10.031122319862664,230.75461047420532,12119,108138496,20.625518720147525,210.01910677448635,19795,160731136,30.65664104001019,218.05981030563274,6489,40804352,7.78271343851027,120.47378286330714,5272,21594112,4.1186975755697794,196.361529400607,11761,62398464,11.901411014080049,154.49131536433975,1187,11788288,2.2484088813523946,833.6293285593935,1215,4976640,0.9492066681178456,271.4687604938272,2402,16764928,3.1976155494702403,549.2725049958368,0,0,0,0,5632,81567744,15.557614476459898,209.54705752840908,5632,81567744,15.557614476459898,209.54705752840908,
560,4039.4740411054117,7941,54968320,10.483529048397086,129.57261276917265,12258,109629440,20.908469074541582,204.2972738619677,20199,164597760,31.391998122938666,174.9201495618595,6746,42713088,8.146217654000358,123.62080788615475,5335,21852160,4.167632449567694,197.84476138706654,12081,64565248,12.313850103568052,156.3982925254532,1195,12255232,2.3373113943967274,163.1716719665272,1294,5300224,1.0108559305980498,203.6140973724884,2489,17555456,3.3481673249947774,184.19718360787465,0,0,0,0,5629,82477056,15.729980694375836,210.56982394741516,5629,82477056,15.729980694375836,210.56982394741516,
565,4007.9396769058762,7887,54071296,10.312096876799828,141.65801737035628,12155,108933120,20.774957687939658,237.21818922254215,20042,163004416,31.087054564739486,199.61300633669296,6611,40923136,7.804572373010157,131.14096052034486,5208,21331968,4.068282746335392,235.3737382872504,11819,62255104,11.87285511934555,177.0707605550385,1276,13148160,2.5075245037896714,196.14725156739811,1205,4935680,0.9412981392730697,236.25045228215768,2481,18083840,3.4488226430627407,215.6250253929867,0,0,0,0,5742,82665472,15.765376802331197,239.09419470567744,5742,82665472,15.765376802331197,239.09419470567744,
570,4009.0352579722294,7925,54251520,10.346714905877862,134.70657148264982,12122,107978752,20.593438908928064,220.66346139250948,20047,162230272,30.940153814805928,186.6828980894897,6731,41918464,7.994585152642812,128.25642059129402,5403,22130688,4.220709749826961,213.70803479548397,12134,64049152,12.215294902469772,166.306121559255,1194,12333056,2.3521297532350505,171.06835175879397,1241,5083136,0.9694430500713045,218.69107252215954,2435,17416192,3.321572803306355,195.33931540041067,0,0,0,0,5478,80764928,15.4032861090298,227.97049032493612,5478,80764928,15.4032861090298,227.97049032493612,
575,3988.676772791305,7962,54235136,10.343693036422362,130.4966920371766,11983,108421120,20.678011832497543,198.1202660435617,19945,162656256,31.021704868919905,171.1250844823264,6755,42459136,8.097781286576105,121.61872864544782,5169,21172224,4.037954029549671,189.9415252466628,11924,63631360,12.135735316125777,151.23635155987924,1207,11776000,2.245911749846257,180.18239436619717,1238,5070848,0.9671091291511883,194.43058077544427,2445,16846848,3.2130208789974457,187.3968134969325,0,0,0,0,5576,82178048,15.672948673796682,206.52122399569586,5576,82178048,15.672948673796682,206.52122399569586,
580,3981.9212145895417,7856,53682176,10.237831505187382,136.75072734215885,12056,110174208,21.011536077104395,220.3564851526211,19912,163856384,31.24936758229178,187.37100738248293,6648,41455616,7.906080624446933,131.79917493983152,5234,21438464,4.088570891053774,210.04025105082155,11882,62894080,11.994651515500706,166.26423068506986,1208,12226560,2.33175088074045,164.00066142384105,1238,5070848,0.9670712195499755,235.71919305331178,2446,17297408,3.298822100290425,200.29973834832379,0,0,0,0,5584,83664896,15.955893966500646,226.62011998567334,5584,83664896,15.955893966500646,226.62011998567334,
585,3987.3516247270068,7836,52826112,10.074143113736563,147.80481955079122,12104,109629440,20.906756644115614,265.38986624256444,19940,162455552,30.98089975785218,219.18141960882647,6669,41332736,7.8823120230065635,143.0259779577148,5268,21577728,4.114955875255037,257.51145102505694,11937,62910464,11.997267898261601,193.5503536064338,1167,11493376,2.1918310907299987,175.1142407883462,1194,4890624,0.9326608418858227,245.777229480737,2361,16384000,3.1244919326158214,210.84978017789072,0,0,0,0,5642,83161088,15.859139926974755,276.8965978376462,5642,83161088,15.859139926974755,276.8965978376462,
590,3952.9358118597115,7804,53895168,10.279000519446683,273.95217516658124,11962,108556288,20.70408502560385,516.3241928607256,19766,162451456,30.983085545050532,420.63102145097645,6630,42098688,8.029150884547272,229.6428052790347,5176,21200896,4.043479760499775,491.1636130216383,11806,63299584,12.072630645047047,344.29905641199394,1174,11796480,2.249849634899411,524.1831141396934,1164,4767744,0.9093142274385119,576.4846812714777,2338,16564224,3.159163862337923,550.2220466210435,0,0,0,0,5622,82587648,15.751291037665563,527.0329002134472,5622,82587648,15.751291037665563,527.0329002134472,
595,3966.8050704407137,7773,54116352,10.320847470874986,334.729087610961,12063,109387776,20.86198550992941,622.1610125176159,19836,163504128,31.182832980804395,509.52699596692884,6526,41590784,7.932022798914971,188.4568741955256,5215,21360640,4.073813166864445,487.7734757430489,11741,62951424,12.005835965779417,321.40432986968744,1247,12525568,2.3888246719600144,1100.2242477947073,1221,5001216,0.953811289883315,1559.8582481572482,2468,17526784,3.342635961843329,1327.6201612641817,0,0,0,0,5627,83025920,15.83436105318165,543.2384391327528,5627,83025920,15.83436105318165,543.2384391327528,
