5,4509.871158076417,8842,60301312,11.50021394811176,229.78433182537887,13710,123072512,23.471466410739986,524.979380014588,22552,183373824,34.97168035885175,409.24176844625754,7433,46362624,8.841931916769258,226.7024210951164,5924,24264704,4.627582354884803,511.6633404794058,13357,70627328,13.469514271654061,353.08622632327615,1409,13938688,2.6582820313425026,246.04255926188785,1394,5709824,1.0889348080198202,493.65034289813485,2803,19648512,3.7472168393623226,369.18392579379235,0,0,0,0,6392,93097984,17.754949247835363,544.1528618585731,6392,93097984,17.754949247835363,544.1528618585731,
10,4509.738764362597,8817,59514880,11.350904976127449,425.9083590790518,13733,122007552,23.269745803434844,1054.1489660671377,22550,181522432,34.6206507795623,808.50828172949,7436,46030848,8.77917894850105,424.87234144701455,6040,24739840,4.718476672801775,993.2100018211921,13476,70770688,13.497655621302826,679.6036763134462,1381,13484032,2.571726027626398,431.48680014482255,1426,5840896,1.1139979694396243,760.079507713885,2807,19324928,3.685723997066022,598.4170463127895,0,0,0,0,6267,91426816,17.437271161193447,1179.7935155576831,6267,91426816,17.437271161193447,1179.7935155576831,
15,4478.011701945119,8750,61091840,11.602626449254439,341.84740422857146,13736,123760640,23.504750798808107,882.5657174577751,22486,184852480,35.10737724806255,672.1554514809214,7369,46628864,8.855802849367251,339.64465476998237,6006,24600576,4.672167244667929,825.9058328338328,13375,71229440,13.52797009403518,557.9986462056074,1381,14462976,2.7468235998871893,353.6012498189718,1398,5726208,1.0875274405670605,726.6888512160228,2779,20189184,3.8343510404542496,541.2861964735516,0,0,0,0,6332,93433856,17.745056113573117,970.7235074226153,6332,93433856,17.745056113573117,970.7235074226153,
20,4538.490895185206,8824,62697472,11.957779336739602,27464.19215843155,13870,126181376,24.06554845806495,34565.393124441245,22694,188878848,36.02332779480455,31804.266953467875,7458,47644672,9.086881116153071,28120.652270179675,5968,24444928,4.662182470873583,29679.785006534854,13426,72089600,13.749063587026654,28813.703377774465,1366,15052800,2.8708982205865317,23880.092953879943,1451,5943296,1.1335165491349815,25387.836527911786,2817,20996096,4.004414769721513,24656.71202591409,0,0,0,0,6451,95793152,18.269849438056383,41149.47991241668,6451,95793152,18.269849438056383,41149.47991241668,
25,4533.70830392795,8975,62820352,11.98126038289572,2860.16140367688,13695,120496128,22.98133389476601,2959.790075794085,22670,183316480,34.96259427766173,2920.347317423908,7603,48328704,9.21737570957727,2680.0729873734053,5915,24227840,4.620796450728838,2808.5528747252747,13518,72556544,13.838172160306108,2736.2912544015385,1372,14491648,2.7638846733184494,3858.1295007288627,1402,5742592,1.0952420327847558,3901.419293865906,2774,20234240,3.859126706103205,3880.008480533526,0,0,0,0,6378,90525696,17.265295411252417,2893.061301975541,6378,90525696,17.265295411252417,2893.061301975541,
30,4512.6786716666065,9002,61378560,11.704641578874833,507.7930847589425,13566,122163200,23.296025031027156,1306.7579671236917,22568,183541760,35.00066660990199,988.0641585873803,7631,48758784,9.298101658653723,527.763688507404,5938,24322048,4.63811556191917,1299.0540949814754,13569,73080832,13.936217220572892,865.2920571154838,1371,12619776,2.406539920221112,396.6365003646973,1327,5435392,1.0365071321432702,950.6853956292389,2698,18055168,3.443047052364382,669.1431289844329,0,0,0,0,6301,92405760,17.621402336964714,1389.007434692906,6301,92405760,17.621402336964714,1389.007434692906,
35,4060.972615390791,8764,61042688,10.589423797446976,1121.3076540392515,13561,120725504,20.942942830702016,1818.2579132069907,22325,181768192,31.532366628148992,1544.660060067189,7372,47206400,8.18916387744591,1110.831991182854,5798,23748608,4.119806695135044,1684.3947925146601,13170,70955008,12.308970572580954,1363.3389860288535,1392,13836288,2.4002599200010657,1176.7865237068966,1391,5697536,0.9883841174427124,1439.170239396118,2783,19533824,3.388644037443778,1307.9312411067194,0,0,0,0,6372,91279360,15.83475201812426,2022.816815913371,6372,91279360,15.83475201812426,2022.816815913371,
40,4968.5083638128435,9786,66494464,12.682578590130031,41971.36372000817,15057,135307264,25.807336524969536,42058.839420668126,24843,201801728,38.48991511509957,42024.38153689168,8272,51585024,9.838881037581473,41473.91216610251,6446,26402816,5.0358446219033,42352.60060238907,14718,77987840,14.874725659484772,41858.74880561218,1514,14909440,2.8436975525485595,44689.276040951125,1592,6520832,1.243727061444315,44023.37566771357,3106,21430272,4.087424613992875,44347.96458113329,0,0,0,0,7019,102383616,19.52776484162192,41343.477363014674,7019,102383616,19.52776484162192,41343.477363014674,
45,4510.4759664214,8954,63934464,12.194195921806347,142.97861648425285,13599,123756544,23.604038412547695,312.31812250900805,22553,187691008,35.79823433435404,245.08689220946215,7512,48844800,9.316150065189358,132.68461102236424,5948,24363008,4.646747219098223,293.85175050437124,13460,73207808,13.96289728428758,203.90468127786033,1442,15089664,2.878045856616989,196.6045312066574,1295,5304320,1.0116909295111294,281.8610277992278,2737,20393984,3.8897367861281187,236.9432827913774,0,0,0,0,6356,94089216,17.945600263938342,335.80457913782254,6356,94089216,17.945600263938342,335.80457913782254,
50,4497.7163219318545,8832,61083648,11.649010535164196,170.9800750679348,13660,123559936,23.563605699977412,389.11782679355787,22492,184643584,35.2126162351416,303.4610322336831,7443,47284224,9.017379307847882,164.20029490796722,6041,24743936,4.718813963852136,403.0055461016388,13484,72028160,13.736193271700019,271.1880227677247,1389,13799424,2.631631227316313,207.30973938084952,1357,5558272,1.059995124805057,265.52622402358145,2746,19357696,3.6916263521213697,236.078774217043,0,0,0,0,6262,93257728,17.784796611320218,402.50302203768763,6262,93257728,17.784796611320218,402.50302203768763,
55,4468.702404082179,8787,60682240,11.573448009285752,266.7786131785592,13558,121810944,23.23204659791758,549.0853205487535,22345,182493184,34.805494607203336,438.0703714477512,7471,47661056,9.09001964468775,261.1706167849016,5969,24449024,4.662970716667341,530.345990618194,13440,72110080,13.75299036135509,380.71732857142854,1316,13021184,2.4834283645980024,298.61549848024316,1357,5558272,1.0600856529598897,488.9641893883567,2673,18579456,3.543514017557892,395.249682379349,0,0,0,0,6232,91803648,17.50899022829035,580.125024550706,6232,91803648,17.50899022829035,580.125024550706,
60,4414.312520869934,8766,60645376,11.508560361634554,708.0893469085102,13418,121614336,23.07852665792865,1327.9579982858847,22184,182259712,34.5870870195632,1083.0171130544536,7406,47140864,8.945834202488998,719.2735933027276,5818,23830528,4.522275036065773,1219.2788477139911,13224,70971392,13.46810923855477,939.2547313974592,1360,13504512,2.5627261591455577,647.1845463235294,1390,5693440,1.0804335338830224,1168.7167784172661,2750,19197952,3.64315969302858,910.7953836363637,0,0,0,0,6210,92090368,17.475818087979853,1465.4202516908213,6210,92090368,17.475818087979853,1465.4202516908213,
65,4600.9419578243305,9011,63758336,12.159726950543165,12765.735647874819,13996,124825600,23.80622374520127,13127.379040583024,23007,188583936,35.96595069574444,12985.736557352111,7577,48771072,9.301417756656654,12857.863997228455,6112,25034752,4.774524676970309,12959.057230693717,13689,73805824,14.075942433626963,12903.045752136752,1434,14987264,2.858309193886512,12278.945896792191,1389,5689344,1.0850482291085994,13883.655928725702,2823,20676608,3.943357422995111,13068.510981579879,0,0,0,0,6495,94101504,17.946650839122363,13124.040211393378,6495,94101504,17.946650839122363,13124.040211393378,
70,4482.633951029261,8819,60452864,11.528498614897604,24470.78402347205,13598,123322368,23.517855972446444,27508.96104213855,22417,183775232,35.04635458734405,26313.7215753223,7426,46665728,8.899260432246656,24672.150252895233,5861,24006656,4.578123882506596,24923.854986350452,13287,70672384,13.477384314753253,24783.179186648602,1393,13787136,2.6292381826509477,23397.31265254846,1332,5455872,1.0404471952736372,22968.317846846847,2725,19243008,3.669685377924585,23187.61684293578,0,0,0,0,6405,93859840,17.899284894666213,30818.788259797035,6405,93859840,17.899284894666213,30818.788259797035,
75,4473.454031934528,8858,61435904,11.716538790963412,656.2805451569203,13512,122179584,23.301062443872766,2218.4673985346362,22370,183615488,35.01760123483618,1599.8777182834153,7487,46686208,8.90360084935002,671.0577080272473,5794,23732224,4.5260101176639775,1657.4404081808768,13281,70418432,13.429610967013998,1101.379322716663,1371,14749696,2.8129379416133906,575.5827928519329,1355,5550080,1.0584645684215896,1029.3714228782287,2726,20299776,3.8714025100349803,801.1453730741013,0,0,0,0,6363,92897280,17.716587757787195,2982.543373565928,6363,92897280,17.716587757787195,2982.543373565928,
80,4520.514795296947,8803,60538880,11.54614653975943,1062.7214156537545,13801,123183104,23.49383024605718,1817.2044254039563,22604,183721984,35.03997678581661,1523.3752830030082,7387,46678016,8.902563326596649,693.1147398131853,5937,24317952,4.637988633731512,1463.8838128684522,13324,70995968,13.54055196032816,1036.5593500450316,1416,13860864,2.6435832131627817,2990.888445621469,1430,5857280,1.1171170197466838,3984.9425475524476,2846,19718144,3.7607002329094654,3490.360464511595,0,0,0,0,6434,93007872,17.738724592578986,1661.4380222256761,6434,93007872,17.738724592578986,1661.4380222256761,
85,4520.090146962961,8937,62578688,11.934063326958881,298.74978191786954,13667,121192448,23.111995399794434,722.0996800321943,22604,183771136,35.046058726753316,554.7187722526986,7539,47943680,9.143095381728871,259.7021031967104,6089,24940544,4.756284304087749,477.29492149778287,13628,72884224,13.899379685816621,356.922727692985,1398,14635008,2.790967945230009,509.3223497854077,1351,5533696,1.0553030209923713,602.8155255366395,2749,20168704,3.8462709662223804,555.2697053473992,0,0,0,0,6227,90718208,17.300408074714316,987.3588846956801,6227,90718208,17.300408074714316,987.3588846956801,
90,4138.107185647069,8476,57511936,10.551135718656752,70620.54447133082,13035,118865920,21.80713329217427,69392.29162577675,21511,176377856,32.35826901083102,69876.26127474316,7161,44048384,8.081113419160651,70033.36417651166,5580,22855680,4.193101439363626,68773.50945896057,12741,66904064,12.274214858524278,69481.60298634329,1315,13463552,2.4700222994961,73818.1095596958,1329,5443584,0.9986795363645626,70986.82524529722,2644,18907136,3.4687018358606627,72394.97156656582,0,0,0,0,6126,90566656,16.61535231644608,69609.99801012079,6126,90566656,16.61535231644608,69609.99801012079,
95,4858.423672332449,9609,66883584,12.756043182202358,8141.981503590384,14685,131153920,25.013687469785015,13836.55555995914,24294,198037504,37.76973065198737,11584.18204766609,8114,50745344,9.678156591604202,8898.063286295293,6372,26099712,4.977739430277018,11914.169581920904,14486,76845056,14.655896021881219,10224.766952989092,1495,16138240,3.077886590598156,4038.4045237458195,1567,6418432,1.2241239308292666,5118.796057434589,3062,22556672,4.302010521427422,4591.302477139125,0,0,0,0,6746,98635776,18.81182410867873,17677.37568929736,6746,98635776,18.81182410867873,17677.37568929736,
100,4313.671447768301,8558,59465728,11.327145060421477,8430.57676980603,13039,119742464,22.80877246840897,9328.704432778588,21597,179208192,34.13591752883045,8972.813497013474,7198,45719552,8.708747290565128,8356.376485273688,5629,23056384,4.391823911359174,8993.067633505063,12827,68775936,13.100571201924302,8635.781995010526,1360,13746176,2.618397769856349,8823.2926875,1346,5513216,1.0501678778982855,9355.97687295691,2706,19259392,3.6685656477546345,9088.256809312637,0,0,0,0,6064,91172864,17.366780679151514,9634.210837565963,6064,91172864,17.366780679151514,9634.210837565963,
105,4728.530828382594,9314,64593920,12.319611206132091,10573.28089360103,14330,129380352,24.67593907216832,11530.384021214235,23644,193974272,36.995550278300406,11153.355661774658,7862,50110464,9.557268452493341,10473.656086746374,6213,25448448,4.853629957114691,11165.264969579912,14075,75558912,14.410898409608034,10778.946743161634,1452,14483456,2.762342753638749,11112.70942768595,1484,6078464,1.1593090063348144,12236.831381401616,2936,20561920,3.9216517599735634,11680.896409741144,0,0,0,0,6633,97853440,18.663000108718812,11714.330468566259,6633,97853440,18.663000108718812,11714.330468566259,
110,4453.243860728726,8757,60964864,11.627195138323202,360.2549649423318,13511,121229312,23.12080720968502,662.5812977573828,22268,182194176,34.74800234800822,543.6899875157176,7400,46792704,8.924286298051886,274.2936432432432,5822,23846912,4.54807377689584,618.9486461697011,13222,70639616,13.472360074947725,426.0544530328241,1357,14172160,2.702908840271317,829.0197258658806,1423,5828608,1.1116298496260357,753.3255888966971,2780,20000768,3.814538689897353,790.2741298561151,0,0,0,0,6266,91553792,17.461103583163144,682.514296680498,6266,91553792,17.461103583163144,682.514296680498,
115,4476.031712845279,8746,61026304,11.639406138591644,301.7451122798994,13635,124686336,23.78113714107445,656.8979218921892,22381,185712640,35.42054327966609,518.1120556275412,7424,47575040,9.07387759579448,296.57448531788793,5904,24182784,4.612326588512321,612.8887147696477,13328,71757824,13.6862041843068,436.69447411464586,1322,13451264,2.565528542797165,330.7819765506808,1408,5767168,1.0999586444148624,560.2593877840909,2730,19218432,3.6654871872120274,449.1351615384615,0,0,0,0,6323,94736384,18.068851908147266,719.5101969002055,6323,94736384,18.068851908147266,719.5101969002055,
120,4492.654989255693,8727,59392000,11.327255130238626,414.5946149879683,13738,124243968,23.695836542450227,1035.728563473577,22465,183635968,35.02309167268885,794.4360654351213,7392,45944832,8.762608330750805,424.2977479707792,5903,24178688,4.611364623020594,830.2802308995425,13295,70123520,13.3739729537714,604.5545811207221,1335,13447168,2.5646467994878215,360.867604494382,1414,5791744,1.1046026727005116,618.8568316831683,2749,19238912,3.669249472188333,493.5692295380138,0,0,0,0,6421,94273536,17.97986924672912,1316.4041803457405,6421,94273536,17.97986924672912,1316.4041803457405,
125,4498.107006572458,8818,60567552,11.551077749568432,357.51269698344294,13675,122687488,23.39821680075899,928.4495251919561,22493,183255040,34.94929455032742,704.6234036811453,7493,47259648,9.013074665214077,356.87490778059527,6012,24625152,4.696360277974262,869.1686535262808,13505,71884800,13.709434943188338,584.9319236579045,1325,13307904,2.538003084354354,361.1194550943396,1386,5677056,1.0826938365389764,767.5822171717172,2711,18984960,3.6206969208933306,568.9237296200664,0,0,0,0,6277,92385280,17.619162686245755,1020.7481852795921,6277,92385280,17.619162686245755,1020.7481852795921,
130,4545.758987736894,9068,61300736,11.691053278436929,23732.200665196295,13663,124563456,23.756289005114624,33084.97956532241,22731,185864192,35.44734228355155,29353.907502221635,7647,46526464,8.873357890536221,24643.785465542045,6013,24629248,4.697200545452443,26925.037954930984,13660,71155712,13.570558435988662,25647.9707670571,1421,14774272,2.8176953879007085,18826.578590429275,1361,5574656,1.063178104500378,21613.04406833211,2782,20348928,3.880873492401087,20189.76317541337,0,0,0,0,6289,94359552,17.9959103551618,41457.222070440446,6289,94359552,17.9959103551618,41457.222070440446,
135,4465.3621569513525,8755,60366848,11.51293362001717,291.8338925185608,13574,123518976,23.557065154379004,476.0150235744806,22329,183885824,35.069998774396176,403.7992592144745,7395,46858240,8.936623735445544,281.8132738336714,5904,24182784,4.612047773957211,458.7779132791328,13299,71041024,13.548671509402755,360.37551394841717,1360,13508608,2.5763098845716264,346.3210066176471,1364,5586944,1.0655205223031226,523.9844340175953,2724,19095552,3.6418304068747487,435.2831633627019,0,0,0,0,6306,93749248,17.87949685811867,481.7774123057406,6306,93749248,17.87949685811867,481.7774123057406,
140,4358.774663748085,8780,61321216,11.445006533387737,5850.065915945331,13492,124248064,23.18968861023202,6076.085664097243,22272,185569280,34.63469514361976,5986.984847431753,7408,46481408,8.675301191696215,5899.931941009719,5856,23986176,4.476785669595791,5991.963942622951,13264,70467584,13.152086861292005,5940.563681167069,1372,14839808,2.7697053416915214,5580.8184569970845,1383,5664768,1.0572736647969567,5810.452150397687,2755,20504576,3.8269790064884783,5696.093737568058,0,0,0,0,6253,94597120,17.655629275839274,6213.617720774028,6253,94597120,17.655629275839274,6213.617720774028,
145,4709.2502534021805,9211,63819776,12.171752278301796,51077.198541200734,14337,127815680,24.377095811848246,57278.672560438026,23548,191635456,36.54884809015004,54852.91337956514,7722,48406528,9.232126848403222,50878.30544289044,6380,26132480,4.984004847927954,53290.10372648903,14102,74539008,14.216131696331177,51969.44663203801,1489,15413248,2.9396254298985722,52108.66429348556,1439,5894144,1.1241352627223082,51919.69185267547,2928,21307392,4.06376069262088,52015.79156728142,0,0,0,0,6518,95789056,18.26895570119798,62365.91441362381,6518,95789056,18.26895570119798,62365.91441362381,
150,4485.9169392966705,8821,62386176,11.897407157986349,370.3996071873937,13612,124039168,23.654991856431003,1003.4376096826329,22433,186425344,35.552399014417354,754.5173484598582,7415,48205824,9.193131432101723,372.28077302764666,5884,24100864,4.5961751505214155,923.4595192046227,13299,72306688,13.789306582623137,616.1439012707722,1406,14180352,2.704275725884626,360.4786650071124,1369,5607424,1.0693684196233544,762.6436588750913,2775,19787776,3.7736441455079803,558.880061981982,0,0,0,0,6359,94330880,17.989448286286233,1129.280981758138,6359,94330880,17.989448286286233,1129.280981758138,
155,4482.112184028463,8856,60493824,11.53651088011336,3143.7917773261065,13558,124788736,23.797910520247385,3339.6387283522645,22414,185282560,35.334421400360746,3262.2576005621486,7525,46919680,8.94784563150508,3096.4839948172757,5823,23851008,4.548520743103805,3291.0614490812295,13348,70770688,13.496366374608886,3181.367461717111,1331,13574144,2.588665248608279,3411.253132231405,1326,5431296,1.0357785514950448,3248.49881372549,2657,19005440,3.624443800103324,3330.029110274746,0,0,0,0,6409,95506432,18.213611225648535,3402.630930566391,6409,95506432,18.213611225648535,3402.630930566391,
160,4453.403273913427,8750,61603840,11.748953358588794,188.98431645714285,13519,122859520,23.431506382371733,331.7626549300984,22269,184463360,35.18045974096053,275.66177650545603,7386,47480832,9.055443306699555,184.32824086108855,5873,24055808,4.587872544879787,324.151951983654,13259,71536640,13.643315851579342,246.26237280337884,1364,14123008,2.6935100518892394,214.19676099706743,1360,5570560,1.0624053568936676,317.78774411764704,2724,19693568,3.755915408782907,265.91619456681354,0,0,0,0,6286,93233152,17.78122848059828,341.8968479160038,6286,93233152,17.78122848059828,341.8968479160038,
165,4491.1559634289615,8861,61931520,11.80975464538636,239.3467600722266,13600,123428864,23.536716037306388,335.63058845588233,22461,185360384,35.34647068269275,297.6460373091136,7450,47529984,9.063518049276675,207.31469100671143,5800,23756800,4.530196887780482,315.73809862068964,13250,71286784,13.593714937057157,254.7755033962264,1411,14401536,2.7462365961096853,408.47426860382706,1442,5906432,1.1263006745136992,410.47695769764215,2853,20307968,3.8725372706233845,409.4864935155976,0,0,0,0,6358,93765632,17.880218475012207,336.8020223340673,6358,93765632,17.880218475012207,336.8020223340673,
170,4513.98562179485,8893,60837888,11.603355183455626,186.1830218149106,13678,123056128,23.46997911375193,365.3126890627285,22571,183894016,35.07333429720756,294.7353938239334,7538,47345664,9.03003989534529,180.71647346776334,6019,24653824,4.702120436896211,359.50869430137897,13557,71999488,13.7321603322415,260.0961575569816,1355,13492224,2.573315288110337,216.59397490774907,1347,5517312,1.052293774464063,334.36619005196735,2702,19009536,3.6256090625744,275.3057342709104,0,0,0,0,6312,92884992,17.715564902391655,377.4513422053232,6312,92884992,17.715564902391655,377.4513422053232,
175,4485.450712570471,8776,59039744,11.260060665563898,249.04760118505013,13653,122941440,23.44739287338008,535.3019116677654,22429,181981184,34.70745353894397,423.29656908466717,7446,45928448,8.759474139237408,249.70282352941177,5963,24424448,4.6582310079615326,517.7967585108167,13409,70352896,13.41770514719894,368.9245503020359,1330,13111296,2.500586526326491,245.37934135338347,1414,5791744,1.104601483356969,425.2327666195191,2744,18903040,3.60518800968346,338.05891253644313,0,0,0,0,6276,92725248,17.684560382061576,576.7329185787125,6276,92725248,17.684560382061576,576.7329185787125,
180,4471.973917569808,8753,61673472,11.762686582674737,245.19631657717355,13608,123547648,23.563652480123405,440.59127645502645,22361,185221120,35.32633906279814,364.1057845802961,7350,47054848,8.97454628822258,239.87412340136055,5892,24133632,4.60289229893867,419.1201797352342,13242,71188480,13.57743858716125,319.6292785077783,1403,14618624,2.788140294452158,273.07808410548824,1416,5799936,1.1061940759160145,398.7731087570622,2819,20418560,3.8943343703681723,336.21542178077334,0,0,0,0,6300,93614080,17.85456610526872,470.0709950793651,6300,93614080,17.85456610526872,470.0709950793651,
185,4509.628659137692,8926,60719104,11.580296432070599,252.4570197176787,13624,123678720,23.587901427844827,425.53971917204933,22550,184397824,35.16819785991542,357.0281371175167,7592,47931392,9.141434757696313,246.59468835616437,5933,24301568,4.634774604119999,409.9555728973538,13525,72232960,13.776209361816312,318.2560656561923,1334,12787712,2.4388616743742855,285.8204527736132,1356,5554176,1.0592877740075373,380.61593215339235,2690,18341888,3.4981494483818225,333.6058319702602,0,0,0,0,6335,93822976,17.89383904971729,449.7508312549329,6335,93822976,17.89383904971729,449.7508312549329,
190,4437.861019506452,8754,61702144,11.768381449598143,218.90455163353894,13436,121987072,23.266458864307747,1013.9399003423638,22190,183689216,35.03484031390589,700.296842992339,7366,46637056,8.895033934222282,213.68804466467554,5721,23433216,4.469391282073219,598.189544834819,13087,70070272,13.364425216295501,381.7734028425155,1388,15065088,2.873347515375861,246.58811815561958,1384,5668864,1.0812161395541575,466.16625072254334,2772,20733952,3.9545636549300185,356.21875865800865,0,0,0,0,6331,92884992,17.715851442680368,1509.3792487758647,6331,92884992,17.715851442680368,1509.3792487758647,
195,4568.2860760393605,8923,61300736,11.690872297910055,204.06969292838733,13921,125095936,23.857472327306628,344.0176483011278,22844,186396672,35.548344625216686,289.35315846611803,7513,47206400,9.00289344069313,198.60923891920672,5977,24481792,4.669005995229747,326.0646459762423,13490,71688192,13.671899435922878,255.08077101556708,1410,14094336,2.6879788572169248,233.16500567375886,1434,5873664,1.1201864810372189,321.2521018131102,2844,19968000,3.808165338254144,277.580229254571,0,0,0,0,6510,94740480,18.068279851039662,365.5154806451613,6510,94740480,18.068279851039662,365.5154806451613,
200,4518.616876416006,8866,61173760,11.666979532472796,174.1637139634559,13729,123850752,23.6206535067546,272.5623101464054,22595,185024512,35.287633039227394,233.9519116618721,7525,47906816,9.136725317161153,171.02894259136212,5925,24268800,4.6285138084969075,260.6761944303797,13450,72175616,13.765239125658061,210.52038996282528,1341,13266944,2.530254215311643,191.7544332587621,1409,5771264,1.100687925092345,270.5502838892832,2750,19038208,3.6309421404039877,232.12656181818184,0,0,0,0,6395,93810688,17.891451773165347,284.01816325254106,6395,93810688,17.891451773165347,284.01816325254106,
205,4484.228705154001,8803,62054400,11.835485391559335,305.76650596387594,13619,121683968,23.208488449666316,395.1024233056759,22422,183738368,35.04397384122565,360.0286528855588,7442,48222208,9.197304918470497,299.45917078742275,5937,24317952,4.638104077207113,381.5822204817248,13379,72540160,13.83540899567761,335.9016960908887,1361,13832192,2.6381804730888363,340.2552556943424,1411,5779456,1.1023016427386285,385.9093933380581,2772,19611648,3.7404821158274646,363.4940681818182,0,0,0,0,6271,91586560,17.468082729720575,409.970994418753,6271,91586560,17.468082729720575,409.970994418753,
210,4452.589262888784,8740,58638336,11.183343372360598,276.51193775743707,13525,122368000,23.337690922692993,384.8011843992606,22265,181006336,34.52103429505359,342.29285223444873,7418,45793280,8.733569356174314,258.37863696414126,5970,24453120,4.663632294844423,382.9901515912898,13388,70246400,13.397201651018738,313.94561801613384,1322,12845056,2.4497740161862835,378.2614273827534,1298,5316608,1.0139689646077155,375.9249514637904,2620,18161664,3.4637429807939992,377.10389083969466,0,0,0,0,6257,92598272,17.660089663240853,388.3705013584785,6257,92598272,17.660089663240853,388.3705013584785,
215,4551.950183511589,8936,62476288,11.915752299214917,361.733366606983,13825,125079552,23.85572201934871,799.8589395298372,22761,187555840,35.77147431856363,627.8502351829885,7547,48291840,9.2104320204382,367.5866353517954,5992,24543232,4.680993101481399,753.9079395861148,13539,72835072,13.8914251219196,538.5621324322328,1389,14184448,2.7053202787767163,329.930185025198,1392,5701632,1.0874403199703118,600.2724949712643,2781,19886080,3.792760598747028,465.2471556993887,0,0,0,0,6441,94834688,18.087288597897,885.740436578171,6441,94834688,18.087288597897,885.740436578171,
221,4204.8047384696865,8808,61915136,11.268066614860091,25462.67824920527,13226,120696832,21.965871853670436,26036.447113942235,22034,182611968,33.233938468530525,25807.085392938185,7455,48435200,8.814824538285299,25532.189314017436,5743,23523328,4.281060238763,26697.49535817517,13198,71958528,13.0958847770483,26039.262553265646,1353,13479936,2.453242076574792,25079.673823355508,1356,5554176,1.0108162430371979,24596.06163053097,2709,19034112,3.4640583196119903,24837.599946105573,0,0,0,0,6127,91619328,16.673995371870237,25735.60863652685,6127,91619328,16.673995371870237,25735.60863652685,
226,4795.808669294815,9557,64999424,12.3971616602767,10357.472488123889,14423,127045632,24.231064541987674,10229.119041600221,23980,192045056,36.62822620226437,10280.273081984988,8136,51662848,9.853513140151868,10237.204538716813,6264,25657344,4.893554769675042,9902.99135759898,14400,77320192,14.74706790982691,10091.821804930554,1421,13336576,2.5436485201248304,11046.072091484868,1493,6115328,1.166359717612522,11267.000769591426,2914,19451904,3.710008237737352,11159.265817089912,0,0,0,0,6666,95272960,18.17115005470011,10303.122400840082,6666,95272960,18.17115005470011,10303.122400840082,
231,4491.549285000716,8841,61657088,11.75845273945599,358.7255633978057,13620,119279616,22.747485698910374,619.0601928781205,22461,180936704,34.505938438366364,516.5884213970883,7491,47448064,9.048689067551862,259.73533613669736,5985,24514560,4.675103942446296,546.8682175438596,13476,71962624,13.72379300999816,387.2576198426833,1350,14209024,2.7097636719041276,908.0113355555555,1361,5574656,1.0631272290174452,1137.0992703894194,2711,19783680,3.7728909009215728,1023.0200700848396,0,0,0,0,6274,89190400,17.009254527446632,575.5501176283074,6274,89190400,17.009254527446632,575.5501176283074,
236,4437.603921808152,8748,60264448,11.494023379680554,728.3975749885687,13441,122937344,23.44740146249794,1120.0278183914886,22189,183201792,34.94142484217849,965.6278287890397,7390,46620672,8.891794610720048,721.27540067659,5848,23953408,4.5685481359594835,1097.589931771546,13238,70574080,13.460342746679531,887.5155712343254,1358,13643776,2.602228768960506,767.1552098674522,1290,5283840,1.0077679711675331,986.670665116279,2648,18927616,3.6099967401280395,874.0943855740181,0,0,0,0,6303,93700096,17.871085355370923,1168.1394301126447,6303,93700096,17.871085355370923,1168.1394301126447,
241,4518.009769556582,8908,61759488,11.77867015034604,241.31951156264032,13684,123043840,23.46672312749669,609.9383956445483,22592,184803328,35.24539327784273,464.59238734950424,7520,47783936,9.113275366357401,220.16795412234043,6000,24576000,4.687095165278966,589.7435596666667,13520,72359936,13.800370531636368,384.1807968195266,1388,13975552,2.6653947839886385,355.91584582132566,1394,5709824,1.088968443399813,528.7028715925395,2782,19685376,3.7543632273884513,442.4956854780733,0,0,0,0,6290,92758016,17.69065951881791,647.2056987281399,6290,92758016,17.69065951881791,647.2056987281399,
246,4438.470207460481,8684,60997632,11.63351059293571,580.3803111469368,13510,122920960,23.44357056768739,1242.602167061436,22194,183918592,35.0770811606231,983.4900378030098,7401,47841280,9.124322033675067,558.5931032292933,5810,23797760,4.5387252581893955,1198.2025364888125,13211,71639040,13.663047291864462,839.8837555067746,1283,13156352,2.5091885592606435,706.0600662509743,1383,5664768,1.0803884736791625,1058.8342653651482,2666,18821120,3.589577032939806,889.063336084021,0,0,0,0,6317,93458432,17.824456835818836,1323.6711652683236,6317,93458432,17.824456835818836,1323.6711652683236,
251,4532.524236341494,8960,61566976,11.741736259866705,303.5331768973214,13705,123502592,23.55377764004397,957.2544836920831,22665,185069568,35.295513899910674,698.8232942422237,7559,47415296,9.042800807944714,303.5341109935177,6003,24588288,4.689351524714246,921.0276976511744,13562,72003584,13.73215233265896,576.8576621442265,1401,14151680,2.6989354519219924,303.52813704496793,1415,5795840,1.1053527248826682,690.060564664311,2816,19947520,3.8042881768046604,497.75519140625,0,0,0,0,6287,93118464,17.759073390447053,1051.9815064418642,6287,93118464,17.759073390447053,1051.9815064418642,
256,4556.182031340384,8989,60928000,11.620537821146527,285.49003949271327,13793,124051456,23.65980561016765,785.1614537084029,22782,184979456,35.28034343131417,588.0081597752612,7594,46813184,8.928479109773692,285.86041440611007,6038,24731648,4.716961839602201,791.4092431268632,13632,71544832,13.645440949375892,509.78235013204227,1395,14114816,2.692058711372836,283.47381935483867,1434,5873664,1.120258906589857,601.9602133891213,2829,19988480,3.8123176179626928,444.91230965005303,0,0,0,0,6321,93446144,17.82258486397559,820.7549398829299,6321,93446144,17.82258486397559,820.7549398829299,
261,4525.820455113261,9021,61804544,11.78677191849552,444.48476720984365,13611,124325888,23.710245081986514,855.9519576812872,22632,186130432,35.49701700048203,691.9432299840934,7609,47734784,9.103521766727205,259.8281708503088,5933,24301568,4.63456278033229,704.7275337940333,13542,72036352,13.738084547059495,454.7467885098213,1412,14069760,2.6832501517683154,1439.564116855524,1380,5652480,1.0779869605357424,1713.8794362318843,2792,19722240,3.761237112304058,1575.1497689828082,0,0,0,0,6298,94371840,17.997695341118483,810.4255344553826,6298,94371840,17.997695341118483,810.4255344553826,
266,4494.520627014581,8824,61313024,11.693284077061538,267.46890083862195,13651,123072512,23.4717153225645,615.9183711815984,22475,184385536,35.16499939962604,479.1122254060067,7441,47435776,9.046691355230788,261.6393193119204,5918,24240128,4.6229444296913735,574.5618972625887,13359,71675904,13.669635784922162,400.26315465229436,1383,13877248,2.6465927218307495,298.8339884309472,1387,5681152,1.0834781892500736,485.43251405912036,2770,19558400,3.730070911080823,392.26797942238267,0,0,0,0,6346,93151232,17.765292703623054,683.0049606051056,6346,93151232,17.765292703623054,683.0049606051056,
271,4504.225541209631,8801,61083648,11.649812742817625,230.27770628337692,13722,126521344,24.130025200354968,383.4769825827139,22523,187604992,35.779837943172595,323.61342840651776,7476,47226880,9.007063697759486,222.5064478330658,5962,24420352,4.657425304947273,374.7993352901711,13438,71647232,13.664489002706759,290.0738086768864,1325,13856768,2.642749045058139,274.12519924528306,1404,5750784,1.0967838188772177,366.08263675213675,2729,19607552,3.7395328639353567,321.43492524734336,0,0,0,0,6356,96350208,18.375816076530477,395.45901447451223,6356,96350208,18.375816076530477,395.45901447451223,
276,4464.790680790345,8755,61816832,11.790072255474504,296.25348360936607,13570,122310656,23.327812590824553,405.8934731761238,22325,184127488,35.117884846299056,362.89691735722283,7401,47550464,9.069106070355389,290.0995053371166,5866,24027136,4.582597657740091,393.54988544152746,13267,71577600,13.651703728095478,335.8400593201176,1354,14266368,2.720966185119116,329.89129246676515,1364,5586944,1.0655750434976956,399.37427565982404,2718,19853312,3.786541228616812,364.760604120677,0,0,0,0,6340,92696576,17.679639889586767,418.7167651419558,6340,92696576,17.679639889586767,418.7167651419558,
281,4549.062762510602,8928,63062016,12.027233380296924,357.5758389336917,13819,122781696,23.41701401713306,1059.764268036761,22747,185843712,35.44424739742998,784.1614063392975,7522,48197632,9.192287294489082,355.2755280510503,6037,24727552,4.716056632687226,936.2910266688752,13559,72925184,13.908343927176308,613.9664761413084,1406,14864384,2.834946085807842,369.8823385490754,1389,5689344,1.0850758096409734,746.8939488840892,2795,20553728,3.9200218954488157,557.2415967799642,0,0,0,0,6393,92364800,17.61588157480486,1244.3387763178478,6393,92364800,17.61588157480486,1244.3387763178478,
286,4481.888961387968,8858,61112320,11.655441124041433,4067.594817227365,13553,121241600,23.123395259492387,4148.604851398214,22411,182353920,34.77883638353382,4116.585446521797,7507,46874624,8.940004572622664,4041.530621420008,5913,24219648,4.619210681397922,4097.865243531202,13420,71094272,13.559215254020586,4066.3522771982116,1351,14237696,2.715436551418768,4212.423772020726,1423,5828608,1.1116416031843805,4652.6885797610685,2774,20066304,3.8270781546031487,4438.269778298486,0,0,0,0,6217,91193344,17.392542974910082,4081.4844003538683,6217,91193344,17.392542974910082,4081.4844003538683,
291,4484.4372660498275,8707,59514880,11.351150582636967,386.55465579418853,13716,124203008,23.68898410993123,864.1177201808108,22423,183717888,35.040134692568195,678.676806760915,7287,45010944,8.584844718003966,350.1226448469878,5977,24481792,4.669361805397189,734.9054534047181,13264,69492736,13.254206523401155,523.512787092883,1420,14503936,2.7663058646330008,573.5124471830986,1417,5804032,1.1069910788435364,1307.6217537050104,2837,20307968,3.873296943476537,940.1789566443426,0,0,0,0,6322,93917184,17.912631225690504,886.8726241695665,6322,93917184,17.912631225690504,886.8726241695665,
296,4470.332704505533,8946,62652416,11.949820109798031,1127.3298338922423,13406,123973632,23.64573779179243,5574.283826271819,22352,186626048,35.59555790159046,3794.4676838314244,7511,47869952,9.130331303818618,1282.593313407003,5737,23498752,4.4819637794136575,3102.176027366219,13248,71368704,13.612295083232276,2070.5572347524153,1435,14782464,2.8194888059794128,314.6580606271777,1362,5578752,1.0640464820570685,921.3098803230544,2797,20361216,3.883535288036481,610.0673485877726,0,0,0,0,6307,94896128,18.099727530321704,8827.785167115902,6307,94896128,18.099727530321704,8827.785167115902,
301,4501.354263297057,8865,61304832,11.69181099413829,304.74532092498595,13644,126717952,24.167138152312173,971.0900304163001,22509,188022784,35.85894914645046,708.6551888133636,7512,47861760,9.128002369646952,291.2148120340788,5965,24432640,4.659694833970395,876.3572338642078,13477,72294400,13.787697203617347,550.2023126808637,1353,13443072,2.563808624491339,379.86814634146344,1374,5627904,1.0733312157376904,701.3259592430859,2727,19070976,3.6371398402290294,541.8347891455812,0,0,0,0,6305,96657408,18.43411210260409,1119.501920222046,6305,96657408,18.43411210260409,1119.501920222046,
306,4564.016607087348,8975,62681088,11.954464534333937,236.2877537604457,13847,124977152,23.83549773714939,489.32090987217447,22822,187658240,35.789962271483326,389.8128660503023,7636,48635904,9.275783302664914,227.15528156102673,5950,24371200,4.648047048244588,460.74825865546217,13586,73007104,13.923830350909501,329.4575201678198,1339,14045184,2.6786812316690236,288.36808065720686,1385,5672960,1.081940363330883,443.1588895306859,2724,19718144,3.7606215949999067,367.07045594713657,0,0,0,0,6512,94932992,18.105510325573917,525.2456139434889,6512,94932992,18.105510325573917,525.2456139434889,
311,4482.422080116858,8943,62779392,11.973743478594852,262.5372704908867,13470,121659392,23.203766477537958,1059.7880778767633,22413,184438784,35.17750995613281,741.6774291259537,7519,47448064,9.049640794417874,264.99080436228223,5900,24166400,4.609192048261867,630.4683989830509,13419,71614464,13.658832842679741,425.6821977792682,1424,15331328,2.9241026841769773,249.58212921348317,1308,5357568,1.021834440529919,498.2984418960244,2732,20688896,3.945937124706896,368.6600710102489,0,0,0,0,6262,92135424,17.572739988746175,1581.5725795273074,6262,92135424,17.572739988746175,1581.5725795273074,
316,4538.973051347432,8869,60358656,11.51192440377981,178.84473954222574,13827,125886464,24.00973701314934,338.47800730454907,22696,186245120,35.52166141692915,276.0975238808601,7501,46104576,8.793310334483275,173.87415624583392,5982,24502272,4.673203839808009,333.88497709796053,13483,70606848,13.466514174291285,244.8661261588667,1368,14254080,2.718614069296535,206.0993779239766,1457,5967872,1.1382243387830608,333.5268675360329,2825,20221952,3.8568384080795957,271.8203876106195,0,0,0,0,6388,95416320,18.198308834558272,343.9083951158422,6388,95416320,18.198308834558272,343.9083951158422,
321,4510.053020078108,8870,60547072,11.548061155615775,228.43193754227732,13681,124375040,23.721883168060685,679.0361836854031,22551,184922112,35.26994432367646,501.799712429604,7474,46620672,8.891897718388497,237.11955432164837,5992,24543232,4.681097445842899,637.2648337783712,13466,71163904,13.572995164231395,415.17320904500224,1396,13926400,2.656163437227279,181.9195823782235,1397,5722112,1.0913706828842673,445.03305654974946,2793,19648512,3.7475341201115464,313.52342176870746,0,0,0,0,6292,94109696,17.94941503933352,770.7711323903369,6292,94109696,17.94941503933352,770.7711323903369,
326,4460.504462932993,8651,59772928,11.399514827739921,230.11948387469656,13654,123060224,23.469267695786897,683.4550671598066,22305,182833152,34.86878252352682,507.6287443174176,7283,46505984,8.86932716741993,228.03464067005353,5916,24231936,4.621361592606686,552.9991130831643,13199,70737920,13.490688760026618,373.6888431699371,1368,13266944,2.530187660319989,241.2188355263158,1443,5910528,1.1272185223345923,472.2831926541927,2811,19177472,3.6574061826545816,359.8335161864105,0,0,0,0,6295,92917760,17.720687580845617,854.4635563145354,6295,92917760,17.720687580845617,854.4635563145354,
331,4520.325363124677,8831,61169664,11.665962566930896,356.62318797418186,13773,124616704,23.766254529014702,562.2965957307777,22604,185786368,35.432217095945596,481.94347841090075,7429,46415872,8.852195514159696,299.0132646385785,5993,24547328,4.681539685524096,526.4573222092441,13422,70963200,13.533735199683793,400.5683411563105,1402,14753792,2.813767052771199,661.8900356633382,1401,5738496,1.0944163356281094,701.2539785867237,2803,20492288,3.908183388399308,681.5649853728148,0,0,0,0,6379,94330880,17.990298507862494,565.448417777081,6379,94330880,17.990298507862494,565.448417777081,
336,4498.328547464138,8834,62423040,11.905531558317007,424.77155003395967,13659,120930304,23.06423318423565,1051.8128330038803,22493,183353344,34.969764742552655,805.5458746721202,7455,47534080,9.06585916891528,431.7378069751844,5962,24420352,4.6575314403337265,894.6734384434753,13417,71954432,13.723390609249007,637.4486391145562,1379,14888960,2.839672389401727,387.11132849891226,1439,5894144,1.1241509128883316,631.6107241139681,2818,20783104,3.963823302290059,511.9639297374024,0,0,0,0,6258,90615808,17.28255083101359,1298.1432748481943,6258,90615808,17.28255083101359,1298.1432748481943,
341,4508.161045825398,8890,62173184,11.857965220925058,19702.391239370078,13652,122232832,23.312826808277592,20376.785702607678,22542,184406016,35.17079202920265,20110.8214235649,7480,47341568,9.029208908587643,19502.3984828877,5916,24231936,4.621630031424511,21086.400965179175,13396,71573504,13.650838940012152,20201.932574051956,1410,14831616,2.8287563123374158,20763.345720567377,1435,5877760,1.1210343297995558,20758.59095191638,2845,20709376,3.9497906421369717,20760.947445342703,0,0,0,0,6301,92123136,17.570162447053526,19623.57598571655,6301,92123136,17.570162447053526,19623.57598571655,
346,4486.547036312237,8672,58695680,11.195180340896076,191.17624423431732,13761,125108224,23.862218306512894,489.3544202456217,22433,183803904,35.05739864740897,374.08668332367495,7326,45162496,8.613960812192612,187.50638998088996,5976,24477696,4.66869488605687,484.7656397255689,13302,69640192,13.282655698249483,321.051817471057,1346,13533184,2.581219528703464,211.1505029717682,1393,5705728,1.0882684029915028,400.9028528356066,2739,19238912,3.6694879316949667,307.65471011318,0,0,0,0,6392,94924800,18.10525501746452,512.9206883604505,6392,94924800,18.10525501746452,512.9206883604505,
351,4518.419486725029,8884,59346944,11.318578069530169,350.74427555155336,13710,124186624,23.684724169375745,571.0074199854122,22594,183533568,35.00330223890592,484.39956944321506,7484,45027328,8.587558059103122,347.92971592731163,5966,24436736,4.6605450177939804,540.2280881662755,13450,69464064,13.248103076897104,433.22726899628253,1400,14319616,2.731020010427046,365.79010714285715,1385,5672960,1.0819401357097995,522.8295768953069,2785,19992576,3.8129601461368456,443.88693500897665,0,0,0,0,6359,94076928,17.942239015871966,610.3777307752791,6359,94076928,17.942239015871966,610.3777307752791,
356,4530.175987327603,8905,60067840,11.456464739275107,196.33865468837732,13747,126476288,24.122244679122865,537.4162751873135,22652,186544128,35.57870941839797,403.3311519954088,7530,46346240,8.839406650180555,184.98022483399734,5868,24035328,4.5841483184498015,493.99791871165644,13398,70381568,13.423554968630357,320.32250186595013,1375,13721600,2.6170580890945523,258.5415469090909,1404,5750784,1.096820763310075,489.1428119658119,2779,19472384,3.7138788524046276,375.04538862900324,0,0,0,0,6475,96690176,18.44127559736299,587.2316972972973,6475,96690176,18.44127559736299,587.2316972972973,
361,4502.252657478631,8843,62259200,11.874611386717914,230.38193248897434,13669,123482112,23.551572991801642,424.4507637720389,22512,185741312,35.42618437851956,348.21805788024164,7460,48844800,9.316101367540206,162.39277332439679,5931,24293376,4.633442114119997,372.82600455235206,13391,73138176,13.949543481660204,255.59563303711448,1383,13414400,2.558510019177709,597.1202747650036,1347,5517312,1.0523093117045415,629.0935694135115,2730,18931712,3.6108193308822503,612.8961091575092,0,0,0,0,6391,93671424,17.865821565977104,429.22819887341575,6391,93671424,17.865821565977104,429.22819887341575,
366,4488.0329803317545,8708,61853696,11.796691547236666,285.2595,13734,123490304,23.551980230291917,552.7828555409932,22442,185344000,35.34867177752858,448.97778558060776,7365,47271936,9.015668972032207,267.1944678886626,6077,24891392,4.747268030763341,565.3531994405134,13442,72163328,13.762937002795548,401.9891868025591,1343,14581760,2.7810225752044584,384.3279746835443,1422,5824512,1.1108466578485225,519.5653839662447,2765,20406272,3.891869233052981,453.8786423146474,0,0,0,0,6235,92774400,17.69386554168005,548.1068755412991,6235,92774400,17.69386554168005,548.1068755412991,
371,4494.491684162755,8941,62013440,11.827313662840968,1214.105359467621,13533,122630144,23.388239349524156,4404.237669844085,22474,184643584,35.21555301236512,3135.0834032659964,7588,48549888,9.259521059818626,1386.5552055877702,5913,24219648,4.619214378360544,3667.8001953323187,13501,72769536,13.87873543817917,2385.666502851641,1353,13463552,2.567792603022342,246.95869844789357,1368,5603328,1.0686766902751945,921.2367302631578,2721,19066880,3.6364692932975364,585.9562535832415,0,0,0,0,6252,92807168,17.700348280888416,5862.858922584773,6252,92807168,17.700348280888416,5862.858922584773,
376,4502.01282059461,8914,61091840,11.651341718300348,300.5337976217187,13598,122867712,23.433140967070432,814.1427751139873,22512,183959552,35.08448268537078,610.770776830135,7517,47345664,9.02969218383062,308.5138079020886,5894,24141824,4.604291524482886,705.4858557855446,13411,71487488,13.633983708313506,482.9790416822012,1397,13746176,2.621649534469726,257.59483035075164,1396,5718016,1.0905312127889564,406.56308166189115,2793,19464192,3.7121807472586825,332.0522878625134,0,0,0,0,6308,93007872,17.73831822979859,1005.8683830057071,6308,93007872,17.73831822979859,1005.8683830057071,
381,4531.622579744565,8931,60502016,11.53837352813737,275.5131929235248,13730,122667008,23.393894145329224,434.0528754552076,22661,183169024,34.9322676734666,371.5702884250474,7487,46051328,8.782474685319102,270.45890824095096,5988,24526848,4.677528988320803,423.6169148296593,13475,70578176,13.460003673639905,338.5190302040816,1444,14450688,2.7558988428182687,301.71916897506924,1411,5779456,1.102203307034177,449.7341226080794,2855,20230144,3.8581021498524457,374.87121786339753,0,0,0,0,6331,92360704,17.614161849974245,440.42853372295053,6331,92360704,17.614161849974245,440.42853372295053,
386,4467.450905973935,8982,61833216,11.793356415599,196.13246014250726,13356,118579200,22.616432712744505,588.6437829439952,22338,180412416,34.409789128343505,430.8169093920674,7564,47476736,9.055166548304717,191.06965692755156,5800,23756800,4.5310987818279145,602.1295374137932,13364,71233536,13.586265330132631,369.4703832684825,1418,14356480,2.738189867294283,223.13883779971792,1358,5562368,1.060902094090053,525.0874300441826,2776,19918848,3.799091961384336,370.8500007204611,0,0,0,0,6198,89260032,17.024431836826537,589.9493898031623,6198,89260032,17.024431836826537,589.9493898031623,
391,4472.495453738265,8951,61419520,11.711951317312481,470.13376695341304,13417,121417728,23.152875818545773,1635.4361457851978,22368,182837248,34.864827135858256,1169.1172262160228,7560,47345664,9.028239098153716,522.2853255291005,5741,23515136,4.484048850462885,1350.9557096324681,13301,70860800,13.512287948616601,879.957431020224,1391,14073856,2.6837122191587652,186.69323292595257,1369,5607424,1.0692671792864814,445.6051022644266,2760,19681280,3.752979398445247,315.11727246376813,0,0,0,0,6307,92295168,17.59955978879641,2152.652077691454,6307,92295168,17.59955978879641,2152.652077691454,
396,4543.270842753405,8927,62001152,11.824924541311937,198.20760266606922,13791,126881792,24.19902804493756,501.8082633601624,22718,188882944,36.0239525862495,382.50889290430496,7517,47599616,9.07824853634049,164.98796647598775,5999,24571904,4.686379224637003,478.478104684114,13516,72171520,13.764627760977493,304.1287876590707,1410,14401536,2.7466760049714454,375.3083156028369,1354,5545984,1.0577358676710287,438.16537518463815,2764,19947520,3.8044118726424743,406.10008791606367,0,0,0,0,6438,96763904,18.45491295262953,536.9325399192296,6438,96763904,18.45491295262953,536.9325399192296,
401,4514.697715705626,8912,63098880,12.034350482842811,222.12781934470377,13663,123203584,23.497645451050236,345.1927770621386,22575,186302464,35.53199593389305,296.61005709856033,7537,48553984,9.260317469887614,215.8672197160674,5999,24571904,4.686404968943461,340.4180763460577,13536,73125888,13.946722438831074,271.0667313091016,1375,14544896,2.7740330129551976,256.44501163636363,1320,5406720,1.0311809566603383,336.78254015151515,2695,19951616,3.805213969615536,295.7940051948052,0,0,0,0,6344,93224960,17.780059525446436,351.4577427490542,6344,93224960,17.780059525446436,351.4577427490542,
406,4490.688217819118,9002,62255104,11.872865656490884,153.69928093756943,13454,119947264,22.875517987017503,265.94481529656605,22456,182202368,34.74838364350839,220.94863163519773,7583,48488448,9.24738362007626,143.7084988790716,5860,24002560,4.577603312522967,254.4356058020478,13443,72491008,13.824986932599227,191.9760616677825,1419,13766656,2.625482036414623,207.0890627202255,1328,5439488,1.0373817745785836,253.90653388554216,2747,19206144,3.662863810993207,229.72233600291224,0,0,0,0,6266,90505216,17.260532899915955,279.2596581551229,6266,90505216,17.260532899915955,279.2596581551229,
411,4490.287023245875,8857,61108224,11.653618365168743,365.930814384103,13598,122359808,23.334576139331446,946.5710890572143,22455,183468032,34.988194504500186,717.547222979292,7483,47321088,9.024348345920938,341.9467939329146,5884,24100864,4.596145214870493,870.7226247450714,13367,71421952,13.62049356079143,574.7078464128077,1374,13787136,2.629270019247804,496.551211062591,1376,5636096,1.0748293364483001,834.7072536337209,2750,19423232,3.704099355696104,665.7521981818182,0,0,0,0,6338,92622848,17.663601588012654,1041.2724146418427,6338,92622848,17.663601588012654,1041.2724146418427,
416,4354.534516082608,8638,59699200,11.239937394432609,31740.848851238712,13419,120479744,22.68346610770777,33165.28304411655,22057,180178944,33.923403502140374,32607.443693430658,7304,45903872,8.642605720713979,31650.77686432092,5736,23494656,4.423484109397286,34108.44512447698,13040,69398528,13.066089830111265,32731.84934440184,1334,13795328,2.5973316737186294,32234.016611694155,1398,5726208,1.0781085747798824,31989.494670243203,2732,19521536,3.6754402484985116,32108.89154795022,0,0,0,0,6285,91258880,17.1818734235306,32566.0427026253,6285,91258880,17.1818734235306,32566.0427026253,
421,4658.37578975595,9241,64348160,12.271793111629703,1372.2394636944052,14054,125829120,23.99678449326954,1694.08517824107,23295,190177280,36.26857760489924,1566.4107310152394,7806,49598464,9.458888783496121,1192.516772098386,6119,25063424,4.779828265439984,1587.7578331426703,13925,74661888,14.238717048936106,1366.1957704847396,1435,14749696,2.8129043281335813,2349.8808090592333,1408,5767168,1.0998526226081873,2107.0594524147727,2843,20516864,3.9127569507417683,2229.6231691874777,0,0,0,0,6527,94998528,18.11710360522137,1704.679516623257,6527,94998528,18.11710360522137,1704.679516623257,
426,4499.040249543182,8803,60440576,11.527203266383294,350.74854833579457,13694,125775872,23.98792563708538,913.3560976340002,22497,186216448,35.51512890346867,693.209666711117,7452,46743552,8.914912149360678,344.7825680354267,5908,24199168,4.615255956749289,887.4879651320243,13360,70942720,13.530168106109967,584.7753439371257,1351,13697024,2.612291117022617,383.6563834196891,1399,5730304,1.0928813614577277,631.6296068620443,2750,19427328,3.705172478480345,509.8071250909091,0,0,0,0,6387,95846400,18.27978831887836,998.9932179426961,6387,95846400,18.27978831887836,998.9932179426961,
431,4534.413703612987,8970,63475712,12.106533853056648,839.0909620958752,13703,121942016,23.257638209934147,1472.6003397796103,22673,185417728,35.36417206299079,1221.968349402373,7554,49160192,9.376177279756462,859.9995958432618,5851,23965696,4.570905954328866,1449.5483040505896,13405,73125888,13.947083234085328,1117.325182693025,1416,14315520,2.730356573300186,727.5487168079096,1431,5861376,1.1179228201409346,1158.2026450034941,2847,20176896,3.8482793934411204,944.0101749209695,0,0,0,0,6421,92114944,17.568809435464345,1563.673468930073,6421,92114944,17.568809435464345,1563.673468930073,
436,4505.593939943475,8875,61620224,11.751544266876337,286.94167977464787,13656,122511360,23.36404473692311,649.6771793350908,22531,184131584,35.11558900379945,506.7950365718344,7499,47534080,9.065186866332086,277.42921896252835,5889,24121344,4.600162469265804,621.9289512650705,13388,71655424,13.66534933559789,428.9648421720944,1376,14086144,2.686357400544252,338.7832085755814,1411,5779456,1.1021954905984122,595.4482927002126,2787,19865600,3.7885528911426642,468.7273900251166,0,0,0,0,6356,92610560,17.661686777058893,687.4251771554437,6356,92610560,17.661686777058893,687.4251771554437,
441,4513.365267996469,8785,59977728,11.439248815259766,271.51334797951057,13783,125247488,23.887820137472726,692.8533886671987,22568,185225216,35.327068952732496,528.8391978908188,7439,46489600,8.866726357522253,266.63045879822556,6106,25010176,4.77006441753576,638.4098570258761,13545,71499776,13.636790775058014,434.2262510151347,1346,13488128,2.5725224577375134,298.4998358098068,1398,5726208,1.0921307002481153,574.475856223176,2744,19214336,3.664653157985629,439.10277915451894,0,0,0,0,6279,94511104,18.025625019688853,772.153276317885,6279,94511104,18.025625019688853,772.153276317885,
446,4533.516210952226,8935,61128704,11.658645192128262,275.5478124230554,13734,123621376,23.57743035001495,854.0527672928498,22669,184750080,35.23607554214321,626.0346909876924,7460,46592000,8.8861624940002,273.6013032171582,5998,24567808,4.685644188045116,778.9430041680561,13458,71159808,13.571806682045317,498.8234404071927,1475,14536704,2.7724826981280626,285.3925301694915,1355,5550080,1.0585274882962876,642.3721630996309,2830,20086784,3.83101018642435,456.3138738515901,0,0,0,0,6381,93503488,17.833258673673544,969.6044955336155,6381,93503488,17.833258673673544,969.6044955336155,
451,4503.860465898906,8846,58732544,11.201996700940208,316.6142820483834,13674,123039744,23.467241711384542,676.7646401199356,22520,181772288,34.66923841232475,535.295276554174,7510,45690880,8.714573763790225,309.51636644474036,5856,23986176,4.574858266316052,664.1315464480874,13366,69677056,13.289432030106276,464.88270597037257,1336,13041664,2.4874229371499843,356.51349326347304,1368,5603328,1.0687168900820285,620.1240906432748,2704,18644992,3.5561398272320126,489.8786179733728,0,0,0,0,6450,93450240,17.82366655498646,700.247379379845,6450,93450240,17.82366655498646,700.247379379845,
456,4472.499387776526,8859,62464000,11.91272909393724,350.0836317868834,13506,122458112,23.35441716206175,886.5750876647415,22365,184922112,35.26714625599899,674.0654606751621,7473,47689728,9.095075727259756,325.8926868727418,5814,23814144,4.541679144403352,756.5377499140008,13287,71503872,13.63675487166311,514.3302872732746,1386,14774272,2.817653366677484,480.5157611832612,1377,5640192,1.0756608499902676,558.8473623819898,2763,20414464,3.8933142166677515,519.5539858849077,0,0,0,0,6315,93003776,17.73707716766813,1077.7576940617578,6315,93003776,17.73707716766813,1077.7576940617578,
461,4502.9835532738325,8846,61640704,11.755944032081647,331.8274703820936,13671,123445248,23.54313517435555,654.5533454026772,22517,185085952,35.2990792064372,527.7676683394768,7556,48226304,9.197586885090658,330.6952040762308,5914,24223744,4.619885241925102,610.2530860669598,13470,72450048,13.81747212701576,453.4350195248701,1290,13414400,2.558357146990989,338.45956666666666,1394,5709824,1.088961790200134,588.990881635581,2684,19124224,3.647318937191123,468.5790350223547,0,0,0,0,6363,93511680,17.834288142230314,710.090954738331,6363,93511680,17.834288142230314,710.090954738331,
466,4490.596663986816,8765,59215872,11.294019852263482,269.94967678265834,13689,122982400,23.455969154334305,597.4936383957922,22454,182198272,34.74998900659779,469.63566994744815,7401,44752896,8.53555100683619,248.6951617349007,5961,24416256,4.656820387310135,566.9293549739976,13362,69169152,13.192371394146324,390.6644796437659,1364,14462976,2.7584688454272914,385.2756781524927,1347,5517312,1.0522961016116006,569.121279138827,2711,19980288,3.810764947038892,476.6220538546662,0,0,0,0,6381,93048832,17.74685266541257,632.0354439742987,6381,93048832,17.74685266541257,632.0354439742987,
471,4518.942604644393,8808,60776448,11.591527255880727,476.3386665531335,13788,123396096,23.53459698818323,1120.8640047142442,22596,184172544,35.12612424406396,869.6257688086387,7488,47001600,8.964333148755314,392.73800547542737,6052,24788992,4.727855705121321,1004.2178474884336,13540,71790592,13.692188853876635,666.0523336779912,1320,13774848,2.6271941071254137,950.5824166666666,1394,5709824,1.0890004714043493,1211.873681492109,2714,19484672,3.7161945785297625,1084.790236551216,0,0,0,0,6342,92897280,17.71774081165756,1212.1719602649007,6342,92897280,17.71774081165756,1212.1719602649007,
476,4528.007884478821,9126,63406080,12.092702798541593,152.56496263423188,13516,122134528,23.293295351867776,234.45775791654333,22642,185540608,35.38599815040937,201.4503535465065,7707,48631808,9.274978057305189,142.29387154534837,5876,24068096,4.590227496397312,224.1130340367597,13583,72699904,13.865205553702502,177.68880630199516,1419,14774272,2.8177247412364035,208.35023326286117,1325,5427200,1.0350666155082435,232.65432226415095,2744,20201472,3.852791356744647,220.08599052478135,0,0,0,0,6315,92639232,17.668001239962223,244.46174045922407,6315,92639232,17.668001239962223,244.46174045922407,
481,4499.55233384062,8826,60583936,11.554832744274156,248.83205109902562,13673,123641856,23.581514516845356,682.8157984348716,22499,184225792,35.13634726111952,512.5708740388462,7455,47157248,8.99403619666205,243.82113118712272,5895,24145920,4.605215267899138,627.9961475826972,13350,71303168,13.599251464561187,413.4624586516854,1371,13426688,2.5607965476121075,276.07961342086065,1455,5959680,1.1366561857155633,543.1933491408935,2826,19386368,3.697452733327671,413.6063244869073,0,0,0,0,6323,93536256,17.839643063230657,766.0535820022142,6323,93536256,17.839643063230657,766.0535820022142,
486,4460.288945444978,9021,64065536,12.218131311176123,631.7535677862764,13283,119169024,22.727083458049876,920.5998270721976,22304,183234560,34.945214769226,803.7740512015782,7605,48914432,9.328618638070791,223.44743773833005,5767,23621632,4.504952577939562,579.4968541702792,13372,72536064,13.833571216010354,377.00240218366736,1416,15151104,2.8895126731053304,2824.6689060734466,1339,5484544,1.0459739035652982,3752.0759813293503,2755,20635648,3.9354865766706286,3275.4123085299457,0,0,0,0,6177,90062848,17.176156976545016,625.2775467055205,6177,90062848,17.176156976545016,625.2775467055205,
491,4487.672506713615,8754,61104128,11.653837047256872,356.618500228467,13686,122941440,23.44750763999296,585.926537921964,22440,184045568,35.101344687249835,496.47187829768274,7363,46858240,8.936847822805913,237.94296319435014,6056,24805376,4.730904756548305,526.2455260898282,13419,71663616,13.667752579354218,368.054023697742,1391,14245888,2.7169892244509586,984.8054011502517,1430,5857280,1.117105977850739,941.1975468531468,2821,20103168,3.8340952023016976,962.7000372208437,0,0,0,0,6200,92278784,17.599496905593917,562.2798709677419,6200,92278784,17.599496905593917,562.2798709677419,
496,4342.771691052153,8681,59764736,11.316798758140752,5452.982119686672,13191,119857152,22.69564562132237,5946.064030778561,21872,179621888,34.01244437946312,5750.359748125457,7303,45469696,8.60995017573302,5452.035991921129,5675,23244800,4.401537451336356,6199.449848281939,12978,68714496,13.011487627069375,5778.863980428418,1378,14295040,2.7068485824077326,5457.996322206096,1352,5537792,1.0486129751906172,5628.02701183432,2730,19832832,3.7554615575983497,5542.201997069597,0,0,0,0,6164,91074560,17.245495194795396,5782.537349286178,6164,91074560,17.245495194795396,5782.537349286178,
501,4685.322603601125,9213,64438272,12.289897371710149,6143.632945294692,14215,128864256,24.57745113217474,6255.2732393950055,23428,193302528,36.86734850388489,6211.370984420351,7822,50393088,9.611149718036483,6044.461801840961,6155,25210880,4.80830907213806,6235.940480909829,13977,75603968,14.419458790174543,6128.782562352437,1391,14045184,2.678747653673665,6701.301301941049,1389,5689344,1.0850920066937069,6797.653031677466,2780,19734528,3.763839660367372,6749.442507913669,0,0,0,0,6671,97964032,18.684050053342972,6160.17919007645,6671,97964032,18.684050053342972,6160.17919007645,
506,4435.310972147353,8949,62001152,11.774045374054825,6249.820505754833,13325,117334016,22.281779995056784,6623.187134484053,22274,179335168,34.05582536911161,6473.18004278531,7581,48316416,9.175308134528025,6230.45817200897,5808,23789568,4.517649173053473,6516.859752410469,13389,72105984,13.6929573075815,6354.696007468818,1368,13684736,2.5987372395268,6357.120105263158,1344,5505024,1.0454064202107212,6683.130767113095,2712,19189760,3.644143659737521,6518.682911135693,0,0,0,0,6173,88039424,16.71872440179259,6710.176473999676,6173,88039424,16.71872440179259,6710.176473999676,
511,4572.480526888812,9076,63422464,12.095500847082464,2041.7598904803876,13789,125542400,23.942592415595293,2419.4933916890277,22865,188964864,36.038093262677755,2269.556402536628,7703,49016832,9.348156719002573,2102.659304297027,5987,24522752,4.676812423888059,2371.61010572908,13690,73539584,14.024969142890631,2220.2786211833454,1373,14405632,2.7473441280798903,1700.0933321194466,1362,5578752,1.0639416270812656,2620.3217320117474,2735,19984384,3.811285755161156,2158.3569813528334,0,0,0,0,6440,95440896,18.201838364625967,2421.5351670807454,6440,95440896,18.201838364625967,2421.5351670807454,
516,4509.574345787076,8966,62210048,11.864505121226113,306.019364488066,13584,119595008,22.808784601630236,712.1145839958775,22550,181805056,34.673289722856346,550.6489636807095,7544,47931392,9.141324659506713,297.2175094114528,5909,24203264,4.615970553155458,725.9206046708412,13453,72134656,13.757295212662171,485.51800668995764,1422,14278656,2.723180461719399,352.71500070323486,1401,5738496,1.0944279480404124,624.9640728051393,2823,20017152,3.817608409759811,487.8269206517889,0,0,0,0,6274,89653248,17.098386100434364,718.5726793114441,6274,89653248,17.098386100434364,718.5726793114441,
521,4530.781564677673,8994,61894656,11.804899619262496,526.6695733822548,13661,122818560,23.42465191473668,518.8670915745553,22655,184713216,35.22955153399917,521.9646647980578,7605,47894528,9.134715852560145,266.3023333333333,5967,24440832,4.661494012847549,416.08054684095856,13572,72335360,13.796209865407695,332.15309961685824,1389,14000128,2.67018376670235,1952.2223887688986,1361,5574656,1.0632299901936508,1263.6728846436442,2750,19574784,3.7334137568960006,1611.4529796363636,0,0,0,0,6333,92803072,17.69992791169548,455.65007405652926,6333,92803072,17.69992791169548,455.65007405652926,
526,4497.098815276656,8891,62038016,11.832546267708976,247.5728251040378,13595,123592704,23.572907109590034,344.49151555719016,22486,185630720,35.40545337729901,306.16971190963267,7500,47697920,9.09745155733996,240.14414026666665,5835,23900160,4.558491183948361,335.14014892887747,13335,71598080,13.655942741288321,281.7115726284215,1391,14340096,2.7350947103690166,287.6268411214954,1401,5738496,1.0945066236009688,344.6799393290507,2792,20078592,3.8296013339699857,316.2555626790831,0,0,0,0,6359,93954048,17.919909302040704,353.03078943230065,6359,93954048,17.919909302040704,353.03078943230065,
531,4532.909264291347,8987,61857792,11.796119512971998,271.92811149438074,13682,121753600,23.218093797052884,362.65676019587784,22669,183611392,35.014213310024886,326.68788790859765,7528,47845376,9.123988347968872,208.94506615302868,5973,24465408,4.665489461725715,331.1939460907417,13501,72310784,13.789477809694588,263.02939767424635,1459,14012416,2.672131165003126,596.9016312542838,1346,5513216,1.0513559041491398,573.1347867756315,2805,19525632,3.7234870691522657,585.4969351158645,0,0,0,0,6363,91774976,17.50124843117803,347.66759861700456,6363,91774976,17.50124843117803,347.66759861700456,
536,4469.107368811567,8846,61030400,11.640383729766432,208.13274349988694,13500,119812096,22.85187009928845,382.82159177777777,22346,180842496,34.49225382905488,313.6683853038575,7466,47116288,8.98653248614116,201.0129762925261,5890,24125440,4.601467125390892,377.1095139219015,13356,71241728,13.587999611532052,278.67160212638515,1380,13914112,2.6538512436252732,246.651715942029,1417,5804032,1.1070083050388615,364.798488355681,2797,19718144,3.7608595486641345,306.50655202002145,0,0,0,0,6193,89882624,17.143394668858697,392.37800645890525,6193,89882624,17.143394668858697,392.37800645890525,
541,4497.188344327763,8905,61050880,11.643983237572908,176.0239268950028,13582,123375616,23.53092379060272,352.74436526284785,22487,184426496,35.174907028175625,282.76190856939564,7536,47005696,8.965203061683106,146.69390963375795,5848,23953408,4.568534986469397,335.921417749658,13384,70959104,13.533738048152502,229.3749069037657,1369,14045184,2.678780175889802,337.47828049671296,1392,5701632,1.087448820308721,307.2460768678161,2761,19746816,3.766228996198523,322.23625679101775,0,0,0,0,6342,93720576,17.874939983824603,378.24329533270264,6342,93720576,17.874939983824603,378.24329533270264,
546,4509.346762300785,8897,61222912,11.67668800588429,1817.7962226593233,13651,125317120,23.901001507996913,1891.9553099406637,22548,186540032,35.577689513881204,1862.6935838655313,7514,47562752,9.071365566623964,1766.8175267500665,5856,23986176,4.574743089747669,2037.257912226776,13370,71548928,13.646108656371633,1885.2692019446522,1383,13660160,2.605322439260327,2094.7694121475056,1412,5783552,1.1030630537438026,1748.7784794617562,2795,19443712,3.70838549300413,1919.9790017889088,0,0,0,0,6383,95547392,18.223195364505443,1790.3218532038227,6383,95547392,18.223195364505443,1790.3218532038227,
551,4469.859061767896,8801,61095936,11.652757579231322,179.19576650380637,13549,124784640,23.80003081598835,268.8818520924053,22350,185880576,35.45278839521967,233.5651970917226,7437,47218688,9.005966034686153,170.4604074223477,5928,24281088,4.631103977586704,260.7250355937922,13365,71499776,13.637070012272858,210.49697426112982,1364,13877248,2.6467915445451675,226.82396700879767,1353,5541888,1.0569979220099208,265.4567716186253,2717,19419136,3.7037894665550883,246.06216525579683,0,0,0,0,6268,94961664,18.111928916391726,277.33554419272497,6268,94961664,18.111928916391726,277.33554419272497,
556,4497.6558384364735,9008,61546496,11.738686244585278,837.3151444271758,13481,123916288,23.634398706072034,848.8533896595209,22489,185462784,35.373084950657315,844.2317296011383,7547,47554560,9.070021782219824,593.5383035643302,5776,23658496,4.512355367278355,701.1815299515235,13323,71213056,13.582377149498178,640.205516325152,1461,13991936,2.6686644623654536,2096.5785379876797,1376,5636096,1.0749655445593864,2317.87659375,2837,19628032,3.7436300069248403,2203.912385266126,0,0,0,0,6329,94621696,18.047077794234294,664.2391903934271,6329,94621696,18.047077794234294,664.2391903934271,
561,4497.229265508823,8932,61501440,11.729501814442525,144.0225867666816,13556,123973632,23.644144616565562,226.66872779580999,22488,185475072,35.37364643100808,193.84253908751336,7597,48070656,9.167994225394438,138.28832762932737,5898,24158208,4.607432680758043,220.41026670057647,13495,72228864,13.77542690615248,174.17978347536123,1335,13430784,2.561507589048088,176.65417228464418,1353,5541888,1.0569441195431726,222.99675683665927,2688,18972672,3.6184517085912606,199.9806294642857,0,0,0,0,6305,94273536,17.979767816264346,233.31116716891356,6305,94273536,17.979767816264346,233.31116716891356,
566,4486.6807233130485,8783,60538880,11.546053371296045,212.34833735625642,13652,122970112,23.45301855974627,312.6734971432757,22435,183508992,34.999071931042316,273.3975498105639,7421,46923776,8.949363154368573,209.55725859048644,5961,24416256,4.656699874580225,305.7255567857742,13382,71340032,13.606063028948798,252.39534150351218,1362,13615104,2.5966902169274735,227.55582305433188,1376,5636096,1.0749235073682921,318.79932703488373,2738,19251200,3.6716137242957654,273.4108491599708,0,0,0,0,6315,92917760,17.721395177797753,317.89717577197155,6315,92917760,17.721395177797753,317.89717577197155,
571,4528.940974467271,8904,63381504,12.088371124954902,209.44524584456425,13742,123277312,23.511936522409698,323.9087680104788,22646,186658816,35.6003076473646,278.90376927492713,7519,48836608,9.314311032883372,185.0434267854768,5917,24236032,4.622391879692268,310.42377150583064,13436,73072640,13.93670291257564,240.25892988984816,1385,14544896,2.77406009207153,341.91981444043324,1439,5894144,1.1241544557845486,392.1986831132731,2824,20439040,3.8982145478560786,367.5399603399434,0,0,0,0,6386,93147136,17.765390186932883,321.01517835891013,6386,93147136,17.765390186932883,321.01517835891013,
576,4496.049644432248,8916,60854272,11.60612684024475,416.83083725886047,13566,124092416,23.666905751635923,810.30981232493,22482,184946688,35.27303259188067,654.2623725202384,7568,46989312,8.96180164981408,391.4673928382664,5805,23777280,4.5348028745790385,868.9196837209303,13373,70766592,13.496604524393117,598.7216027069468,1348,13864960,2.644325190430671,559.2273857566765,1413,5787648,1.1038202345874557,878.3903460721868,2761,19652608,3.7481454250181265,722.5657642158637,0,0,0,0,6348,94527488,18.02828264246943,741.5593243541273,6348,94527488,18.02828264246943,741.5593243541273,
581,4524.892576988363,8883,62418944,11.904659942641633,236.3425808848362,13743,125825024,23.997588344248857,566.7792873462854,22626,188243968,35.90224828689049,437.0493632104658,7512,47198208,9.001732168715765,231.72526690628328,5956,24395776,4.652808886303141,573.3974353593015,13468,71593984,13.654541055018907,382.82412607662604,1371,15220736,2.9029277739258683,261.6418242159008,1407,5763072,1.0991440737119744,437.00350746268657,2778,20983808,4.0020718476378425,350.4589186465083,0,0,0,0,6380,95666176,18.245635384233744,589.2207971786834,6380,95666176,18.245635384233744,589.2207971786834,
586,4516.038453175661,8772,61296640,11.690988042313949,458.06722389420884,13809,125734912,23.981173400261362,726.1695271199942,22581,187031552,35.67216144257531,622.0203130065099,7410,47599616,9.078581492798556,381.5383012145749,6038,24731648,4.717018763748187,658.3826074859226,13448,72331264,13.795600256546743,505.8382656157049,1362,13697024,2.612406549515392,874.4250190895741,1367,5599232,1.0679305482020158,530.9227183613752,2729,19296256,3.6803370977174077,702.3591909124222,0,0,0,0,6404,95404032,18.19622408831116,831.7597532792005,6404,95404032,18.19622408831116,831.7597532792005,
591,4476.178787244335,8800,61730816,11.773636896864556,163.45553602272727,13582,122753024,23.412124222820907,290.5409800471212,22382,184483840,35.185761119685466,240.57440389598784,7424,47190016,9.000336453372475,148.34271241918105,5835,23900160,4.558368475429944,275.41845107112255,13259,71090176,13.558704928802419,204.26600490233048,1376,14540800,2.7733004434920825,244.99449127906976,1439,5894144,1.1241631938549597,294.4449103544128,2815,20434944,3.8974636373470424,270.2730536412078,0,0,0,0,6308,92958720,17.729592553536005,303.6389827203551,6308,92958720,17.729592553536005,303.6389827203551,
596,4523.529447703733,9020,61857792,11.797731877656398,1148.8935871396895,13599,122220544,23.310324559488098,1387.7391688359437,22619,184078336,35.1080564371445,1292.492378663955,7621,47849472,9.126016672942791,1169.985415562262,5895,24145920,4.605193313387926,1364.696857845632,13516,71995392,13.731209986330718,1254.9087621337674,1399,14008320,2.6717152047136064,1033.9966433166546,1389,5689344,1.0850913506863156,1182.9611663066955,2788,19697664,3.7568065553999217,1108.2117517934005,0,0,0,0,6315,92385280,17.620039895413857,1454.2904069675378,6315,92385280,17.620039895413857,1454.2904069675378,
