5,7098.560676650931,14199,99790848,19.031879666596087,2911.8824444679203,21297,187355136,35.73193809587372,34033.09154397333,35496,287145984,54.763817762469806,21584.081852631283,12032,77434880,14.768201169683495,3141.6787930518617,9462,38756352,7.391521791459679,5955.585520080322,21494,116191232,22.159722961143174,4380.405202800782,2167,22355968,4.26367849691259,1635.966585602215,2210,9052160,1.7264070132240426,1970.1743488687782,4377,31408128,5.990085510136633,1804.7121092072196,0,0,0,0,9625,139546624,26.61400929119,68997.08208935066,9625,139546624,26.61400929119,68997.08208935066,
10,7919.5674624923395,15520,108298240,20.655643500733277,552.199899484536,24079,222195712,42.37922439426165,17091.63635533037,39599,330493952,63.034867894994925,10609.350090658854,13134,84484096,16.11358936634359,538.1648909700016,10285,42127360,8.034920325455436,1376.674019348566,23419,126611456,24.148509691799028,906.4157294077459,2386,23814144,4.5420541343896845,629.4571508801341,2409,9867264,1.8819759906681717,989.4661440431714,4795,33681408,6.424030125057857,810.3250684045881,0,0,0,0,11385,170201088,32.46232807813804,34695.37071321915,11385,170201088,32.46232807813804,34695.37071321915,
15,6078.710414507762,12813,88047616,15.879716116050108,33786.35465285257,19330,176836608,31.89314216031966,39614.23529410243,32143,264884224,47.77285827636977,37291.096985408956,10876,68530176,12.359672978118459,33691.384223611625,8333,34131968,6.155827800290545,33726.14176491059,19209,102662144,18.515500778409002,33706.46229074913,1937,19517440,3.520043137931651,34319.60111048012,1954,8003584,1.4434762416617934,39497.98536438075,3891,27521024,4.9635193795934445,36920.10556489334,0,0,0,0,9043,134701056,24.29383811836732,45065.15155435143,9043,134701056,24.29383811836732,45065.15155435143,
20,5864.380752905344,11665,80273408,15.30358044449425,66217.06002443207,17671,159232000,30.356500141836616,99735.43585818572,29336,239505408,45.660080586330864,86407.37974621625,9836,61140992,11.65611517986354,65714.81388470923,7726,31645696,6.033037172883079,69905.21121472948,17562,92786688,17.68915235274662,67558.28329432866,1829,19132416,3.6474652646307093,68918.0403581192,1874,7675904,1.4633590036219117,63793.749854322305,3703,26808320,5.110824268252621,66324.75912557385,0,0,0,0,8071,119910400,22.860103965331625,136635.82430652954,8071,119910400,22.860103965331625,136635.82430652954,
25,10688.367824397716,21109,146862080,28.010586164356916,1128.2081478042542,32335,295514112,56.36256477478339,36338.50042375136,53444,442376192,84.3731509391403,22431.344154516875,17854,113160192,21.582721069939716,1110.2038450767336,13962,57188352,10.907371469160543,2410.533702907893,31816,170348544,32.49009253910026,1680.8351461528791,3255,33701888,6.4278650944172,1226.9635459293395,3285,13455360,2.5663024836121173,3023.25602891933,6540,47157248,8.994167578029318,2129.2297243119265,0,0,0,0,15088,224870400,42.88889082201073,74987.9469503579,15088,224870400,42.88889082201073,74987.9469503579,
30,7545.752760215601,14850,103550976,19.74961068267499,541.1490752188552,22881,205844480,39.25939183014247,7680.353189239981,37731,309395456,59.00900251281746,4870.536828867509,12536,78782464,15.025671922414888,486.0860955647735,9840,40304640,7.687044385804435,1259.8097683943088,22376,119087104,22.712716308219324,826.3364057472292,2314,24768512,4.723938760260103,839.450506914434,2286,9363456,1.7858316530435914,1172.4626255468067,4600,34131968,6.509770413303695,1004.9430510869565,0,0,0,0,10755,156176384,29.78651579129444,14937.925024639704,10755,156176384,29.78651579129444,14937.925024639704,
35,7306.06037926432,14488,99483648,18.97255996941843,2688.7975768221977,22047,197840896,37.73030381599471,40099.66327423232,36535,297324544,56.702863785413136,25264.337635144384,12162,77643776,14.8074706348936,2957.0000184180235,9655,39546880,7.541998785603382,5746.5193167270845,21817,117190656,22.34946942049698,4191.487290965761,2326,21839872,4.165089334524829,1286.442420034394,2334,9560064,1.8232030207766228,2381.651655955441,4660,31399936,5.988292355301453,1834.9871317596567,0,0,0,0,10058,148733952,28.365102009614706,81828.97765350965,10058,148733952,28.365102009614706,81828.97765350965,
40,7653.569820343016,15025,105095168,20.043138428791885,539.4515607986689,23247,210735104,40.19017183813679,8899.470848711662,38272,315830272,60.233310266928676,5617.455542459239,12739,81506304,15.5444076543195,493.1455410942774,9854,40361984,7.69760254413108,1290.8066067586767,22593,121868288,23.24201019845058,841.0476409064755,2286,23588864,4.498730774472386,797.4972235345582,2396,9814016,1.8716719804889452,1106.4166231218699,4682,33402880,6.370402754961331,955.5858355403674,0,0,0,0,10997,160559104,30.620897313516764,17415.242001273073,10997,160559104,30.620897313516764,17415.242001273073,
45,7578.8380882706915,14688,100417536,19.151705050453806,1750.2334758986929,23209,210214912,40.092339965711794,44670.44425671076,37897,310632448,59.2440450161656,28035.564030081536,12467,78483456,14.968421458302553,993.3398744685971,9896,40534016,7.730676830612289,2299.4833655012126,22363,119017472,22.699098288914843,1571.330125653982,2221,21934080,4.183283592151254,5998.856856821252,2371,9711616,1.8522064233409192,8202.016363981442,4592,31645696,6.035490015492173,7136.420269599303,0,0,0,0,10942,159969280,30.509456711758585,90893.22542222629,10942,159969280,30.509456711758585,90893.22542222629,
50,7530.4360555315225,14855,102969344,19.638894606151464,4418.67260646247,22799,207769600,39.626991085446235,23833.375706039737,37654,310738944,59.265885691597695,16174.019076087534,12646,79503360,15.16332965931023,5125.559235726712,9844,40321024,7.690253331594534,8740.697649126372,22490,119824384,22.853582990904766,6707.925733792797,2209,23465984,4.4755649468412315,371.9146555002264,2299,9416704,1.7960069493433395,985.298294475859,4508,32882688,6.271571896184572,684.729426131322,0,0,0,0,10656,158031872,30.14073080450836,42705.37765437312,10656,158031872,30.14073080450836,42705.37765437312,
55,5468.03059603771,10894,76226560,14.538612082166804,4135.76617587663,16447,145072128,27.669455278139917,69684.7317093695,27341,221298688,42.20806736030672,43566.79781807542,9191,58572800,11.171528897097543,3471.258287128713,7309,29937664,5.709979350271745,5890.017334792721,16500,88510464,16.88150824736929,4542.695249515152,1703,17653760,3.3670831850692595,7722.079743394011,1718,7036928,1.342145919245705,8981.978547147846,3421,24690688,4.709229104314964,8354.791273604209,0,0,0,0,7420,108097536,20.617330008622467,146580.00088679246,7420,108097536,20.617330008622467,146580.00088679246,
60,8921.351336317513,19259,134074368,23.203621875991733,12438.624063398931,29902,271998976,47.07358672584569,40100.4515892248,49161,406073344,70.27720860183743,29263.83035857692,16261,103383040,17.892017723704864,12465.230509009287,12941,53006336,9.17355789867134,13567.04278989259,29202,156389376,27.065575622376205,12953.50366587905,2998,30691328,5.311604152286868,12294.312051367579,2953,12095488,2.0933093636331406,12358.683051811717,5951,42786816,7.404913515920009,12326.254172744077,0,0,0,0,14008,206897152,35.80671946354121,70460.98027020274,14008,206897152,35.80671946354121,70460.98027020274,
65,8029.534978431652,15761,108908544,20.772488038546363,14112.518659095234,24387,221868032,42.317626070327606,25276.11569713372,40148,330776576,63.09011410887397,20893.59470190296,13238,83554304,15.936589698683939,14679.669956337815,10526,43114496,8.223370908787055,15985.218472734181,23764,126668800,24.159960607470992,15257.948179010269,2523,25354240,4.835898339862424,11136.716489892984,2459,10072064,1.9210781934930048,12934.575879625865,4982,35426304,6.756976533355428,12024.098312324368,0,0,0,0,11402,168681472,32.17317696804755,36514.83088703736,11402,168681472,32.17317696804755,36514.83088703736,
70,7467.111629720706,14724,101928960,19.44117617145648,1367.6209557185548,22612,203407360,38.796415859936864,23831.24628144348,37336,305336320,58.23759203139334,14972.385683201199,12490,78819328,15.033415835536951,446.0504304243395,9841,40308736,7.688190263343509,959.6444183517935,22331,119128064,22.72160609888046,672.3850520352872,2234,23109632,4.407760335919528,6520.00048164727,2299,9416704,1.79607249420046,8743.14551631144,4533,32526336,6.203832830119988,7647.512159276417,0,0,0,0,10472,153681920,29.31215310239289,48637.10739619939,10472,153681920,29.31215310239289,48637.10739619939,
75,7328.437012222657,14524,99729408,19.018856798716556,10074.314468534838,22124,199348224,38.016623194378845,10850.376770023504,36648,299077632,57.0354799930954,10542.814860319799,12300,77983744,14.87185865741599,10008.724144227643,9707,39759872,7.582390461029308,10532.143858246627,22007,117743616,22.454249118445297,10239.597737356296,2224,21745664,4.146998141300567,10437.066711780575,2260,9256960,1.7653448482462386,10663.862808849559,4484,31002624,5.912342989546805,10551.37518175736,0,0,0,0,10157,150331392,28.668887885103295,11196.011152899478,10157,150331392,28.668887885103295,11196.011152899478,
80,7652.3765710471935,15152,105340928,20.09107580050273,2471.117278379092,23112,213102592,40.64384480413545,26153.461657104534,38264,318443520,60.73492060463818,16775.589975459963,12759,81346560,15.514766521424068,2420.466298769496,9860,40386560,7.7026987865680425,4052.002496653144,22619,121733120,23.21746530799211,3131.6801858172335,2393,23994368,4.576309279078661,2741.1782264939407,2410,9871360,1.8827083241003024,3499.661504979253,4803,33865728,6.459017603178963,3121.7621742660835,0,0,0,0,10842,162844672,31.058437693467106,51288.680776148314,10842,162844672,31.058437693467106,51288.680776148314,
85,7555.389432358114,14799,102891520,19.623414188727896,317.03087100479763,22981,207040512,39.4866527467209,411.52836321308905,37780,309932032,59.1100669354488,374.51225979354155,12437,79224832,15.109716450572252,216.60377534775267,9937,40701952,7.762653932857846,374.5375733118648,22374,119926784,22.8723703834301,286.7471627782247,2362,23666688,4.513697738155645,845.8250237087213,2405,9850880,1.8787544237217593,555.2775293139292,4767,33517568,6.3924521618774035,699.2408567233061,0,0,0,0,10639,156487680,29.845244390141293,413.58313666698,10639,156487680,29.845244390141293,413.58313666698,
90,7485.980324255799,14950,103260160,19.69157809854813,1599.8706224749162,22487,200679424,38.26930493297371,15351.789193222752,37437,303939584,57.96088303152184,9860.131671715148,12602,78987264,15.062768427306711,1817.2937653547056,9880,40468480,7.717286458296531,3820.6197302631576,22482,119455744,22.780054885603242,2697.6807653233695,2348,24272896,4.628809671241421,432.934316439523,2255,9236480,1.7613847129006759,998.1450496674058,4603,33509376,6.390194384142097,709.8298635672388,0,0,0,0,10352,150974464,28.7906337617765,29483.881720054098,10352,150974464,28.7906337617765,29483.881720054098,
95,7593.938537658572,14888,102596608,19.568076263307024,1169.6450530628695,23083,212193280,40.47126280823301,33024.10422601048,37971,314789888,60.03933907154003,20534.330762924335,12640,80433152,15.34087805743213,1127.082992879747,9887,40497152,7.7239528112151286,2539.347157074947,22527,120930304,23.06483086864726,1746.9194465308296,2248,22163456,4.227198205874893,1408.9619750889678,2235,9154560,1.7460336333635897,1849.9425910514542,4483,31318016,5.973231839238482,1628.8128956056212,0,0,0,0,10961,162541568,31.001276363654288,66878.40989106834,10961,162541568,31.001276363654288,66878.40989106834,
100,7417.540948316412,14862,100278272,19.125894543433784,3369.005993607859,22227,203993088,38.9072349459453,27614.94289094345,37089,304271360,58.033129489379085,17899.309841570277,12582,77606912,14.80182680804019,3662.1249367350183,9643,39497728,7.533330654453557,6534.4426898268175,22225,117104640,22.335157462493747,4908.368360494937,2280,22671360,4.324067735393595,1751.4522469298247,2265,9277440,1.7694694526949402,2158.5045430463574,4545,31948800,6.093537188088535,1954.3066915291529,0,0,0,0,10319,155217920,29.604434838796802,52902.09244975288,10319,155217920,29.604434838796802,52902.09244975288,
105,7500.200093831117,14580,102371328,19.52474020256724,2095.5463690672154,22923,205418496,39.178379782297036,43454.60247480696,37503,307789824,58.70311998486427,27375.48779007013,12256,79785984,15.217157380298776,1698.6487996083551,9952,40763392,7.7745854637678224,3544.6654354903535,22208,120549376,22.991742844066597,2525.898329520893,2324,22585344,4.307582822268466,4188.651623493976,2337,9572352,1.825683905629562,4920.966447154472,4661,32157696,6.133266727898028,4555.830285346492,0,0,0,0,10634,155082752,29.578110412899647,89273.37253422983,10634,155082752,29.578110412899647,89273.37253422983,
110,7519.257453957032,14835,100306944,19.123530240329323,879.1312465790361,22778,204836864,39.052171333604036,10820.65398120994,37613,305143808,58.17570157393336,6899.603020950204,12577,79249408,15.10890861570059,873.580090482627,10072,41254912,7.865253647784596,2083.184271544877,22649,120504320,22.974162263485187,1411.4905197138946,2258,21057536,4.014621624628734,910.0510385296723,2275,9318400,1.7765540159561115,1899.7912654945053,4533,30375936,5.791175640584845,1406.7770514008382,0,0,0,0,10431,154263552,29.410363669863326,21203.04853532739,10431,154263552,29.410363669863326,21203.04853532739,
115,7434.363779783986,14751,101376000,19.334803007231788,4892.994789438005,22423,202182656,38.56101863595831,29103.40214529724,37174,303558656,57.895821643190104,19496.48013243127,12447,77615104,14.80303766400142,5496.024422993492,9725,39833600,7.597210474558754,9158.465290282777,22172,117448704,22.400248138560173,7102.430585468158,2304,23760896,4.531765343230368,1635.2214175347221,2319,9498624,1.8116124514654754,1796.4284325140147,4623,33259520,6.343377794695844,1716.0864548994161,0,0,0,0,10379,152850432,29.152195709934087,53892.82144917622,10379,152850432,29.152195709934087,53892.82144917622,
120,7409.791600444191,14632,105177088,20.05983187829423,1829.7602125478404,22419,202280960,38.57990487224708,17379.224552790045,37051,307458048,58.6397367505413,11238.506023562117,12264,80138240,15.284313836701713,2090.16410828441,9752,39944192,7.618330106594178,3764.806597621001,22016,120082432,22.902643943295892,2831.947972565407,2368,25038848,4.775518041592516,481.1143606418919,2308,9453568,1.803025624079098,1009.7013401213172,4676,34492416,6.578543665671614,742.0165737810095,0,0,0,0,10359,152883200,29.1585491415738,33843.03992817839,10359,152883200,29.1585491415738,33843.03992817839,
125,7673.446089361603,14955,103067648,19.656150231065094,5739.864269876296,23417,213278720,40.67463110644834,35261.948750395015,38372,316346368,60.33078133751343,23756.09100500365,12644,81379328,15.519945665890445,6674.007283770959,10060,41205760,7.858398097385639,11464.525627435389,22704,122585088,23.378343763276085,8796.655915609585,2311,21688320,4.136204565174649,628.9580527909995,2395,9809920,1.8708611772602988,1103.9635544885177,4706,31498240,6.007065742434947,870.700121759456,0,0,0,0,10962,162263040,30.945371831802397,64564.12455418719,10962,162263040,30.945371831802397,64564.12455418719,
130,7452.007152538939,14716,99921920,19.057589091075887,3183.287665941832,22546,205152256,39.127624809002945,19755.623793577575,37262,305074176,58.18521390007883,13210.658454779668,12452,77828096,14.84374873209809,3688.7451518631547,9800,40140800,7.655846406744976,7146.55639367347,22252,117968896,22.499595138843066,5211.599284963149,2264,22093824,4.213840358977796,403.2714933745583,2291,9383936,1.7897493997808918,1112.2227429070274,4555,31477760,6.003589758758688,759.8482908891327,0,0,0,0,10455,155627520,29.682029002477076,35660.061127498804,10455,155627520,29.682029002477076,35660.061127498804,
135,7447.527657664471,14827,102539264,19.553421779139494,4766.243188237675,22419,204685312,39.03186039574813,24751.431150988003,37246,307224576,58.585282174887624,16795.667258927133,12466,78503936,14.97007596944106,5523.38183747794,9836,40288256,7.682649860973718,9304.99929056527,22302,118792192,22.652725830414777,7191.21383768272,2361,24035328,4.583345809698431,768.5767750952987,2272,9306112,1.774601513230204,1426.9788125,4633,33341440,6.357947322928636,1091.453837254479,0,0,0,0,10311,155090944,29.57460902154421,44625.765307923575,10311,155090944,29.57460902154421,44625.765307923575,
140,7517.805866298825,14940,102756352,19.597669942224933,5262.19577476573,22652,207044608,39.48750429463809,28456.145572752957,37592,309800960,59.085174236863025,19238.29044448287,12639,80826368,15.415187984610538,5997.361632724108,9736,39878656,7.605648924044402,10352.299134963025,22375,120705024,23.02083690865494,7892.319019173185,2301,21929984,4.182481957614393,1224.055279878314,2299,9416704,1.7959518155688252,1556.1577694649848,4600,31346688,5.978433773183219,1390.034328478261,0,0,0,0,10617,157749248,30.085903555024863,50882.64278270698,10617,157749248,30.085903555024863,50882.64278270698,
145,6161.916969634875,12238,85385216,16.228830236053913,6448.675805442066,18680,168304640,31.98899714091218,86945.75240396145,30918,253689856,48.21782737696609,55083.30258790995,10266,65282048,12.407900618930599,6146.737014416521,8121,33263616,6.322283908039616,8412.013642285432,18387,98545664,18.730184526970216,7147.243431718061,1972,20103168,3.8209296171233142,8020.5336293103455,1826,7479296,1.4215602039256665,6525.88184720701,3798,27582464,5.242489821048981,7301.935905739863,0,0,0,0,8733,127561728,24.2451530289469,176791.07201007672,8733,127561728,24.2451530289469,176791.07201007672,
150,6955.3186995355545,13680,91971584,17.538956494481337,61252.680678508776,21103,191307776,36.48234176677854,81544.93468663223,34783,283279360,54.02129826125987,73564.08096984158,11562,70582272,13.460020411191875,62449.62164054662,9165,37539840,7.158837457554175,65451.94756181124,20727,108122112,20.61885786874605,63777.18072137791,2118,21389312,4.07893608328946,54718.67151746931,2119,8679424,1.6551638377040148,56111.88669655498,4237,30068736,5.734099920993475,55415.4435175832,0,0,0,0,9819,145088512,27.668340471520345,102054.64603096039,9819,145088512,27.668340471520345,102054.64603096039,
155,9272.15447705831,18311,127688704,24.35404261469318,2786.3883731090605,28051,253116416,48.27684664841149,32086.84227713807,46362,380805120,72.63088926310468,20514.420650877873,15565,98840576,18.851844560696772,3127.064197815612,12026,49258496,9.395063722470654,5659.736318559787,27591,148099072,28.246908283167425,4230.971809865536,2746,28848128,5.50219805399641,855.3544286234523,2856,11698176,2.2311909189569423,1548.4059103641457,5602,40546304,7.733388972953352,1208.684495001785,0,0,0,0,13169,192159744,36.65059200698389,62843.17537163034,13169,192159744,36.65059200698389,62843.17537163034,
160,7649.8196800891765,14981,102072320,19.46727320097461,6815.234525398839,23271,214974464,41.000014714283765,29761.958111727043,38252,317046784,60.467287915258375,20775.111252823383,12695,79679488,15.196503434131586,7874.528382355258,10057,41193472,7.856435256107611,12951.970800437506,22752,120872960,23.052938690239195,10118.89540058017,2286,22392832,4.270769766843025,932.5855691163605,2321,9506816,1.8131437038307412,1385.12638948729,4607,31899648,6.0839134706737665,1160.5749861080963,0,0,0,0,10893,164274176,31.330435754345416,51328.16290535207,10893,164274176,31.330435754345416,51328.16290535207,
165,7434.5129466270655,14659,101294080,19.318007560337136,31761.821509652775,22518,200560640,38.2493425067492,51939.33226667555,37177,301854720,57.56735006708634,43983.28067060279,12327,78200832,14.913845545570425,32141.796765798656,9805,40161280,7.6592423828995395,33590.38420326364,22132,118362112,22.573087928469963,32783.555297532985,2332,23093248,4.404162014766711,29753.264484562606,2265,9277440,1.7693201425056049,27422.485483443706,4597,32370688,6.173482157272316,28604.860212747444,0,0,0,0,10448,151121920,28.82077998134406,74473.98901684533,10448,151121920,28.82077998134406,74473.98901684533,
170,7520.643565632123,14713,101564416,19.370441827498244,2143.5373947529397,22893,205758464,39.24240904833629,37095.87980299655,37606,307322880,58.61285087583453,23421.098814524277,12465,78770176,15.023107226351778,1572.139639550742,9852,40353792,7.696305568822096,3420.545885708486,22317,119123968,22.719412795173874,2388.1318579110093,2248,22794240,4.347334601146464,5311.897278469751,2300,9420800,1.7967420633669122,3662.6564513043477,4548,32215040,6.144076664513376,4477.848487247142,0,0,0,0,10741,155983872,29.749361416147284,75143.15691518481,10741,155983872,29.749361416147284,75143.15691518481,
175,7517.494785142987,15033,104771584,19.983314063536366,7957.040001929089,22555,205197312,39.137733478282236,26781.96391939703,37588,309968896,59.121047541818605,19253.096162365648,12597,79917056,15.242755412395248,7866.968788441693,9744,39911424,7.612393456941176,8808.78524846059,22341,119828480,22.855148869336425,8277.740892932277,2436,24854528,4.740558651141119,8422.814663793104,2344,9601024,1.8312243701837148,9002.25247482935,4780,34455552,6.571783021324833,8706.957389539748,0,0,0,0,10467,155684864,29.694115651157347,47495.281641349,10467,155684864,29.694115651157347,47495.281641349,
180,7470.8519396679185,14812,102666240,19.581643173162938,455.38032763975156,22543,202530816,38.62892193657349,3405.1148575167454,37355,305197056,58.21056510973643,2235.486484968545,12516,79089664,15.084857292264239,449.9161064237776,9823,40235008,7.67406666227726,950.0322297668737,22339,119324672,22.758923954541498,669.8292932091857,2296,23576576,4.496785880898698,485.1669969512195,2361,9670656,1.8444946950663352,566.013768318509,4657,33247232,6.341280575965033,526.1545913678333,0,0,0,0,10359,152625152,29.110360579229894,6380.247044405831,10359,152625152,29.110360579229894,6380.247044405831,
185,7536.55863651657,14700,101109760,19.284026919531513,199.34966585034013,22985,206958592,39.471907156701185,279.1182257124211,37685,308068352,58.7559340762327,248.0024547167308,12391,78319616,14.93740647066486,176.64565668630456,10123,41463808,7.908130626146141,266.3086029833053,22514,119783424,22.845537096811,216.96092742293683,2309,22790144,4.346620448866653,321.18828757037676,2361,9670656,1.8444232350420862,295.85888987717067,4670,32460800,6.191043683908739,308.38256852248395,0,0,0,0,10501,155824128,29.719353295512956,287.7028464908104,10501,155824128,29.719353295512956,287.7028464908104,
190,7422.991675440009,14831,103718912,19.781191403670803,4613.473879374284,22287,200257536,38.192963783147825,20634.41809929555,37118,303976448,57.97415518681862,14233.03268721375,12519,79175680,15.100325007225203,5296.28568735522,9702,39739392,7.579066384899065,8140.007871057514,22221,118915072,22.679391392124266,6537.894644030422,2312,24543232,4.680866396445598,916.1896993944637,2269,9293824,1.7725109902428342,1135.5687192595858,4581,33837056,6.453377386688433,1024.8495981226806,0,0,0,0,10316,151224320,28.841386408005924,36673.93509015122,10316,151224320,28.841386408005924,36673.93509015122,
195,7665.506795160394,14941,103194624,19.681546173573956,2388.6371338598487,23389,212127744,40.457553178662444,13307.08808016589,38330,315322368,60.1390993522364,9051.085586329245,12662,80986112,15.445881199646909,2664.925169957353,10078,41279488,7.872930949324376,4564.7079737051,22740,122265600,23.318812148971286,3506.8781645118734,2279,22208512,4.2356649739270456,853.5958380868801,2267,9285632,1.7709798037426434,845.8168173797972,4546,31494144,6.006644777669689,849.716594808623,0,0,0,0,11044,161562624,30.81364242559542,23842.710016570083,11044,161562624,30.81364242559542,23842.710016570083,
200,7467.990821577088,14668,102170624,19.48695417041369,3882.408583719662,22673,206417920,39.36999099655219,30484.699677369557,37341,308588544,58.85694516696588,20034.995444444445,12424,79650816,15.191761978746976,4341.583597231165,9850,40345600,7.6950969603341415,7067.4814035533,22274,119996416,22.88685893908112,5547.029111834426,2244,22519808,4.295192191666712,1340.1668868092693,2247,9203712,1.7554195806975448,1912.6215950155763,4491,31723520,6.050611772364256,1626.585441549766,0,0,0,0,10576,156868608,29.919474455520504,58364.90575226929,10576,156868608,29.919474455520504,58364.90575226929,
205,7495.059257637277,14840,104558592,19.940465922419747,1706.8034218328842,22640,207360000,39.54581765669682,10941.421768772085,37480,311918592,59.48628357911657,7285.025390208111,12627,80732160,15.39650500767396,1428.1410279559675,9852,40353792,7.695909047975843,2322.2237371092165,22479,121085952,23.092414055649805,1819.9957746341029,2213,23826432,4.543960914745785,3296.803443289652,2302,9428992,1.7982117974462435,2791.624509122502,4515,33255424,6.342172712192029,3039.234914728682,0,0,0,0,10486,157577216,30.05169681127473,20828.621110719054,10486,157577216,30.05169681127473,20828.621110719054,
210,7544.173104309722,14871,102490112,19.546295085325326,1294.239343890794,22854,208171008,39.70111722170446,8766.637759648202,37725,310661120,59.247412307029784,5821.0569288800525,12611,80289792,15.312384152447727,1313.4605541194196,9948,40747008,7.77102323990154,2055.3696018295136,22559,121036800,23.083407392349265,1640.6253755485616,2260,22200320,4.233910932877598,1186.983289823009,2274,9314304,1.776367797299568,1916.4428214599823,4534,31514624,6.010278730177166,1552.8392613586236,0,0,0,0,10632,158109696,30.153726184503352,16511.280246802107,10632,158109696,30.153726184503352,16511.280246802107,
215,7455.028137697742,14819,101998592,19.45267345189202,1149.8739439908227,22460,201633792,38.454612320949664,8195.780930765806,37279,303632384,57.90728577284168,5394.919973202072,12424,78290944,14.931266579369693,978.2114813264649,9679,39645184,7.560935922450521,2317.3199628060747,22103,117936128,22.492202501820213,1564.6129196941592,2395,23707648,4.521406872522328,2040.3684893528184,2351,9629696,1.8365286035418096,2732.4968034878775,4746,33337344,6.357935476064138,2383.2242977243995,0,0,0,0,10430,152358912,29.057147794957334,14882.435263662512,10430,152358912,29.057147794957334,14882.435263662512,
220,6544.6101879495645,12907,89735168,17.114082648066407,21285.306851940808,19819,177627136,33.87663447672302,22456.82691952167,32726,267362304,50.99071712478943,21994.78421609729,10808,68296704,13.025388628531099,21257.913190784602,8609,35262464,6.725175165108806,21355.50131559995,19417,103559168,19.750563793639905,21301.181263428953,2099,21438464,4.0886940195353105,21426.360062887088,1973,8081408,1.541267348212298,23482.061669538773,4072,29519872,5.629961367747608,22422.406052554026,0,0,0,0,9237,134283264,25.610191963401913,23264.288645447657,9237,134283264,25.610191963401913,23264.288645447657,
225,8450.685699719,16603,114950144,21.923665747626263,26296.74000638439,25653,231190528,44.09341026914443,36851.576672124116,42256,346140672,66.01707601677069,32704.427080083304,14072,88506368,16.88022268652752,26699.814364909038,11087,45412352,8.66119163853807,28733.9603606927,25159,133918720,25.54141432506559,27596.216314718393,2531,26443776,5.043443061098745,24055.70390478072,2598,10641408,2.029563982765573,22915.781252117013,5129,37085184,7.073007043864317,23478.2971877559,0,0,0,0,11968,175136768,33.402654647840784,47396.79797443182,11968,175136768,33.402654647840784,47396.79797443182,
230,7476.576901935877,14802,102625280,19.573634680570585,1992.2279860154033,22582,207646720,39.60428697391841,9789.694598131255,37384,310272000,59.177921654489,6702.328323988872,12471,79228928,15.111267835812287,2106.502187635314,9707,39759872,7.583367465348181,3750.7309558050893,22178,118988800,22.694635301160467,2826.1580922535845,2331,23396352,4.462366844758299,1380.8536537966538,2291,9383936,1.7897903433720699,1892.6618869489305,4622,32780288,6.2521571881303695,1634.5431090437041,0,0,0,0,10584,158502912,30.231129165198162,17037.646413832197,10584,158502912,30.231129165198162,17037.646413832197,
236,6679.586833703914,14548,101801984,17.607285978192312,1057.8645702502063,22283,200249344,34.634368881783374,4277.9429689898125,36831,302051328,52.24165485997569,3006.0334214656136,12394,79601664,13.767602627351307,930.2071558011942,9701,39735296,6.872466455075386,2021.9025318008453,22095,119336960,20.64006908242669,1409.5254107264086,2154,22200320,3.8396833508410046,1792.3984582172702,2358,9658368,1.6704747862145921,1158.8012692960135,4512,31858688,5.510158137055597,1461.2765230496454,0,0,0,0,10224,150855680,26.091427640493396,7137.957093505477,10224,150855680,26.091427640493396,7137.957093505477,
241,8339.821465280482,16429,114638848,21.861487127673236,3126.9257256071583,25278,229769216,43.816706514004494,44551.29140193053,41707,344408064,65.67819364167772,28233.62521408876,13884,90112000,17.184247420637814,2324.010806323826,10812,44285952,8.445276505088001,3982.067055493896,24696,134397952,25.629523925725817,3049.913955255912,2545,24526848,4.67723970703542,7507.149984675835,2604,10665984,2.0339900128791304,7502.132679723502,5149,35192832,6.7112297199145505,7504.612586715867,0,0,0,0,11862,174817280,33.33743999603736,89662.61014634969,11862,174817280,33.33743999603736,89662.61014634969,
246,7581.198817726974,14889,101535744,19.365892337315046,1463.3582323191617,23018,207970304,39.666134879778696,8183.626616647841,37907,309506048,59.03202721709374,5544.059360619411,12642,78995456,15.066787672655531,1196.7580484891632,9978,40869888,7.795105641281598,2546.2042336139507,22620,119865344,22.86189331393713,1792.0177317418213,2247,22540288,4.299104664659514,2963.2957151757896,2292,9388032,1.7905774834453219,2423.513171902269,4539,31928320,6.089682148104836,2690.728720423001,0,0,0,0,10748,157712384,30.08045175505178,14645.515391607742,10748,157712384,30.08045175505178,14645.515391607742,
251,7412.020030205172,14556,100814848,19.22792054988093,22389.511720665017,22506,204013568,38.910505291856715,54580.0219941349,37062,304828416,58.13842584173765,41937.28637434569,12297,77221888,14.728151226055548,23467.550971375134,9854,40361984,7.698042867530439,27118.582726507,22151,117583872,22.426194093585988,25091.733487517493,2259,23592960,4.499769323825383,16521.14135059761,2266,9281536,1.7702217513521386,19331.53751853486,4525,32874496,6.269991075177522,17928.51322165746,0,0,0,0,10386,154370048,29.44224067297414,88325.26447101867,10386,154370048,29.44224067297414,88325.26447101867,
256,7295.534817940119,14338,99135488,18.90686988588716,17364.688425582368,22143,199479296,38.044187510333046,44613.75270482771,36481,298614784,56.95105739622021,33904.148153531976,12117,76455936,14.581483009956195,18315.788429396714,9625,39424000,7.518845707212492,22165.630819636364,21742,115879936,22.100328717168686,20020.081181032103,2221,22679552,4.325386875930968,12175.819111661414,2263,9269248,1.7678075673165579,14572.278062748564,4484,31948800,6.093194443247526,13385.271967662802,0,0,0,0,10255,150786048,28.757534235804,72312.1466843491,10255,150786048,28.757534235804,72312.1466843491,
261,7750.783601222168,15266,107458560,20.495521523237283,3703.1329620725796,23489,215654400,41.131664120390425,27309.772066626934,38755,323112960,61.62718564362771,18010.8699231583,12960,82763776,15.785496775244235,4020.742589814815,10140,41533440,7.921653830593712,6798.443308185404,23100,124297216,23.707150605837946,5240.044983073593,2306,24694784,4.710024747993046,1918.1282892454467,2310,9461760,1.8046371152535972,3044.8097069264068,4616,34156544,6.514661863246643,2481.957161611785,0,0,0,0,11039,164659200,31.40537317454312,51228.32779282544,11039,164659200,31.40537317454312,51228.32779282544,
266,7226.783828511857,14343,99897344,19.052281810537814,1952.88727316461,21794,195710976,37.32572377667421,66441.92929379646,36137,295608320,56.37800558721202,40845.82752270526,12047,76263424,14.544853623781359,1249.0343918817964,9577,39227392,7.4813933699422135,2985.6909530124253,21624,115490816,22.02624699372357,2018.17793081761,2296,23633920,4.507428186756455,5645.96900696864,2236,9158656,1.7467260702924494,7731.070325581395,4532,32792576,6.254154257048905,6674.717142100618,0,0,0,0,9981,147324928,28.097604336439545,140482.3937004308,9981,147324928,28.097604336439545,140482.3937004308,
271,7736.295293631788,15334,106897408,20.388259475779332,1073.12809032216,23349,210456576,40.13982527875768,11274.51182825817,38683,317353984,60.52808475453701,7230.667807951813,12891,82165760,15.671257762439014,1045.63130866496,10261,42029056,8.01609052344899,2475.7934453756943,23152,124194816,23.687348285888003,1679.4812432187284,2443,24731648,4.717001713340317,1218.220604584527,2307,9449472,1.8022727646035297,1637.1309007368877,4750,34181120,6.519274477943847,1421.6787210526315,0,0,0,0,10781,158978048,30.32146199070516,21711.121338187553,10781,158978048,30.32146199070516,21711.121338187553,
276,7555.479789699937,14835,103739392,19.78588020065404,2641.0373207954162,22944,209641472,39.98424291980397,29768.621645746163,37779,313380864,59.77012312045801,19116.203279440957,12522,80711680,15.393878838942152,2696.72832223287,9855,40366080,7.698892461698803,5209.708582952816,22377,121077760,23.092771300640955,3803.463830540287,2313,23027712,4.392001361711889,2339.54025205361,2294,9396224,1.792111548162055,2007.3358714036617,4607,32423936,6.184112909873945,2174.1230935532885,0,0,0,0,10795,159879168,30.493238909943113,58088.44358184344,10795,159879168,30.493238909943113,58088.44358184344,
281,7555.446459504909,14792,103395328,19.720170987982993,3344.705869388859,22987,210128896,40.07703093350693,12943.7833083917,37779,313524224,59.79720192148992,9185.357900685565,12408,79564800,15.175071165929946,3855.2393262411347,9917,40620032,7.747293732433836,6276.177322879903,22325,120184832,22.92236489836378,4930.645467905935,2384,23830528,4.5450998220530465,687.5334144295301,2337,9572352,1.8256958205806066,1131.3381480530595,4721,33402880,6.370795642633653,907.2266282567252,0,0,0,0,10733,159936512,30.504041380492488,21676.507886611387,10733,159936512,30.504041380492488,21676.507886611387,
286,7460.4877196248635,14686,101601280,19.37653685607078,5210.816537382541,22621,205578240,39.20614331006622,19409.140381945977,37307,307179520,58.582680166136996,13819.932351783847,12285,78204928,14.914582470992114,5952.732062026862,9738,39886848,7.606882318259111,9290.187993530499,22023,118091776,22.521464789251226,7428.468603868683,2401,23396352,4.461954385078665,1414.718153269471,2285,9359360,1.7849379849273022,1931.8489295404813,4686,32755712,6.246892370005968,1666.8828617157492,0,0,0,0,10598,156332032,29.8143230068798,32475.187685884128,10598,156332032,29.8143230068798,32475.187685884128,
291,7505.170890353309,14635,100122624,19.09578319477668,1370.0554626580115,22893,209784832,40.01099361343795,6259.145065085397,37528,309907456,59.10677680821463,4352.519976311021,12407,78925824,15.053045589107832,753.2145248649956,9949,40751104,7.772211872231762,1990.0724419539652,22356,119676928,22.825257461339593,1303.648386786545,2228,21196800,4.042737605668848,4805.0399847396775,2340,9584640,1.8280204825633053,4303.837161538461,4568,30781440,5.8707580882321535,4548.294230297723,0,0,0,0,10604,159449088,30.410761258642882,10696.001347793284,10604,159449088,30.410761258642882,10696.001347793284,
296,7550.184817115554,14851,102457344,19.540077785157646,2182.7707823715573,22904,207323136,39.53948097759412,20033.82790482012,37755,309780480,59.079558762751766,13012.081134180904,12490,78315520,14.935887393148404,2245.157914091273,9875,40448000,7.714010879045004,3659.0578339240506,22365,118763520,22.649898272193408,2869.448623161189,2361,24141824,4.604190392009241,1852.7346641253705,2334,9560064,1.8232406472598521,2197.7583560411313,4695,33701888,6.427431039269093,2024.2544291799788,0,0,0,0,10695,157315072,30.002229451289264,39045.53812239364,10695,157315072,30.002229451289264,39045.53812239364,
301,7495.577156491137,14686,99401728,18.95881135453843,1182.7153433201688,22793,205983744,39.287113244123255,7715.94968771114,37479,305385472,58.24592459866168,5155.927286320339,12381,77058048,14.697219301670161,1149.988905984977,9934,40689664,7.760706774187604,2093.6296642842763,22315,117747712,22.457926075857767,1570.0707922921802,2305,22343680,4.261592052868268,1358.5010355748373,2311,9465856,1.80541507500982,1171.6992938122025,4616,31809536,6.067007127878088,1264.9787597487,0,0,0,0,10548,155828224,29.72099139492583,14444.797789059536,10548,155828224,29.72099139492583,14444.797789059536,
306,7415.35716040064,14531,99422208,18.96266025700937,2286.1714146996073,22547,204709888,39.044033878169756,22790.84265747106,37078,304132096,58.006694135179124,14754.989110119208,12249,76242944,14.541711285130493,2548.9146233978286,9803,40153088,7.658342953053305,5009.629890543712,22052,116396032,22.2000542381838,3642.8014256756755,2282,23179264,4.42094897187888,875.8552169149868,2285,9359360,1.7850977912605124,1615.983906345733,4567,32538624,6.206046763139391,1246.1626518502298,0,0,0,0,10459,155197440,29.600593133855934,44082.91465293049,10459,155197440,29.600593133855934,44082.91465293049,
311,6942.436161899696,14218,97865728,17.896745444373774,5587.688432198622,21987,196616192,35.95528292055539,6109.499992359121,36205,294481920,53.85202836492916,5904.580319320537,12019,75661312,13.836214868307552,5211.906429070638,9546,39100416,7.1503089612854,5871.735358789021,21565,114761728,20.98652382959295,5503.987438256434,2199,22204416,4.060530576066221,7641.587429740791,2237,9162752,1.6755961812691638,6684.770900312919,4436,31367168,5.736126757335385,7159.080987826871,0,0,0,0,10204,148353024,27.129377778000826,6205.817139651117,10204,148353024,27.129377778000826,6205.817139651117,
316,6772.947789240366,13500,95330304,18.18159856557225,77237.79997533333,20367,184369152,35.16327724643543,86228.22060917171,33867,279699456,53.34487581200768,82644.47600360232,11357,72744960,13.874073666948663,78348.3939356344,8899,36450304,6.9518795924648735,81404.95397718846,20256,109195264,20.825953259413538,79691.2221252962,2143,22585344,4.307524898623589,71352.1184041064,2125,8704000,1.6600454134158733,71953.55372564706,4268,31289344,5.967570312039462,71651.56780857545,0,0,0,0,9343,139214848,26.55135224055468,94068.94809343894,9343,139214848,26.55135224055468,94068.94809343894,
321,8729.339566102315,16946,117727232,22.452988778718566,5290.451934438806,26704,247259136,47.15736972431024,24846.2012970716,43650,364986368,69.6103585030288,17254.18002103093,14345,91201536,17.39399652588364,5575.546606692227,11361,46534656,8.875109787593821,7081.872969632956,25706,137736192,26.26910631347746,6241.281213763324,2601,26525696,5.058992252834925,3718.101656286044,2597,10637312,2.028752761058107,4277.02193916057,5198,37163008,7.087745013893033,3997.346745671412,0,0,0,0,12746,190087168,36.253507175658314,44871.20466444374,12746,190087168,36.253507175658314,44871.20466444374,
326,7540.61433462974,14773,102600704,19.566973568703546,1589.7212723211264,22935,208130048,39.69246788081493,44532.82374549815,37708,310730752,59.25944144951848,27708.84865171847,12463,79273984,15.118336318762761,910.7160069806628,9863,40398848,7.704461667456708,1674.9501923349894,22326,119672832,22.82279798621947,1248.3332142793156,2310,23326720,4.448637249940784,5253.116346753247,2359,9662464,1.8427278792994397,6790.007922424756,4669,32989184,6.291365129240224,6029.6267830370525,0,0,0,0,10713,158068736,30.145278334058787,92301.19015840568,10713,158068736,30.145278334058787,92301.19015840568,
331,7553.289977146226,14977,104206336,19.873913066398714,4476.751073045337,22793,208683008,39.7993837862852,14949.529808713201,37770,312889344,59.67329685268392,10796.741693169182,12677,79851520,15.229037193091584,4773.457249112566,9886,40493056,7.7227115512133055,6179.212034695529,22563,120344576,22.95174874430489,5389.390051057041,2300,24354816,4.644875873307133,2841.384032173913,2274,9314304,1.7763955156240194,3185.8676688654355,4574,33669120,6.421271388931152,3012.646775907302,0,0,0,0,10633,158875648,30.300276719447876,25619.512806921848,10633,158875648,30.300276719447876,25619.512806921848,
336,7467.640213741353,14719,101969920,19.447760914725414,1968.356447516815,22622,203964416,38.90020897809467,10283.264925514984,37341,305934336,58.34796989282008,7005.711086901797,12440,79155200,15.096524590362266,2027.111934807074,9790,40099840,7.647864203862696,3547.2117379979572,22230,119255040,22.744388794224964,2696.557597121008,2279,22814720,4.351236324363147,1647.637596314173,2332,9551872,1.8217384395717882,2006.2860973413378,4611,32366592,6.172974763934936,1829.0230451095206,0,0,0,0,10500,154312704,29.430606334660183,18402.11019533333,10500,154312704,29.430606334660183,18402.11019533333,
341,7473.4403559030125,14815,103038976,19.651653397726303,536.9744122173473,22555,204574720,39.016609514606465,2996.8279280425627,37370,307613696,58.668262912332764,2021.6411515654268,12480,79794176,15.218391629873832,510.37547275641026,9764,39993344,7.6275538152090805,1374.4930954526833,22244,119787520,22.84594544508291,889.6797556194929,2335,23244800,4.433261767852471,679.1391935760172,2284,9355264,1.7842413881541928,950.0743664623468,4619,32600064,6.217503156006664,813.1110348560294,0,0,0,0,10507,155226112,29.60481431124319,4949.360757590179,10507,155226112,29.60481431124319,4949.360757590179,
346,7471.013840690291,14615,101773312,19.410195868734572,1078.2170954498802,22743,208011264,39.67188743099032,42852.74378789078,37358,309784576,59.08208329972489,26509.933476577975,12386,79011840,15.069130209195874,773.8318295656387,9834,40280064,7.682209770722251,1898.2077654057352,22220,119291904,22.751339979918125,1271.4516744374437,2229,22761472,4.341065659538697,2769.6105020188425,2276,9322496,1.7779855031689895,4548.116938488576,4505,32083968,6.119051162707687,3668.1411678135405,0,0,0,0,10633,158408704,30.21169215709908,88928.94410335748,10633,158408704,30.21169215709908,88928.94410335748,
351,7464.19743961068,14741,99885056,19.04696276896368,1333.9978152092801,22589,204320768,38.96168472911569,9854.03502669441,37330,304205824,58.00864749807937,6489.613153281543,12423,77783040,14.832355572156986,1495.3904742010789,9844,40321024,7.688768207072847,3384.545473689557,22267,118104064,22.521123779229836,2330.5654782413435,2318,22102016,4.214607196806693,469.0362092320966,2235,9154560,1.745672180293358,1076.0575261744966,4553,31256576,5.960279377100051,767.0139477267736,0,0,0,0,10510,154845184,29.527244341749487,17780.24196041865,10510,154845184,29.527244341749487,17780.24196041865,
356,6792.794243130669,13557,94396416,17.997253752334853,1925.2986089842884,20421,184586240,35.19249502512237,53759.35679775721,33978,278982656,53.18974877745722,33077.90624548237,11486,73158656,13.948144982663056,1720.6592702420337,8919,36532224,6.965091825786451,3412.878445902007,20405,109690880,20.913236808449508,2460.326157167361,2071,21237760,4.049108769671796,3060.251503621439,2097,8589312,1.6376048389588729,4264.250259895088,4168,29827072,5.686713608630669,3666.0061561900193,0,0,0,0,9405,139464704,26.589798360377046,112539.94997480063,9405,139464704,26.589798360377046,112539.94997480063,
361,8243.481135471062,16003,112054272,21.370792631399368,2784.980177904143,25218,231628800,44.17583519046805,23057.13088674756,41221,343683072,65.54662782186742,15186.986353775987,13420,86740992,16.543088626499415,3091.1454217585692,10674,43720704,8.338335363802933,5327.0384445381305,24094,130461696,24.88142399030235,4081.679252801527,2583,25313280,4.827704004899957,1194.2958679829653,2515,10301440,1.9646724227060501,1873.6430831013915,5098,35614720,6.792376427606007,1529.4387173401333,0,0,0,0,12029,177606656,33.872827403959064,43219.029511264445,12029,177606656,33.872827403959064,43219.029511264445,
366,7478.655473112078,14783,102514688,19.551701424977885,861.8429615098424,22613,203595776,38.829985257709396,4111.41261102021,37396,306110464,58.38168668268728,2826.826341667558,12481,79216640,15.108274954413949,862.7215401009535,9798,40132608,7.654130196657077,1804.3435144927537,22279,119349248,22.762405151071025,1276.8340274249292,2302,23298048,4.443426470563937,857.0794778453519,2300,9420800,1.796744177619032,1305.7284713043477,4602,32718848,6.240170648182969,1081.3064845719255,0,0,0,0,10515,154042368,29.379110883433288,6874.86829614836,10515,154042368,29.379110883433288,6874.86829614836,
371,7448.225278551411,14599,99241984,18.927445766644265,1202.4958202616617,22645,208515072,39.76802516168887,5786.698906955178,37244,307757056,58.69547092833313,3989.771056492321,12370,77504512,14.781671913675462,1058.3346978173,9743,39907328,7.611131458352184,2115.7411087960586,22113,117411840,22.392803372027647,1524.2285458779902,2229,21737472,4.145773852968802,2002.5286083445492,2216,9076736,1.731116423248326,1850.0262084837543,4445,30814208,5.876890276217129,1926.5004152980878,0,0,0,0,10686,159531008,30.425777280088358,9950.072342036308,10686,159531008,30.425777280088358,9950.072342036308,
376,7400.233586708297,14504,101662720,19.34261914542711,5076.019545849421,22589,204111872,38.83486693210813,21825.8406681128,37093,305774592,58.177486077535235,15276.372963766747,12162,77312000,14.709586477435,5915.199231540865,9772,40026112,7.615474387152044,9216.540137945149,21934,117338112,22.325060864587044,7386.007261876538,2342,24350720,4.63303266799211,718.1615879590094,2296,9404416,1.7893091683279874,1309.1693166376306,4638,33755136,6.422341836320097,1010.7346248382923,0,0,0,0,10521,154681344,29.430083376628097,38014.830517346265,10521,154681344,29.430083376628097,38014.830517346265,
381,7499.1446864307045,14844,101240832,19.30898389731908,7337.225351589868,22654,206151680,39.31792529643845,32042.527657058356,37498,307392512,58.626909193757534,22262.659199477304,12531,78176256,14.910032231429055,7486.510051073338,9945,40734720,7.769059548441892,10050.816438813474,22476,118910976,22.679091779870948,8621.143750400428,2313,23064576,4.398951665890024,6528.454677475141,2257,9244672,1.763174198173288,6618.865626938414,4570,32309248,6.162125864063313,6573.106212035011,0,0,0,0,10452,156172288,29.785691549823273,58457.45047254114,10452,156172288,29.785691549823273,58457.45047254114,
386,7530.6718995839665,14810,103899136,19.815797885468005,559.6182950708981,22846,206950400,39.469888360926866,2166.75500424582,37656,310849536,59.285686246394874,1534.6726093318462,12549,79863808,15.231744349556696,444.6273508646108,9819,40218624,7.670555839998831,787.8943625623791,22368,120082432,22.902300189555525,595.3130978183119,2261,24035328,4.584053535911308,1197.840921716055,2347,9613312,1.8334651753210363,1651.4308883681294,4608,33648640,6.417518711232344,1428.8686239149306,0,0,0,0,10680,157118464,29.965867345607002,3547.7005417603,10680,157118464,29.965867345607002,3547.7005417603,
391,7503.176733795364,14811,105906176,20.1988605499582,461.98328883937614,22707,204939264,39.08685754782675,541.5557276610737,37518,310845440,59.28571809778496,510.1428753931446,12541,82939904,15.818638895270096,411.16995438960214,9804,40157184,7.658942946774064,522.8808872909017,22345,123097088,23.47758184204416,460.18378236742,2270,22966272,4.380221654688104,742.7101731277534,2281,9342976,1.7819307284365198,529.64937395879,4551,32309248,6.162152383124624,635.9222841133817,0,0,0,0,10622,155439104,29.645983872616174,561.349224910563,10622,155439104,29.645983872616174,561.349224910563,
396,7551.145761180105,14810,102772736,19.600645530470594,194.96673625928426,22949,208982016,39.85670302539317,290.38986570220925,37759,311754752,59.45734855586377,252.96258883974681,12476,79831040,15.225243369689206,176.31903606925297,9839,40300544,7.6860528226973885,280.17810458379915,22315,120131584,22.911296192386594,222.11197244006274,2334,22941696,4.3754021607813876,294.64484575835473,2422,9920512,1.8920235731855954,276.9064529314616,4756,32862208,6.267425733966983,285.6115431034483,0,0,0,0,10688,158760960,30.278626629510192,302.8459232784431,10688,158760960,30.278626629510192,302.8459232784431,
401,7478.278312884437,14508,101335040,19.32729361327247,7614.547151571546,22885,207945728,39.66079394335557,8781.707098754643,37393,309280768,58.988087556628045,8328.864146498008,12325,78143488,14.904046384559912,7657.631879918864,9939,40710144,7.764509750295679,8137.702761444813,22264,118853632,22.66855613485559,7871.943076985268,2183,23191552,4.42324722871256,7371.295077874484,2368,9699328,1.8499204234530806,7959.795225084459,4551,32890880,6.2731676521656405,7677.506536585365,0,0,0,0,10578,157536256,30.046363769606813,9570.802052940066,10578,157536256,30.046363769606813,9570.802052940066,
406,7456.540644445163,14739,102453248,19.541250697736196,181.78911880046135,22544,203530240,38.82000348500826,258.29903047374023,37283,305983488,58.36125418274446,228.0525484805407,12397,78905344,15.049880199943633,138.1979328869888,9764,39993344,7.628064279082726,241.7372496927489,22161,118898688,22.67794447902636,183.81671765714543,2342,23547904,4.4913704977925635,412.5320444064902,2354,9641984,1.8390478608112184,302.9951690739167,4696,33189888,6.330418358603782,357.6236533219761,0,0,0,0,10426,153894912,29.352891345114315,263.71764905045075,10426,153894912,29.352891345114315,263.71764905045075,
411,6894.911261104329,13826,96419840,18.38718822123007,1285.9467391147116,20655,186081280,35.48555483816831,23751.301058097313,34481,282501120,53.87274305939838,14743.267972796613,11704,74186752,14.147355695111258,405.6442904989747,9093,37244928,7.10257869565187,693.3872272077422,20797,111431680,21.249934390763126,531.4531342501323,2122,22233088,4.2398325261188115,6141.300112629594,2135,8744960,1.6676570455533644,7549.721868384076,4257,30978048,5.907489571672175,6847.661505285412,0,0,0,0,9427,140091392,26.715319096963075,49661.55692256285,9427,140091392,26.715319096963075,49661.55692256285,
416,8102.366998164304,15985,112021504,21.365264460355867,763.3138823271818,24529,223555584,42.63756513882639,23107.95686183701,40514,335577088,64.00282959918225,14291.766951498248,13554,86568960,16.510836387788263,452.89787236240227,10555,43233280,8.245653090754915,799.8251845570819,24109,129802240,24.75648947854318,604.7837979592683,2431,25452544,4.854428072567602,2494.0331744138216,2487,10186752,1.9428649205786332,2449.652326899879,4918,35639296,6.797292993146236,2471.590074013827,0,0,0,0,11487,170135552,32.44904712749284,48078.75282528075,11487,170135552,32.44904712749284,48078.75282528075,
421,7493.314620110019,14867,101453824,19.35004431130242,194.3765346068474,22601,203911168,38.89148758325199,285.6798194770143,37468,305364992,58.241531894554406,249.45141293904132,12524,77836288,14.845528363990468,160.00340442350688,9887,40497152,7.723924587421657,273.34861444320825,22411,118333440,22.569452951412124,210.00760287358887,2343,23617536,4.504515947311953,378.1106713615024,2286,9363456,1.7858694858749782,298.6358228346457,4629,32980992,6.290385433186931,338.86256081227043,0,0,0,0,10428,154050560,29.381693509955348,294.53110452627544,10428,154050560,29.381693509955348,294.53110452627544,
426,7516.066020076022,14914,101703680,19.396543334439983,6413.930344977874,22670,205500416,39.19226643705954,25235.08335275695,37584,307204096,58.58880977149952,17766.514920498084,12557,77885440,14.854018183825062,7385.413124552042,9894,40525824,7.728932732619782,11774.853932383263,22451,118411264,22.582950916444844,9319.80924733865,2357,23818240,4.542525150614922,1238.3218328383539,2337,9572352,1.825602971106977,2032.1609015832264,4694,33390592,6.368128121721899,1633.5501889646357,0,0,0,0,10439,155402240,29.63773073333278,43187.06531018297,10439,155402240,29.63773073333278,43187.06531018297,
431,7559.9295657902885,14960,100544512,19.175643204103988,271.2373347593583,22843,203513856,38.81374539614253,300.248718951101,37803,304058368,57.98938860024652,288.7678759622252,12673,77258752,14.73463079463109,169.36182103685,9820,40222720,7.67119469850903,266.1706463340122,22493,117481472,22.40582549314012,211.6266440670431,2287,23285760,4.441012409472895,835.7622081329253,2299,9416704,1.7959344818607188,507.5356676816007,4586,32702464,6.236946891333615,671.2195093763629,0,0,0,0,10724,153874432,29.346616215772784,287.0161544199925,10724,153874432,29.346616215772784,287.0161544199925,
436,7446.113870031436,14809,101593088,19.376078755571935,1254.9838061314067,22424,202764288,38.671694014315904,1631.3766613449875,37233,304357376,58.04777276988784,1481.6707071415142,12563,79093760,15.084952657746806,1206.4735151635755,9725,39833600,7.5971602587564835,1433.7252947043703,22288,118927360,22.68211291650329,1305.6310688262743,2246,22499328,4.291126097825127,1526.3260970614426,2297,9408512,1.7944140991633566,1505.740806704397,4543,31907840,6.085540196988484,1515.917906009245,0,0,0,0,10402,153522176,29.280119656396067,1843.9074341472794,10402,153522176,29.280119656396067,1843.9074341472794,
441,7442.393945022353,14748,102981632,19.640588111916397,2280.0812938025497,22467,203173888,38.7491882950994,23985.55868847643,37215,306155520,58.3897764070158,15383.85559519011,12472,80826368,15.41515095109563,394.54697666773575,9751,39940096,7.617348447987304,757.1579985642499,22223,120766464,23.032499399082933,553.6533112991045,2276,22155264,4.22543716082077,12612.41169947276,2292,9388032,1.7904791962657063,12195.43037565445,4568,31543296,6.015916357086477,12403.190772548161,0,0,0,0,10424,153845760,29.34136065084639,48306.6551217383,10424,153845760,29.34136065084639,48306.6551217383,
446,7450.611432475256,14752,100732928,19.212794993371514,2902.0837106832973,22502,206561280,39.39744039018117,14598.371067549551,37254,307294208,58.610235383552684,9966.824627207818,12504,77991936,14.875404768380719,3239.502152431222,9665,39587840,7.55059015211384,5707.395028660114,22169,117579776,22.42599492049456,4315.4273023591495,2248,22740992,4.337390224990796,1025.2686770462633,2302,9428992,1.7983919844972645,1171.7003392702,4550,32169984,6.1357822094880605,1099.3534432967033,0,0,0,0,10535,157544448,30.04845825357006,25688.97186796393,10535,157544448,30.04845825357006,25688.97186796393,
451,7509.15191263911,14808,100638720,19.194678346216797,528.0360596299297,22739,202108928,38.547945202986384,763.5245084656317,37547,302747648,57.74262354920319,670.6512309638587,12560,78946304,15.057315036425827,433.0468192675159,9885,40488960,7.722401117311887,778.0460259989884,22445,119435264,22.779716153737713,584.9878822454889,2248,21692416,4.137363309790971,1058.7588616548044,2257,9244672,1.7632229966386372,397.16603278688524,4505,30937088,5.9005863064296085,727.3015886792454,0,0,0,0,10597,152375296,29.062321089035862,828.0074639048787,10597,152375296,29.062321089035862,828.0074639048787,
456,7521.346957683081,14824,102572032,19.562884145323814,3137.5915930248248,22785,203780096,38.86562771000739,12706.380316699582,37609,306352128,58.4285118553312,8934.737251482358,12526,80195584,15.295172457523158,3559.1202885997127,9984,40894464,7.799530201537934,5567.15348828125,22510,121090048,23.09470265906109,4449.755715770769,2298,22376448,4.267711687800654,839.911679721497,2294,9396224,1.7920795555216367,841.3821146469049,4592,31772672,6.059791243322291,840.6462567508711,0,0,0,0,10507,153489408,29.274017952947816,22080.73517826211,10507,153489408,29.274017952947816,22080.73517826211,
461,7421.74980093941,14581,98439168,18.77514830971024,183.47431616487208,22529,204292096,38.96431145071809,269.6000775444982,37110,302731264,57.73945976042834,235.76014958232284,12330,76435456,14.57841478831202,151.14770008110298,9749,39931904,7.616149497414602,256.8138156734024,22079,116367360,22.194564285726624,197.80465741202045,2251,22003712,4.19673352139822,360.5454740115504,2336,9568256,1.8249384784039913,291.6201793664384,4587,31571968,6.021671999802211,325.4442121212121,0,0,0,0,10444,154791936,29.523223474899503,276.61025651091535,10444,154791936,29.523223474899503,276.61025651091535,
466,7505.961605305289,14812,101978112,19.449645270128425,387.9325149878477,22720,207278080,39.53284728661481,371.79427240316903,37532,309256192,58.98249255674323,378.16322820526483,12557,79392768,15.142084358392546,172.36867731145972,9852,40353792,7.69642548103407,290.55552537555826,22409,119746560,22.838509839426617,224.3289087866482,2255,22585344,4.3075609117358775,1588.3028518847007,2244,9191424,1.7530226126106834,1018.1889122103387,4499,31776768,6.06058352434656,1303.9428428539675,0,0,0,0,10624,157732864,30.083399192970056,310.5983541039157,10624,157732864,30.083399192970056,310.5983541039157,
471,7496.384214016571,14954,102813696,19.60854551779357,879.6112653470643,22531,203456512,38.803062545709025,7569.635393901735,37485,306270208,58.41160806350259,4900.764623769508,12631,80113664,15.2792136481624,213.93705731929379,9703,39743488,7.579846108089359,376.67073760692574,22334,119857152,22.85905975625176,284.63665881615475,2323,22700032,4.329331869631169,4499.12522212656,2334,9560064,1.823287727123628,4049.571048414739,4657,32260096,6.152619596754796,4273.8172037792565,0,0,0,0,10494,154152960,29.399928710496035,15003.327622069753,10494,154152960,29.399928710496035,15003.327622069753,
476,7532.872573147586,14882,101535744,19.365564498627275,986.3871077140169,22784,204042240,38.916277199528736,3815.3947837517553,37666,305577984,58.28184169815601,2697.641578346519,12515,77467648,14.775139027896957,293.6447477427088,10031,41086976,7.836378130853613,401.1156062207158,22546,118554624,22.61151715875057,341.45988929300097,2367,24068096,4.590425470730319,4649.112344317702,2289,9375744,1.788203523230378,4667.773094801223,4656,33443840,6.378628993960697,4658.2864117268045,0,0,0,0,10464,153579520,29.291695545444743,6901.933437786697,10464,153579520,29.291695545444743,6901.933437786697,
481,7522.229239851888,14908,102584320,19.56544189676053,730.821636906359,22705,204509184,39.00510874279722,4123.829940585774,37613,307093504,58.570550639557744,2779.0032106984286,12601,78868480,15.042227339673547,173.20339401634791,9900,40550400,7.733993802273077,293.03168595959596,22501,119418880,22.776221141946625,225.92549926669923,2307,23715840,4.523214557086981,3776.572602947551,2297,9408512,1.7944428044263898,4500.6484288202,4604,33124352,6.317657361513372,4137.8241607298005,0,0,0,0,10508,154550272,29.476672136097754,7650.6048409783025,10508,154550272,29.476672136097754,7650.6048409783025,
486,7526.137675383511,15041,104816640,19.990959471352443,200.6626014892627,22592,205467648,39.18743649712593,269.96944400672805,37633,310284288,59.17839596847838,242.26917513884092,12666,81580032,15.559200460763057,154.58239499447342,9816,40206336,7.668278943759108,250.9092194376528,22482,121786368,23.227479404522164,196.64022386798325,2375,23236608,4.431759010589387,446.41076799999996,2241,9179136,1.7506737075146863,369.7890120481928,4616,32415744,6.1824327181040735,409.2120342287695,0,0,0,0,10535,156082176,29.76848384585214,266.4952638822971,10535,156082176,29.76848384585214,266.4952638822971,
491,7560.571052513449,14947,102477824,19.544984869192444,251.57960179300193,22858,205754368,39.24230484568304,315.3960535042436,37805,308232192,58.787289714875484,290.16488028038617,12592,78921728,15.052271012414565,164.84322673125794,9955,40775680,7.776902528990398,268.50270899045705,22547,119697408,22.829173541404963,210.61118459218523,2355,23556096,4.492713856777878,715.3521855626327,2337,9572352,1.8256776705424973,649.9206961916988,4692,33128448,6.318391527320375,682.7619488491048,0,0,0,0,10566,155406336,29.639724646150142,285.58715275411697,10566,155406336,29.639724646150142,285.58715275411697,
496,7508.071466305901,14883,103731200,19.783763564050403,335.7582683598737,22660,203415552,38.79570646072541,358.7175811562224,37543,307146752,58.579470024775816,349.6159256585782,12508,79867904,15.232521450559478,212.02977078669653,9761,39981056,7.625244467865587,326.77483997541236,22269,119848960,22.857765918425066,262.32509704072925,2375,23863296,4.551242113490924,987.3776568421052,2341,9588736,1.8287775124754981,565.9886706535668,4716,33452032,6.380019625966422,778.2021656064461,0,0,0,0,10558,153845760,29.341684480384327,342.291314453495,10558,153845760,29.341684480384327,342.291314453495,
501,7500.291219479643,14692,103591936,19.75672673142119,262.88834590253197,22813,207933440,39.656408703514956,319.3741024415903,37505,311525376,59.413135434936144,297.246686495134,12316,78790656,15.026704970369618,164.0121563819422,9823,40235008,7.673493601785234,262.9818993179273,22139,119025664,22.70019857215485,207.9246991734044,2376,24801280,4.730021761051572,775.4132407407408,2348,9617408,1.834201667208768,738.3102994037479,4724,34418688,6.56422342826034,756.9717279847587,0,0,0,0,10642,158081024,30.148713434520953,278.99432616049614,10642,158081024,30.148713434520953,278.99432616049614,
506,7473.483145863205,14703,102940672,19.633017211942448,697.8544434469156,22667,206778368,39.437116342133166,10305.3732572021,37370,309719040,59.07013355407561,6525.353211212202,12372,78266368,14.927092666154557,282.81497090203686,9773,40030208,7.634628251325544,482.9269874143047,22145,118296576,22.561720917480102,371.12812228494016,2331,24674304,4.705924545787893,2900.7151703131703,2321,9506816,1.8131558550421147,2037.661348125808,4652,34181120,6.519080400830007,2470.115875107481,0,0,0,0,10573,157241344,29.989332235765506,21199.5496248936,10573,157241344,29.989332235765506,21199.5496248936,
511,7432.332317119267,14622,101941248,19.443049739120596,248.93265982765695,22541,202690560,38.6587639159588,488.5704190142407,37163,304631808,58.101813655079404,394.2835391922073,12386,78893056,15.0471143131309,229.10863676731796,9806,40165376,7.660661593612045,431.18790719967365,22192,119058432,22.707775906742942,318.4015948540014,2236,23048192,4.395935425989697,358.7449807692308,2403,9842688,1.877276138022613,386.1381169371619,4639,32890880,6.2732115640123105,372.93461349428753,0,0,0,0,10332,152682496,29.120826184324148,566.8551395663957,10332,152682496,29.120826184324148,566.8551395663957,
516,7444.937511547857,14691,103940096,19.823768523710783,245.11753638281942,22536,202326016,38.5882278529799,355.49257578984736,37227,306266112,58.41199637669068,311.9349508421307,12338,79290368,15.122498072272752,175.41527938077485,9812,40189952,7.665148831756392,328.44619690175296,22150,119480320,22.787646904029145,243.20486686230248,2353,24649728,4.701270451438032,610.6026391840203,2370,9707520,1.8514474858604413,529.4394561181435,4723,34357248,6.552717937298473,569.8749779800974,0,0,0,0,10354,152428544,29.071631535363064,341.30723324319104,10354,152428544,29.071631535363064,341.30723324319104,
521,7400.541313711261,14528,101920768,19.437588402730114,15903.608293915198,22479,205135872,39.1220231638279,48750.677102985006,37007,307056640,58.559611566558004,35855.75950204016,12191,77934592,14.863119179309,16649.002088507914,9626,39428096,7.519440017870838,20052.94735113235,21817,117362688,22.382559197179837,18150.875723655863,2337,23986176,4.574469223421112,12015.248965768078,2275,9318400,1.7771375483748344,14167.317665934066,4612,33304576,6.351606771795947,13076.817979835212,0,0,0,0,10578,156389376,29.82544559758222,82303.47435299678,10578,156389376,29.82544559758222,82303.47435299678,
526,7549.136304139414,14728,102166528,19.48603809099786,3359.0292263036395,23019,209760256,40.007196274629806,7832.854634910291,37747,311926784,59.493234365627664,6087.272188147403,12399,77991936,14.875261648185472,3867.774817243326,10135,41512960,7.917692180261528,5426.391115737543,22534,119504896,22.792953828447,4568.785564790983,2329,24174592,4.610776442812386,650.59789008158,2323,9515008,1.8147803586332047,768.4746835987946,4652,33689600,6.425556801445591,709.4602699914016,0,0,0,0,10561,158732288,30.274723735735076,11696.131066470978,10561,158732288,30.274723735735076,11696.131066470978,
531,7464.628616811205,14716,101171200,19.295914981919452,338.949732196249,22609,207564800,39.587874158249726,402.0223812198682,37325,308736000,58.883789140169185,377.1549437642331,12442,77656064,14.810981868105705,245.49246760970905,9810,40181760,7.663681213466795,354.8489165137614,22252,117837824,22.4746630815725,293.7032695038648,2274,23515136,4.4849331138137485,850.2933056288477,2222,9101312,1.7358511372398795,672.395305580558,4496,32616448,6.220784251053628,762.373075177936,0,0,0,0,10577,158281728,30.188341807543054,388.97549182187765,10577,158281728,30.188341807543054,388.97549182187765,
536,7007.205170606505,13955,98156544,18.705871685314644,2468.6710732353995,21111,189411328,36.09646237456205,45071.05527374355,35066,287567872,54.80233405987669,28116.846880482517,11805,76980224,14.670261744859097,2079.017177975434,9167,37548032,7.155596967921855,4177.215987564089,20972,114528256,21.825858712780953,2996.1537642571047,2150,21176320,4.035609940455546,4608.142809767442,2249,9211904,1.755529353207838,5949.340407736771,4399,30388224,5.791139293663384,5293.8335117072065,0,0,0,0,9695,142651392,27.18533605343236,92813.0420164002,9695,142651392,27.18533605343236,92813.0420164002,
541,8026.825830272255,15745,107372544,20.291670940219205,9827.026358018418,24761,223948800,42.3226943105396,27351.950618512983,40506,331321344,62.61436525075881,20539.87506226238,13297,83472384,15.774927980877669,9941.40671783109,10552,43220992,8.168067130586445,11775.053854529948,23849,126693376,23.942995111464114,10752.704658476247,2448,23900160,4.516742959341538,9205.737287581698,2439,9990144,1.887975334675923,8904.031820418206,4887,33890304,6.40471829401746,9055.162367505627,0,0,0,0,11770,170737664,32.26665184527723,45139.70665947324,11770,170737664,32.26665184527723,45139.70665947324,
546,7673.434873413732,14989,101691392,19.395170865705666,1134.6851717926481,23380,209162240,39.89263303086397,1279.8679377673225,38369,310853632,59.287803896569635,1223.1517220933565,12699,79749120,15.210213749357123,1093.0920185841405,10189,41734144,7.959777498315343,1290.32817656296,22888,121483264,23.169991247672467,1180.8951998864034,2290,21942272,4.184957116348541,1365.336461135371,2403,9842688,1.8772544242272813,1441.9145655430711,4693,31784960,6.062211540575823,1404.547453015129,0,0,0,0,10788,157585408,30.055601108321344,1233.8930193733777,10788,157585408,30.055601108321344,1233.8930193733777,
551,7493.1946100371,14750,103460864,19.733052863074413,857.2853915932203,22717,204374016,38.980181545427804,6749.842973103842,37467,307834880,58.71323440850221,4430.062250673926,12490,80732160,15.398015437317259,728.6730337069656,10072,41254912,7.86853432190053,1655.985525714853,22562,121987072,23.26654975921779,1142.6386138640191,2260,22728704,4.335037425757152,1568.0678473451328,2261,9261056,1.7663578337785044,1943.6355731977,4521,31989760,6.101395259535657,1755.8932461844724,0,0,0,0,10384,153858048,29.345289389748768,12737.147204738058,10384,153858048,29.345289389748768,12737.147204738058,
556,7472.078374847264,14529,100909056,19.24604658086939,156.88969708858144,22833,205148160,39.12722207350396,247.78381040599132,37362,306057216,58.37326865437335,212.43772153524972,12305,78233600,14.921232736426585,142.97050670459163,9871,40431616,7.711386824150096,238.28531182251038,22176,118665216,22.632619560576682,185.39711390692642,2224,22675456,4.324813844442805,233.90212410071942,2295,9400320,1.792891577492095,249.7448897603486,4519,32075776,6.1177054219349,241.94796326620934,0,0,0,0,10667,155316224,29.622943671861766,256.15158038811285,10667,155316224,29.622943671861766,256.15158038811285,
561,6431.298324001717,12846,90140672,17.191627710203814,3644.3515012455237,19313,173404160,33.071638983572434,48537.59897716564,32159,263544832,50.263266693776245,30604.869194657796,10891,69984256,13.347396331010241,1260.1698706271234,8569,35098624,6.694009081144022,2104.5021479752595,19460,105082880,20.041405412154262,1631.962434069887,1955,20156416,3.8442313791935736,16926.25540869565,2007,8220672,1.5678464495105673,23656.167608370703,3962,28377088,5.412077828704141,20335.375495709235,0,0,0,0,8737,130084864,24.80978345291784,99793.43501774063,8737,130084864,24.80978345291784,99793.43501774063,
566,8602.173234670492,17075,116396032,22.200196021752593,1622.1032794143484,25937,234553344,44.73632068795582,14642.770580830473,43012,350949376,66.93651670970841,9473.796941574445,14343,89792512,17.12611103173665,1676.0583661019314,11157,45699072,8.716176479385357,2774.103708434167,25500,135491584,25.842287511122006,2156.4854988235297,2732,26603520,5.074084990015945,1338.8390743045388,2609,10686464,2.038227519469068,2218.6413740896896,5341,37289984,7.112312509485013,1768.6095667478,0,0,0,0,12171,178167808,33.981916689101396,28185.88695546792,12171,178167808,33.981916689101396,28185.88695546792,
571,6781.704082392592,13536,93392896,17.808302696788196,918.2084281914894,20382,182013952,34.70670351902009,12516.916784417625,33918,275406848,52.515006215808285,7888.102694262633,11382,71368704,13.608695504093571,245.88013046916186,8871,36335616,6.928531784711551,428.3293403223988,20253,107704320,20.537227288805123,325.7945599664247,2154,22024192,4.199607192694624,4470.873555710306,2210,9052160,1.7260799508750455,3565.2200158371043,4364,31076352,5.92568714356967,4012.235993125573,0,0,0,0,9301,136626176,26.052091783433493,26173.6320919256,9301,136626176,26.052091783433493,26173.6320919256,
576,8197.531978519148,15966,110493696,21.074825125316075,285.5528188024552,25022,227168256,43.32854671838504,6345.182520382064,40988,337661952,64.40337184370111,3984.7831884941934,13493,84680704,16.15142847867677,285.2942444971467,10782,44163072,8.42336760458029,490.00731107401225,24275,128843776,24.57479608325706,376.21973507724,2473,25812992,4.923396646639305,286.96363283461386,2426,9936896,1.8952967732064352,385.9611809563067,4899,35749888,6.818693419845741,335.98752582159625,0,0,0,0,11814,173068288,33.00988234059832,12912.608462163535,11814,173068288,33.00988234059832,12912.608462163535,
581,7521.281260239994,14695,102998016,19.64395766409749,2921.696555154814,22914,208551936,39.77538170783376,8456.156275159292,37609,311549952,59.41933937193125,6293.671614959185,12375,79683584,15.197389342136029,3209.0357082020205,10059,41201664,7.858051783311725,4493.734069788249,22434,120885248,23.055441125447754,3785.0712265757334,2320,23314432,4.446568321961461,1389.0146504310344,2340,9584640,1.8279989236454357,994.5285841880342,4660,32899072,6.274567245606897,1190.925080686695,0,0,0,0,10515,157765632,30.0893310008766,13907.246504422254,10515,157765632,30.0893310008766,13907.246504422254,
586,7542.079674940057,14959,103075840,19.65879999725171,1807.8655253693428,22754,207937536,39.658201496542034,6922.580294541619,37713,311013376,59.31700149379374,4893.8098909129485,12672,79339520,15.131768565339383,1761.9762373737374,9843,40316928,7.68931326735341,2662.129634054658,22515,119656448,22.821081832692794,2155.5009934710192,2287,23736320,4.527031431912325,2062.1327127240925,2423,9924608,1.892838163852211,1353.5647544366486,4710,33660928,6.419869595764536,1697.6188777070065,0,0,0,0,10488,157696000,30.07605006533641,12207.605132913806,10488,157696000,30.07605006533641,12207.605132913806,
591,7478.580670316085,14748,101609472,19.378863912639712,3546.989097301329,22648,205729792,39.23659441851715,20238.494355572235,37396,307339264,58.61545833115686,13655.803170713445,12471,78790656,15.02688056691811,4020.5826535161577,9795,40120320,7.651710082811545,7466.1997135273095,22266,118910976,22.678590649729653,5536.338474175873,2277,22818816,4.351983345721605,953.1440206411945,2310,9461760,1.8045380593460612,1258.415558008658,4587,32280576,6.156521405067665,1106.877888380205,0,0,0,0,10543,156147712,29.78034627635954,36263.212940529265,10543,156147712,29.78034627635954,36263.212940529265,
596,7500.075461222408,15034,104505344,19.931418540436404,1419.6090714380737,22469,200208384,38.18404824167088,16301.80708825493,37503,304713728,58.11546678210728,10335.911960269845,12705,80412672,15.336427404007503,1404.3685035812673,9853,40357888,7.6971179305056,3128.964824418959,22558,120770560,23.033545334513104,2157.646611091409,2329,24092672,4.594991136428899,1502.7483649635035,2289,9375744,1.7881561902899947,1644.5614220183486,4618,33468416,6.383147326718893,1573.04071827631,0,0,0,0,10327,150474752,28.69877412087529,32118.835281882442,10327,150474752,28.69877412087529,32118.835281882442,
