5,4238.806289498696,8414,57331712,10.934140660773489,303.6008460898502,12782,115535872,22.03467211677058,685.1869178532311,21196,172867584,32.968812777544066,533.7118655878468,7080,43110400,8.221892580884544,260.84314618644066,5532,22659072,4.321473611159458,643.8496202096892,12612,65769472,12.543366192044003,428.8412285125278,1334,14221312,2.712248079888944,530.5307676161918,1277,5230592,0.997563593899246,815.1039216914644,2611,19451904,3.7098116737881903,669.711126771352,0,0,0,0,5973,87646208,16.715634911711874,695.6965305541604,5973,87646208,16.715634911711874,695.6965305541604,
10,4235.135152435134,8287,55627776,10.609492776881602,242.10494533606854,12890,113643520,21.674425822441652,684.5990298681148,21177,169271296,32.28391859932326,511.44190286631726,7008,43028480,8.2065180488286,230.5425510844749,5532,22659072,4.321604744989988,673.2853539407085,12540,65687552,12.52812279381859,425.8577971291866,1279,12599296,2.4029747280530014,305.4585488663018,1334,5464064,1.0421223300463927,604.5828928035982,2613,18063360,3.445097058099394,458.1687956371986,0,0,0,0,6024,85520384,16.310698747405272,712.7080574369189,6024,85520384,16.310698747405272,712.7080574369189,
15,3746.8892247269946,7721,53227520,9.597746228641936,91708.49491995857,12096,108298240,19.52784996423954,90744.2247379299,19817,161525760,29.125596192881474,91119.91884276127,6522,40906752,7.3761209377027335,91296.50934099969,5237,21450752,3.8679028087262655,90383.25128336833,11759,62357504,11.244023746428999,90889.77981911728,1199,12320768,2.2216252909392034,93949.50404920767,1280,5242880,0.9453724642294482,93976.68697265624,2479,17563648,3.1669977551686515,93963.5396046793,0,0,0,0,5579,81604608,14.714574691283824,90341.4404255243,5579,81604608,14.714574691283824,90341.4404255243,
20,4742.449505004388,9219,64311296,12.266017005122766,67934.4698076798,14494,132186112,25.21169994199872,67302.29834979992,23713,196497408,37.477716947121486,67548.07023316323,7743,48640000,9.277049355826561,67742.45854242542,6235,25538560,4.870939177564515,67931.25399550922,13978,74178560,14.147988533391077,67826.6722818715,1476,15671296,2.988967649296204,68941.74841666667,1494,6119424,1.1671504621140953,71844.65091700133,2970,21790720,4.1561181114103,70401.99634107745,0,0,0,0,6765,100528128,19.17361030232011,65719.473045085,6765,100528128,19.17361030232011,65719.473045085,
25,4309.519037458737,8396,57262080,10.921162986042194,145.60931383992377,13153,117067776,22.327450593996563,237.13177373983123,21549,174329856,33.24861358003876,201.47245900041764,7121,45019136,8.586158968497122,133.48333913776156,5717,23416832,4.466115078054594,233.13811282140983,12838,68435968,13.052274046551714,177.86146198784857,1275,12242944,2.3350040175450726,213.33407137254903,1326,5431296,1.0358699656288948,228.90798190045248,2601,17674240,3.3708739831739676,221.27371203383314,0,0,0,0,6110,88219648,16.825465550313073,242.65329705400984,6110,88219648,16.825465550313073,242.65329705400984,
30,4285.757105574953,8358,56901632,10.852003543101853,145.35367659727208,13073,118640640,22.626567997836535,244.19837290598943,21431,175542272,33.47857154093839,205.64935644626942,7049,44580864,8.502246369357945,140.3166402326571,5612,22986752,4.383921961120616,236.2899497505346,12661,67567616,12.88616833047856,182.85689874417503,1309,12320768,2.349757173743908,172.47825210084034,1367,5599232,1.0678583964454529,235.07191880029262,2676,17920000,3.417615570189361,204.45341741405082,0,0,0,0,6094,90054656,17.174787640270466,253.52852280932066,6094,90054656,17.174787640270466,253.52852280932066,
35,4261.868274619671,8310,56995840,10.868717641817863,217.3593989169675,13004,119259136,22.74190318786697,382.95272923715777,21314,176254976,33.610620829684834,318.3904427137093,6976,43917312,8.374731624546973,199.74760851490825,5586,22880256,4.363108641551893,361.185276047261,12562,66797568,12.737840266098866,271.53480886801464,1334,13078528,2.4939860172708905,309.45823688155923,1306,5349376,1.0200894890559922,346.7775298621746,2640,18427904,3.5140755063268823,327.919978030303,0,0,0,0,6112,91029504,17.358705057259087,410.57671547774873,6112,91029504,17.358705057259087,410.57671547774873,
40,4288.853327791046,8444,57663488,10.996523049323205,140.65147110374232,13004,118390784,22.577319379005395,235.98328283605045,21448,176054272,33.5738424283286,198.45149347258484,7138,44314624,8.45087248690352,133.27117203698515,5692,23314432,4.446100951608729,228.88562666900913,12830,67629056,12.89697343851225,175.69030498830867,1306,13348864,2.5456505624196852,180.9888177641654,1314,5382144,1.0263838106840952,235.36990030441402,2620,18731008,3.5720343731037802,208.26238358778625,0,0,0,0,5998,89694208,17.10483461671257,242.85321340446814,5998,89694208,17.10483461671257,242.85321340446814,
45,4243.334125413704,8423,57573376,10.980561990927335,141.98197566187818,12795,115720192,22.070492129174664,228.7039751465416,21218,173293568,33.051054120101995,194.27757295692336,7084,44601344,8.506498258338627,137.40806126482215,5507,22556672,4.302074194937168,221.83418467405122,12591,67158016,12.808572453275795,174.33401326344216,1339,12972032,2.474063732588707,166.18033980582524,1328,5439488,1.0374349974353658,226.56273493975905,2667,18411520,3.511498730024073,196.24701424821896,0,0,0,0,5960,87724032,16.73098293680213,235.5287239932886,5960,87724032,16.73098293680213,235.5287239932886,
50,4225.41742310804,8518,57446400,10.955520764147956,128.36252923221414,12612,116826112,22.279740694119642,215.23142745004756,21130,174272512,33.2352614582676,180.21253132986274,7227,44089344,8.408215722302216,124.95971509616716,5541,22695936,4.328309486926476,205.60052120555855,12768,66785280,12.736525209228693,159.95585440162907,1291,13357056,2.5473050418457386,147.41143532145622,1239,5074944,0.9678353102872953,214.52264487489913,2530,18432000,3.515140352133034,180.27735968379446,0,0,0,0,5832,89055232,16.98359589690587,224.53235905349794,5832,89055232,16.98359589690587,224.53235905349794,
55,4208.835362008475,8292,58073088,11.07507671865278,130.16666268692717,12755,116436992,22.205614746871387,214.63961207369658,21047,174510080,33.280691465524164,181.35934902836507,7014,44896256,8.562132593677042,125.20768106643855,5566,22798336,4.3478542118790635,204.61394232842255,12580,67694592,12.909986805556107,160.34084880763115,1278,13176832,2.5129441249757365,157.38285758998435,1312,5373952,1.0248625091601387,211.86433460365853,2590,18550784,3.537806634135875,184.98119652509652,0,0,0,0,5877,88264704,16.832898025832186,224.75430355623618,5877,88264704,16.832898025832186,224.75430355623618,
60,4274.626340740132,8450,57597952,10.985491207828387,175.2818475739645,12924,114515968,21.84130018407524,247.08534486227174,21374,172113920,32.82679139190363,218.69854070365867,7148,44859392,8.555902411331,126.67319040290991,5632,23068672,4.399821254621639,211.1407810724432,12780,67928064,12.955723665952636,163.89709264475744,1302,12738560,2.4295887964973892,442.1441221198157,1347,5517312,1.052300999640509,472.1110037119525,2649,18255872,3.481889796137898,457.38209475273686,0,0,0,0,5945,85929984,16.389177929813094,230.15182439024392,5945,85929984,16.389177929813094,230.15182439024392,
65,4273.195226775455,8437,57982976,11.058845055721392,145.539242621785,12930,115589120,22.04581855555649,219.78012034029388,21367,173572096,33.104663611277886,190.46527570552723,7128,45510656,8.68005279839788,134.37095693041528,5623,23031808,4.392758247267688,211.62561266227993,12751,68542464,13.072811045665569,168.43910289389066,1309,12472320,2.378792257323512,206.35478151260506,1291,5287936,1.0085454201000508,211.12428582494192,2600,17760256,3.387337677423563,208.72302384615384,0,0,0,0,6016,87269376,16.644514888188752,229.25942204122342,6016,87269376,16.644514888188752,229.25942204122342,
70,4248.676745037891,8465,58417152,11.141864272289089,129.73062480803307,12779,111804416,21.324381375431425,212.2534204554347,21244,170221568,32.46624564772051,179.37093762944832,7150,44974080,8.577876154097195,121.4180462937063,5539,22687744,4.327218216534095,203.58065065896372,12689,67661824,12.90509437063129,157.2836515879896,1315,13443072,2.5639881181918938,174.9282950570342,1307,5353472,1.021064128725413,209.5334315225708,2622,18796544,3.5850522469173067,192.17807131960336,0,0,0,0,5933,83763200,15.976099030171916,220.94944227203777,5933,83763200,15.976099030171916,220.94944227203777,
75,4247.171680544798,8465,59383808,11.325953639384254,129.59907170702894,12772,114708480,21.87773014698276,220.40118900720327,21237,174092288,33.203683786367016,184.20775665112774,7129,45961216,8.765935010865686,125.42004909524478,5544,22708224,4.331017173178805,210.91254960317463,12673,68669440,13.09695218404449,162.82006667718773,1336,13422592,2.560018628518568,151.8986616766467,1309,5361664,1.022601277000551,213.84431627196332,2645,18784256,3.5826199055191195,182.5553202268431,0,0,0,0,5919,86638592,16.524111696803406,230.73873982091567,5919,86638592,16.524111696803406,230.73873982091567,
80,4225.319410904008,8279,57319424,10.932086537302151,136.4954187703829,12849,113246208,21.598565712686142,214.48290232702936,21128,170565632,32.53065224998829,183.92353199545624,6989,44732416,8.531464704435958,128.4712508227214,5674,23240704,4.432518151540117,206.1299714487134,12663,67973120,12.963982855976075,163.26834320461185,1290,12587008,2.4006218328661935,179.96899224806202,1263,5173248,0.9866532297136357,220.80561599366587,2553,17760256,3.387275062579829,200.1713642773208,0,0,0,0,5912,84832256,16.17939433143239,221.14882628552098,5912,84832256,16.17939433143239,221.14882628552098,
85,4257.527170846848,8315,56549376,10.78524636415659,141.40560036079376,12974,115679232,22.062648690171695,211.89509673192538,21289,172228608,32.84789505432828,184.3635000234863,7001,43569152,8.309623756014316,126.86367290387088,5771,23638016,4.508304850611885,203.41215491249352,12772,67207168,12.8179286066262,161.45193548387098,1314,12980224,2.475622608142274,218.88507838660578,1293,5296128,1.0100915217191417,202.1425166279969,2607,18276352,3.4857141298614156,210.58123014959725,0,0,0,0,5910,86745088,16.54425231784067,222.31221065989845,5910,86745088,16.54425231784067,222.31221065989845,
90,4251.786232943566,8271,55799808,10.642433680361851,222.6370163220892,12989,115707904,22.068421715961385,249.20724058819002,21260,171507712,32.71085539632324,238.87034854186265,7016,42663936,8.137090891481249,128.25302565564425,5689,23302144,4.444307803536561,204.83436561785902,12705,65966080,12.58139869501781,162.5443474222747,1255,13135872,2.5053427888806032,750.2848876494023,1306,5349376,1.02026120432743,586.3219157733538,2561,18485248,3.5256039932080334,666.6708145255759,0,0,0,0,5994,87056384,16.603852708097396,217.87015682349016,5994,87056384,16.603852708097396,217.87015682349016,
95,4227.368128858132,8336,57020416,10.875184746116675,128.11550083973128,12802,116031488,22.13003616751621,220.52518911107637,21138,173051904,33.00522091363288,184.08242435424353,7000,43446272,8.286264248405974,123.54601571428572,5470,22405120,4.273203114809152,213.73255904936013,12470,65851392,12.559467363215127,163.10659246190858,1336,13574144,2.5889204977107005,152.0574139221557,1320,5406720,1.0311934390398685,216.6339196969697,2656,18980864,3.620113936750569,184.1511592620482,0,0,0,0,6012,88219648,16.82563961366719,227.55981353958748,6012,88219648,16.82563961366719,227.55981353958748,
100,4269.310404875251,8388,58400768,11.137785243291425,124.72670541249403,12961,115224576,21.974823725559762,211.55795417020292,21349,173625344,33.11260896885119,177.44204641903602,7157,45498368,8.67712992582979,121.88069540310185,5595,22917120,4.370592540062809,205.46141966041108,12752,68415488,13.0477224658926,158.55213143036386,1231,12902400,2.4606553174616352,141.27332900081234,1350,5529600,1.054566564626415,199.43687555555556,2581,18432000,3.51522188208805,171.6959511817125,0,0,0,0,6016,86777856,16.54966462087054,219.94784225398936,6016,86777856,16.54966462087054,219.94784225398936,
105,4250.0521925348585,8349,56905728,10.853528788146512,181.58017978200982,12902,117616640,22.432813586095666,223.80579173771508,21251,174522368,33.286342374242174,207.2163778645711,7102,44474368,8.482517496703004,130.07060264714167,5590,22896640,4.367035624108472,217.3472207513417,12692,67371008,12.849553120811475,168.51027292782854,1247,12431360,2.3710112914435086,474.94105934242185,1287,5271552,1.0054337832249738,219.3796853146853,2534,17702912,3.376445074668482,345.1433133385951,0,0,0,0,6025,89448448,17.060344178762218,230.7435196680498,6025,89448448,17.060344178762218,230.7435196680498,
110,4189.408668868211,8257,59277312,11.305733664882379,161.4250855032094,12691,112168960,21.39355420210088,201.23845473169962,20948,171446272,32.69928786698326,185.54535802940615,6959,45375488,8.654292256741776,114.40056042534846,5560,22773760,4.343551629128387,188.3273106115108,12519,68149248,12.997843885870164,147.23327318475916,1298,13901824,2.651441408140602,413.53885285053934,1325,5427200,1.0351089763660277,238.19680528301885,2623,19329024,3.6865503845066296,324.96538238658025,0,0,0,0,5806,83968000,16.014893596606466,205.1682078883913,5806,83968000,16.014893596606466,205.1682078883913,
115,4219.721212708377,8279,59736064,11.392457363939167,127.9477053992028,12822,114532352,21.842834120300807,202.1144239588208,21101,174268416,33.23529148423997,173.0150323207431,7013,45961216,8.765411689574972,119.03750663054328,5570,22814720,4.35106880945839,194.62644003590665,12583,68775936,13.116480499033361,152.4977592783915,1266,13774848,2.6270456743641946,177.30570221169037,1380,5652480,1.078002685287716,202.02704420289854,2646,19427328,3.7050483596519106,190.19891912320483,0,0,0,0,5872,86065152,16.4137626255547,209.23783242506812,5872,86065152,16.4137626255547,209.23783242506812,
120,4263.924189769355,8363,58302464,11.119593233559524,122.20306002630636,12958,119144448,22.723530137542465,208.33664817101405,21321,177446912,33.84312337110199,174.55140368650626,7072,45129728,8.60725574310516,118.55918028846153,5561,22777856,4.344250243910673,199.28444362524726,12633,67907584,12.951505987015832,154.0941434338637,1291,13172736,2.5123374904543647,142.16395662277304,1383,5664768,1.0803988648315879,206.32808893709327,2674,18837504,3.5927363552859526,175.34981862378459,0,0,0,0,6014,90701824,17.298881028800203,217.16889740605254,6014,90701824,17.298881028800203,217.16889740605254,
125,4295.190079457171,8475,58077184,11.076802389006122,134.12805120943952,13002,118632448,22.626237928823212,218.76165074603907,21477,176709632,33.703040317829334,185.36453960050287,7220,45801472,8.73551056589791,126.84268144044322,5738,23502848,4.482593420418727,210.2987122690833,12958,69304320,13.218103986316637,163.7982845346504,1255,12275712,2.3412918231082127,176.04069641434262,1318,5398528,1.0296371781303384,211.69926631259486,2573,17674240,3.3709290012385513,194.3065320637388,0,0,0,0,5946,89731072,17.114007330274145,228.49400252270433,5946,89731072,17.114007330274145,228.49400252270433,
130,4235.554116765303,8273,57868288,11.036859286037355,136.82362492445304,12906,117051392,22.32448526451653,212.5814913218658,21179,174919680,33.36134455055388,182.98874243354265,6938,45260800,8.632311375333577,126.71482343614875,5665,23203840,4.425524338575992,202.19144695498676,12603,68464640,13.057835713909569,160.64127525192416,1335,12607488,2.404547910703778,189.35910411985017,1276,5226496,0.9968171325724565,201.71720846394985,2611,17833984,3.401365043276235,195.39853006510916,0,0,0,0,5965,88621056,16.90214379336808,224.77301290863372,5965,88621056,16.90214379336808,224.77301290863372,
135,4253.782050599913,8373,58007552,11.06297552282817,135.82131529917592,12898,115478528,22.02361735031031,207.1758885098465,21271,173486080,33.08659287313848,179.08826491467255,7053,44077056,8.406205310065946,129.7967250815256,5626,23044096,4.394880687150917,200.18431585495912,12679,67121152,12.801085997216862,161.02951833740832,1320,13930496,2.6567702127622232,168.0117962121212,1369,5607424,1.0694261750283691,200.8364915997078,2689,19537920,3.7261963877905924,184.72321606545185,0,0,0,0,5903,86827008,16.559310488131022,215.3095869896663,5903,86827008,16.559310488131022,215.3095869896663,
140,4258.408387396196,8498,58449920,11.147412359435119,129.3829298658508,12796,113864704,21.715971701467197,220.50556197249142,21294,172314624,32.86338406090231,184.1403826899596,7154,45707264,8.717167100135704,125.84369667318983,5605,22958080,4.378503593176863,208.40080196253345,12759,68665344,13.095670693312568,162.11084732345793,1344,12742656,2.4302452592994155,148.2219732142857,1325,5427200,1.0350610635074655,213.9056913207547,2669,18169856,3.465306322806881,180.83003859123266,0,0,0,0,5866,85479424,16.302407044782868,233.56250170473916,5866,85479424,16.302407044782868,233.56250170473916,
145,4276.449595557145,8384,58802176,11.215230555855259,134.82891734255725,12999,115941376,22.113284766929432,204.27853473344103,21383,174743552,33.32851532278469,177.04823065051679,7107,45682688,8.712974811190701,126.6834449134656,5679,23261184,4.436562714314713,197.75104138052475,12786,68943872,13.149537525505414,158.24866314719225,1277,13119488,2.502255744664558,180.16162881754113,1300,5324800,1.0155892813187404,197.9577423076923,2577,18444288,3.517845025983298,189.1391016686069,0,0,0,0,6020,87355392,16.661132771295982,211.8012365448505,6020,87355392,16.661132771295982,211.8012365448505,
150,4254.462801489065,8234,57225216,10.913978734239073,122.0080411707554,13040,119279616,22.748978220583783,200.3553924846626,21274,176504832,33.66295695482285,170.03142469681302,6911,44183552,8.426675871894416,116.6655784980466,5571,22818816,4.351998821018243,190.26312780470295,12482,67002368,12.77867469291266,149.51383576349943,1323,13041664,2.4873028623446576,149.91564474678762,1280,5242880,0.9999207486812693,195.60379921875,2603,18284544,3.4872236110259265,172.38235151747983,0,0,0,0,6189,91217920,17.397058650884272,210.42261593149138,6189,91217920,17.397058650884272,210.42261593149138,
155,4278.875910647122,8476,59277312,11.304337032609126,142.67392154318074,12922,117493760,22.406364550883968,226.14134901718,21398,176771072,33.71070158349309,193.07891723525563,7203,46370816,8.843034794511325,136.35064487019298,5564,22790144,4.346139528015283,218.4563831775701,12767,69160960,13.18917432252661,172.1332349808099,1273,12906496,2.4613022380977996,178.45283896307936,1338,5480448,1.045135637757809,221.77178998505232,2611,18386944,3.5064378758556085,200.6515201072386,0,0,0,0,6020,89223168,17.015089385110876,234.2153722591362,6020,89223168,17.015089385110876,234.2153722591362,
160,4265.204878244407,8437,58175488,11.0950659208452,138.20774078463907,12891,116539392,22.22606601280628,210.8767326817159,21328,174714880,33.32113193365148,182.130095180045,7135,45043712,8.59061042959478,125.24744849334267,5616,23003136,4.387093586669481,202.622025997151,12751,68046848,12.97770401626426,159.3260013332288,1302,13131776,2.5044554912504196,209.2305407066052,1308,5357568,1.0217803439037894,208.39887079510703,2610,18489344,3.5262358351542087,208.81374980842912,0,0,0,0,5967,88178688,16.81719208223301,219.18902966314732,5967,88178688,16.81719208223301,219.18902966314732,
165,4222.5366141626955,8287,57016320,10.873291740627797,133.62799927597442,12829,118644736,22.626132798780514,209.6946914802401,21116,175661056,33.49942453940831,179.8422251846941,7034,44576768,8.501008190607207,127.61269419960193,5549,22728704,4.334475277926986,202.24211695801046,12583,67305472,12.835483468534193,160.52365874592704,1253,12439552,2.3722835500205903,167.39628012769356,1298,5316608,1.0139032097223333,204.51951386748846,2551,17756160,3.386186759742924,186.2853265386123,0,0,0,0,5982,90599424,17.277754311131197,217.73075242393847,5982,90599424,17.277754311131197,217.73075242393847,
170,4212.380715254631,8399,57917440,11.046299960553695,156.58020681033454,12664,115752960,22.0769757344588,215.96862997473153,21063,173670400,33.123275695012495,192.28713321938946,7113,44113920,8.413624510266144,129.0318132995923,5593,22908928,4.369303796278417,204.87228017164313,12706,67022848,12.782928306544562,162.41570525735872,1286,13803520,2.6326754502875493,308.9532418351477,1194,4890624,0.9327639429208706,209.21418090452264,2480,18694144,3.56543939320842,260.93371008064514,0,0,0,0,5877,87953408,16.77490799525951,227.90102688446487,5877,87953408,16.77490799525951,227.90102688446487,
175,4309.901865986341,8451,56954880,10.86252984318812,141.8424001893267,13100,118906880,22.67811875927732,230.4466509923664,21551,175861760,33.54064860246544,195.70141766043338,7098,43585536,8.312706225197037,134.59852634544941,5642,23109632,4.407507614186795,221.2633707904998,12740,66695168,12.720213839383831,172.97867174254318,1353,13369344,2.549823617991084,179.84462971175165,1338,5480448,1.04524019634561,244.27805904334826,2691,18849792,3.595063814336694,211.8817640282423,0,0,0,0,6120,90316800,17.225370948744917,235.88874950980392,6120,90316800,17.225370948744917,235.88874950980392,
180,4245.000864462448,8323,58433536,11.14478969122871,142.65127273819536,12903,115183616,21.968500694451322,220.87695931178797,21226,173617152,33.11329038568003,190.2036158013757,7009,45477888,8.673811856281533,133.23458653160222,5670,23224320,4.429479710449095,213.28425767195765,12679,68702208,13.10329156673063,169.03249136367222,1314,12955648,2.470977834947176,192.88076560121766,1333,5459968,1.0413573992995844,210.4136114028507,2647,18415616,3.51233523424676,201.7101133358519,0,0,0,0,5900,86499328,16.497663584702643,230.53768152542372,5900,86499328,16.497663584702643,230.53768152542372,
185,4284.128567039075,8527,60223488,11.48599102287797,138.9138842500293,12895,117325824,22.376707261056694,223.15967754943776,21422,177549312,33.86269828393466,189.62574610213798,7204,46424064,8.854126522022643,128.10644294836203,5601,22941696,4.375504027690914,213.30869773254776,12805,69365760,13.229630549713557,165.37452799687622,1323,13799424,2.6318645008553276,197.76256689342404,1306,5349376,1.0202478593401774,221.8882113323124,2629,19148800,3.6521123601955052,209.74738683910232,0,0,0,0,5988,89034752,16.9809553740256,232.65130627922514,5988,89034752,16.9809553740256,232.65130627922514,
190,4275.442300310753,8275,58454016,11.148807526234396,145.90963299093656,13103,121876480,23.24523634945725,222.97217896664884,21378,180330496,34.39404387569165,193.14279511647487,6975,44810240,8.546559760143248,140.93858121863798,5675,23244800,4.433430222926228,211.97256951541848,12650,68055040,12.979989983069476,172.80560758893282,1300,13643776,2.602247766091148,172.58123769230767,1359,5566464,1.061679589948325,216.0322097130243,2659,19210240,3.6639273560394727,194.78878600977814,0,0,0,0,6069,93065216,17.750126536582698,234.81172450156532,6069,93065216,17.750126536582698,234.81172450156532,
195,4246.635740978866,8473,57663488,10.99801209909161,155.2375578897675,12761,114049024,21.752283626019803,257.4369026722044,21234,171712512,32.750295725111414,216.6563126589432,7141,44134400,8.417643157246207,146.02634953087804,5615,22999040,4.386549079158928,249.2680414959929,12756,67133440,12.804192236405136,191.47179484164317,1332,13529088,2.5803689418454034,204.61986936936938,1258,5152768,0.982774486479418,239.1290294117647,2590,18681856,3.5631434283248216,221.3814613899614,0,0,0,0,5888,85897216,16.382960060381457,269.13857727581524,5888,85897216,16.382960060381457,269.13857727581524,
200,4276.265637845895,8400,58585088,11.172822594088643,243.89576642857142,12984,117149696,22.341739426241297,369.84708341035116,21384,175734784,33.51456202032994,320.37125743546574,7090,45703168,8.71609833635189,164.44318251057828,5676,23248896,4.433820949734121,317.84252889358703,12766,68952064,13.14991928608601,232.6473725520915,1310,12881920,2.456724257736753,673.9101328244275,1358,5562368,1.060804941814471,691.0697790868925,2668,18444288,3.517529199551224,682.6443155922038,0,0,0,0,5950,88338432,16.847113534692706,346.1424499159664,5950,88338432,16.847113534692706,346.1424499159664,
205,4302.343571718438,8555,58118144,11.084495591893733,238.01174739918176,12958,114434048,21.8252616707539,391.57464639604876,21513,172552192,32.90975726264763,330.50782164272766,7211,44965888,8.576051350187427,234.6952600194148,5691,23310336,4.445828769713668,376.3251992619926,12902,68276224,13.021880119901095,297.16743365369706,1344,13152256,2.508444241706306,255.80578794642858,1324,5423104,1.034313352855543,372.0289886706949,2668,18575360,3.542757594561849,313.4817691154423,0,0,0,0,5943,85700608,16.34511954818469,410.5319162039374,5943,85700608,16.34511954818469,410.5319162039374,
210,4287.5800548608295,8401,58556416,11.168177092617867,140.5995954053089,13038,122028032,23.273806095640143,221.89224229176256,21439,180584448,34.441983188258014,190.03723382620458,7095,45830144,8.740957854595782,134.28438195912616,5579,22851584,4.358370173455168,213.57601165083346,12674,68681728,13.099328028050952,169.18796425753513,1306,12726272,2.4272192380220843,174.90774196018378,1373,5623808,1.0726012274877121,212.95195630007285,2679,18350080,3.499820465509796,194.40557932064203,0,0,0,0,6086,93552640,17.842834694697263,231.5326076240552,6086,93552640,17.842834694697263,231.5326076240552,
215,4174.138221462553,8310,57696256,11.001361955501553,187.70724753309264,12567,113917952,21.721558902911344,270.4208594732235,20877,171614208,32.7229208584129,237.49706222158355,7054,44933120,8.56772260768508,179.52730776864192,5465,22384640,4.26824102561522,261.76097657822504,12519,67317760,12.8359636333003,215.42530281971403,1256,12763136,2.433639347816473,233.64776910828024,1337,5476352,1.0442155994963493,257.4211091997008,2593,18239488,3.477854947312822,245.90575433860394,0,0,0,0,5765,86056960,16.409102277799775,281.64495767562875,5765,86056960,16.409102277799775,281.64495767562875,
220,4250.068316453611,8312,58241024,11.107204238749732,166.53406809432147,12941,117207040,22.352672430678922,265.7715154933931,21253,175448064,33.45987666942865,226.95997534465724,7036,45236224,8.627045756575852,162.18749161455372,5626,23044096,4.3947627151843305,237.20662317810167,12662,68280320,13.021808471760183,195.52011159374507,1276,13004800,2.4801584821738802,190.50155407523513,1248,5111808,0.9748780427568511,243.13965865384617,2524,18116608,3.455036524930731,216.5286358954041,0,0,0,0,6067,89051136,16.98303167273774,296.9155144222845,6067,89051136,16.98303167273774,296.9155144222845,
225,4276.041869520511,8440,58286080,11.116256482394082,151.12861327014218,12942,115195904,21.970034948057002,225.94244792149593,21382,173481984,33.086291430451084,196.41159185296044,7087,45002752,8.58287491019422,138.00303555806406,5627,23048192,4.395725595673331,214.26235951661633,12714,68050944,12.978600505867552,171.75411436212048,1353,13283328,2.53338157219986,219.88025351071693,1330,5447680,1.0389754828941762,235.57847067669175,2683,18731008,3.5723570550940362,227.66207566157286,0,0,0,0,5985,86700032,16.535333869489495,234.78253934837093,5985,86700032,16.535333869489495,234.78253934837093,
230,4265.005466276674,8362,58314752,11.122148950990907,273.0178672566372,12964,116428800,22.20601839797124,268.47157921937674,21326,174743552,33.32816734896215,270.2541948325987,7064,45633536,8.703509269016624,131.50882842582106,5589,22892544,4.366207100308223,211.14215333691178,12653,68526080,13.069716369324848,166.6839373271161,1298,12681216,2.4186396819742817,1043.1410184899846,1333,5459968,1.041358751961149,678.6750570142535,2631,18141184,3.4599984339354304,858.4838057772711,0,0,0,0,6042,88076288,16.798452545701867,231.00268238993712,6042,88076288,16.798452545701867,231.00268238993712,
235,4253.637725422231,8244,57458688,10.958956920177078,2649.4100937651624,13025,117223424,22.357740811131155,2885.8468704798465,21269,174682112,33.31669773130823,2794.202468428229,7025,44703744,8.526237227460268,2612.903989039146,5670,23224320,4.429518515640436,2853.4441659611994,12695,67928064,12.955755743100704,2720.3370574241826,1219,12754944,2.432719692716811,2859.791870385562,1318,5398528,1.0296482193322918,3464.2625440060697,2537,18153472,3.462367912049103,3173.821175798187,0,0,0,0,6037,88600576,16.898574076158425,2789.9998399867486,6037,88600576,16.898574076158425,2789.9998399867486,
240,4267.686587925282,8384,57511936,10.968725724332767,158.6786067509542,12956,116359168,22.192120246196513,267.50337789441187,21340,173871104,33.16084597052928,224.74860370196814,7008,44380160,8.46422215106798,153.69687328767125,5756,23576576,4.49654478094576,254.00654378040306,12764,67956736,12.96076693201374,198.93210231902225,1376,13131776,2.504503573264785,184.0506911337209,1310,5365760,1.0233623459066965,243.50826259541986,2686,18497536,3.527865919171482,213.04898548026804,0,0,0,0,5890,87416832,16.672213119344057,286.0299276740238,5890,87416832,16.672213119344057,286.0299276740238,
245,4259.228665712156,8301,57413632,10.950340755022584,259.1143797132876,12996,118915072,22.680337647129605,316.58296206525085,21297,176328704,33.630678402152185,294.1832483917923,7078,45199360,8.620746966660072,205.2504437694264,5686,23289856,4.44200881308828,300.68090801969754,12764,68489216,13.06275577974835,247.76200908806018,1223,12214272,2.329593788362513,570.8469542109567,1367,5599232,1.0679257909763766,333.0446708119971,2590,17813504,3.3975195793388897,445.33509266409266,0,0,0,0,5943,90025984,17.170403043064947,328.0108475517415,5943,90025984,17.170403043064947,328.0108475517415,
250,4242.340788735468,8275,57434112,10.954018198534051,136.96642344410878,12938,118087680,22.52206137952765,221.88103910959964,21213,175521792,33.4760795780617,188.75661330316314,6920,43741184,8.342459017411578,128.92307080924857,5634,23076864,4.401293576561178,213.67111821086263,12554,66818048,12.743752593972756,166.95640672295684,1355,13692928,2.611559181122474,178.04391439114391,1287,5271552,1.0054073186074257,215.41243667443666,2642,18964480,3.6169664997299,196.24727857683573,0,0,0,0,6017,89739264,17.115360484359044,230.95196908758516,6017,89739264,17.115360484359044,230.95196908758516,
255,4255.768306779111,8414,58290176,11.11684108876711,194.9659781316853,12867,115908608,22.105570172857263,375.6756255537421,21281,174198784,33.22241126162437,304.22733959870305,7123,44797952,8.543664604584771,187.48696981608873,5551,22736896,4.336278890010978,362.4373422806701,12674,67534848,12.87994349459575,264.1123065330598,1291,13492224,2.573176484182339,236.23087064291246,1364,5586944,1.0655169169473921,358.62456011730205,2655,19079168,3.6386934011297307,299.11034048964217,0,0,0,0,5952,87584768,16.70377436589889,391.92955090725803,5952,87584768,16.70377436589889,391.92955090725803,
260,4225.899414296961,8193,55951360,10.671620991942826,166.34437959233492,12937,115904512,22.106505066545107,240.62244933137512,21130,171855872,32.778126058487935,211.82168144817797,6927,43388928,8.27558427288802,135.27409325826477,5609,22974464,4.381926950498339,222.48475111428064,12536,66363392,12.65751122338636,174.2948797862157,1266,12562432,2.396036719054806,336.347439178515,1334,5464064,1.0421626942351194,328.5336904047976,2600,18026496,3.438199413289925,332.338385,0,0,0,0,5994,87465984,16.682415421811648,238.02998248248247,5994,87465984,16.682415421811648,238.02998248248247,
265,4300.913649470132,8506,59793408,11.403928237861852,264.9152893251822,13000,117751808,22.45787977682234,570.0144406153846,21506,177545216,33.86180801468419,449.3423778945411,7234,45883392,8.750979868511335,258.0684113906552,5631,23064576,4.398925873914241,546.9446830047949,12865,68947968,13.149905742425576,384.50931970462494,1272,13910016,2.652948369350517,303.85421619496856,1300,5324800,1.0155573852048505,500.8646507692308,2572,19234816,3.6685057545553676,403.43180754276824,0,0,0,0,6069,89362432,17.04339651770325,606.2313679354094,6069,89362432,17.04339651770325,606.2313679354094,
270,4322.201761351775,8569,60719104,11.580718848013891,235.013378690629,13043,117882880,22.483343796940083,533.7633223951545,21612,178601984,34.06406264495397,415.31115380344255,7270,46764032,8.919122172677724,228.225592434663,5681,23269376,4.438077696678826,505.51032230241157,12951,70033408,13.35719986935655,349.85747803258437,1299,13955072,2.6615966753361664,273.0019899923018,1310,5365760,1.0233905619871964,476.17948396946565,2609,19320832,3.6849872373233623,375.01905289382904,0,0,0,0,6052,89247744,17.02187553827406,572.7488018836748,6052,89247744,17.02187553827406,572.7488018836748,
275,4283.882852939503,8589,60362752,11.512966416420376,324.93128780998956,12831,115195904,21.97127417353645,731.3576549762295,21420,175558656,33.484240589956826,568.3886508870214,7193,45416448,8.662263121752671,314.38026039204783,5557,22761472,4.341287533151118,704.8515475976246,12750,68177920,13.00355065490379,484.56449121568625,1396,14946304,2.850703294667704,379.29628796561605,1306,5349376,1.0202845992973475,650.8638139356815,2702,20295680,3.8709878939650513,510.55727572168763,0,0,0,0,5968,87085056,16.60970204108798,773.6531300268097,5968,87085056,16.60970204108798,773.6531300268097,
280,4194.237296307954,8176,55730176,10.629275167031865,189.18737548923679,12796,115638272,22.055394422728476,330.4503584713973,20972,171368448,32.68466958976034,275.3785413408354,6906,42958848,8.193432158741011,170.49374181870837,5571,22818816,4.352174919560086,320.41061120086164,12477,65777664,12.545607078301098,237.43185829927066,1270,12771328,2.435843008290854,290.8395283464567,1272,5210112,0.9937114517466216,309.685266509434,2542,17981440,3.429554460037475,300.26981117230525,0,0,0,0,5953,87609344,16.709508051421768,344.2828175709726,5953,87609344,16.709508051421768,344.2828175709726,
285,4254.032993471129,8509,59248640,11.300337616825704,164.16733176636504,12762,117293056,22.37099675046117,294.88865271900954,21271,176541696,33.671334367286875,242.59643702693808,7179,45178880,8.616849216286727,158.4066346287784,5518,22601728,4.310768266135101,282.60547100398696,12697,67780608,12.927617482421828,212.38231227849099,1330,14069760,2.6834884005389763,195.2621022556391,1253,5132288,0.9788678212155276,282.7171292897047,2583,19202048,3.662356221754504,237.686085559427,0,0,0,0,5991,89559040,17.081360663110544,308.7476938741446,5991,89559040,17.081360663110544,308.7476938741446,
290,4293.041962876121,8429,57618432,10.9889272800582,1968.0733011033337,13038,117071872,22.327825372760607,2247.515478140819,21467,174690304,33.316752652818806,2137.7927357805,7080,44879872,8.559442397639701,1836.1352196327682,5693,23318528,4.447285349070259,2089.1067834182327,12773,68198400,13.006727746709961,1948.88610921475,1349,12738560,2.429484882418497,2660.5281690140846,1256,5144576,0.9811681711632259,2389.2058025477704,2605,17883136,3.410653053581723,2529.710168138196,0,0,0,0,6089,88608768,16.89937185252712,2366.395039908031,6089,88608768,16.89937185252712,2366.395039908031,
295,4250.79846114336,8388,57602048,10.986197872386475,244.6758803051979,12867,116678656,22.253632410780142,403.71353897567417,21255,174280704,33.23983028316662,340.95146506704305,7083,44945408,8.572249822491417,204.4573915007765,5710,23388160,4.460726008058506,383.37555936952714,12793,68333568,13.032975830549923,284.315340264207,1305,12656640,2.4139480498950583,462.9651954022989,1304,5341184,1.0187017013149373,401.39178220858895,2609,17997824,3.4326497512099956,432.1902889996167,0,0,0,0,5853,87949312,16.774204701406696,424.0718909960704,5853,87949312,16.774204701406696,424.0718909960704,
300,4274.036158140316,8447,59039744,11.259978956007442,157.14274973363325,12925,114700288,21.875481525258525,255.5489564410058,21372,173740032,33.135460481265966,216.65520629795995,7143,45531136,8.683635775980209,148.28236189276217,5633,23072768,4.4004066504225,245.89072181785903,12776,68603904,13.084042426402709,191.31835840638698,1304,13508608,2.5763431800272336,205.6778343558282,1341,5492736,1.0475670722912431,249.14979343773302,2645,19001344,3.6239102523184767,227.71787107750473,0,0,0,0,5951,86134784,16.42750780254478,266.13307897832294,5951,86134784,16.42750780254478,266.13307897832294,
305,4271.768462460151,8449,60190720,11.479846521654801,251.1532213279678,12911,116891648,22.294104119427338,470.187948106266,21360,177082368,33.77395064108214,383.5482286985019,7135,46608384,8.88936193058251,227.93817519271198,5564,22790144,4.346639404320334,457.08979313443564,12699,69398528,13.236001334902845,328.3397502952988,1314,13582336,2.5904845910722916,377.2105684931507,1344,5505024,1.0499430911945595,458.2512008928572,2658,19087360,3.640427682266851,418.18822460496614,0,0,0,0,6003,88596480,16.897521623912443,485.00072880226554,6003,88596480,16.897521623912443,485.00072880226554,
310,4236.7048050506855,8423,58667008,11.189064145242241,206.10995607265818,12762,114102272,21.761764985967545,447.8236122081178,21185,172769280,32.95082913120979,351.7200424356856,7058,45166592,8.614243547412288,199.96789657126664,5549,22728704,4.334854216431558,439.5044999098937,12607,67895296,12.949097763843845,305.40048258903784,1365,13500416,2.574820597829954,237.86867838827837,1354,5545984,1.0577388014143683,408.96214623338255,2719,19046400,3.632559399244322,323.0693240161824,0,0,0,0,5859,85827584,16.369171968121616,464.6833457927974,5859,85827584,16.369171968121616,464.6833457927974,
315,4294.110360815422,8372,57892864,11.039900290993373,182.73841758241758,13103,118267904,22.553140017131927,420.51896848050063,21475,176160768,33.593040308125296,327.82053904540163,7033,44965888,8.57478600498976,177.25980591497228,5713,23400448,4.462356754099699,405.83985419219323,12746,68366336,13.037142759089457,279.7137378000941,1339,12926976,2.4651142860036144,211.51442643764003,1362,5578752,1.0638420968114457,396.66767547723936,2701,18505728,3.52895638281506,304.8793746760459,0,0,0,0,6028,89288704,17.026941166220784,439.82010335102854,6028,89288704,17.026941166220784,439.82010335102854,
320,4244.6720659744615,8347,58228736,11.105392021844255,238.84984916736553,12878,115535872,22.03501637311205,418.04119024693273,21225,173764608,33.1404083949563,347.5719264546525,6983,44773376,8.539184031427936,235.35981426321067,5566,22798336,4.348101575238121,401.92810043118936,12549,67571712,12.887285606666058,309.23973145270537,1364,13455360,2.566207990416318,256.7170879765396,1345,5509120,1.0507000752237285,401.6750505576208,2709,18964480,3.6169080656400467,328.6877264673311,0,0,0,0,5967,87228416,16.6362147226502,436.7604655605832,5967,87228416,16.6362147226502,436.7604655605832,
325,4220.913940655164,8377,57667584,10.997952280805105,135.8017657872747,12730,116846592,22.28415261840523,246.0275083267871,21107,174514176,33.28210489921033,202.2808344625006,7109,45481984,8.674001145398103,132.89156590237727,5461,22368256,4.26591500855719,238.78013752060065,12570,67850240,12.939916153955291,178.89454836913285,1268,12185600,2.323951135407002,152.11770504731862,1301,5328896,1.0162892192149613,233.50655649500385,2569,17514496,3.340240354621964,193.33486959906577,0,0,0,0,5968,89149440,17.00194839063308,255.38870978552276,5968,89149440,17.00194839063308,255.38870978552276,
330,4234.598884396034,8400,58068992,11.074732213710629,182.78174654761906,12775,117002240,22.314292564339713,355.42393377690803,21175,175071232,33.38902477805034,286.93777685950414,7097,45314048,8.642150136155793,175.87515259969,5479,22441984,4.280063327849371,339.4731545902537,12576,67756032,12.922213464005164,247.15007729007633,1303,12754944,2.432582077554835,220.39962624712203,1351,5533696,1.0553687818807265,345.9492975573649,2654,18288640,3.4879508594355615,284.3098018085908,0,0,0,0,5945,89026560,16.978860454609613,372.27751707317077,5945,89026560,16.978860454609613,372.27751707317077,
335,4243.445227124853,8404,58384384,11.135531349310885,176.3901104236078,12814,113614848,21.66952213885122,327.2233628063056,21218,171999232,32.80505348816211,267.4815090489207,7119,44945408,8.572343587483397,142.69156665261974,5564,22790144,4.346716460471851,308.7297158519051,12683,67735552,12.919060047955247,215.53208247260113,1285,13438976,2.563187761827488,363.0826653696498,1356,5554176,1.0593363624011196,424.44855162241885,2641,18993152,3.6225241242286073,394.5904812570996,0,0,0,0,5894,85270528,16.263469315978252,322.31350458092976,5894,85270528,16.263469315978252,322.31350458092976,
340,4175.817145978158,8212,58073088,11.076077491857925,149.04930991232342,12668,113635328,21.673269703527605,236.25207412377642,20880,171708416,32.74934719538553,201.955661302682,6932,44445696,8.476972553544247,142.92091185804964,5459,22360064,4.2646570057873046,231.70116578127863,12391,66805760,12.741629559331551,182.03409127592607,1280,13627392,2.599104938313677,182.238415625,1294,5300224,1.0108932341983463,228.2739914992272,2574,18927616,3.6099981725120234,205.38139743589744,0,0,0,0,5915,85975040,16.397719463541954,242.19747523245985,5915,85975040,16.397719463541954,242.19747523245985,
345,4264.875038699402,8410,57712640,11.006973825830736,166.50767003567182,12916,115818496,22.08894193748686,319.3999197894085,21326,173531136,33.0959157633176,259.10620224139547,7106,44367872,8.46185525063155,159.01902856740784,5484,22462464,4.284048577775426,312.9322997811816,12590,66830336,12.745903828406977,226.0611555996823,1304,13344768,2.5451185751991865,207.3161717791411,1339,5484544,1.0460140491687264,286.854647498133,2643,18829312,3.591132624367913,247.61205486189934,0,0,0,0,6093,87871488,16.75887931054271,332.3732576727392,6093,87871488,16.75887931054271,332.3732576727392,
350,4280.377117339199,8416,59510784,11.350190236514234,346.4910671340304,12987,116232192,22.16837692487882,607.4257382767383,21403,175742976,33.51856716139305,504.82207559687896,7169,46231552,8.817509615220327,220.96380066954944,5781,23678976,4.516171089358441,440.28116917488325,12950,69910528,13.333680704578768,318.86910625482625,1247,13279232,2.532680621293905,1068.1470200481153,1327,5435392,1.0366647700360925,2149.393086661643,2574,18714624,3.569345391329997,1625.5726340326341,0,0,0,0,5879,87117824,16.615541065484287,423.73328763395136,5879,87117824,16.615541065484287,423.73328763395136,
355,4250.392849453775,8317,56967168,10.865095470015097,178.77756414572562,12936,115728384,22.072361763719194,370.9523883735312,21253,172695552,32.93745723373429,295.7480401355103,6987,43827200,8.358967610667353,176.81807700014312,5678,23257088,4.435721317137311,378.2757752729834,12665,67084288,12.794688927804664,267.1360249506514,1330,13139968,2.5061278593477447,189.0715015037594,1295,5304320,1.0116694444686187,306.78948185328187,2625,18444288,3.5177973038163635,247.14570514285714,0,0,0,0,5963,87166976,16.624971002113263,377.91344373637435,5963,87166976,16.624971002113263,377.91344373637435,
360,4241.254214785123,8343,57737216,11.011602235081376,151.91928838547284,12865,118595584,22.618468438886644,240.70615802565098,21208,176332800,33.63007067396802,205.7783546774802,7022,44904448,8.564145523779592,145.8122954998576,5512,22577152,4.305898944364965,233.06734016690856,12534,67481600,12.870044468144556,184.18390920695708,1321,12832768,2.4474567113017844,184.3820469341408,1240,5079040,0.9686710252199848,236.27435967741937,2561,17911808,3.416127736521769,209.50757126122608,0,0,0,0,6113,90939392,17.343898469301696,248.49293930966792,6113,90939392,17.343898469301696,248.49293930966792,
365,4277.145064190165,8505,58601472,11.176677573074599,154.9250209288654,12882,117972992,22.500221392304088,269.90621588262695,21387,176574464,33.67689896537869,224.18147360546126,7147,45867008,8.74791608745994,141.4490763956905,5496,22511616,4.2934940897195775,259.5888255094614,12643,68378624,13.041410177179518,192.80524669777742,1358,12734464,2.4287614856146593,225.84738880706922,1353,5541888,1.0569682502530182,255.24272653362897,2711,18276352,3.4857297358676775,240.51795020287716,0,0,0,0,6033,89919488,17.149759052331493,282.5937807061163,6033,89919488,17.149759052331493,282.5937807061163,
370,4276.463652712544,8474,58458112,11.149123112547901,181.6561034930375,12910,116137984,22.14982039890577,479.56980852052675,21384,174596096,33.29894351145367,361.51328324915823,7143,45207552,8.621978124522924,172.0812258154837,5610,22978560,4.382467815400345,450.6312434937612,12753,68186112,13.004445939923269,294.6144022582922,1331,13250560,2.527144988024976,233.04104057099926,1296,5308416,1.0124203723277803,423.2383796296296,2627,18558976,3.539565360352756,326.87269318614386,0,0,0,0,6004,87851008,16.754932211177646,518.7688227848101,6004,87851008,16.754932211177646,518.7688227848101,
375,4265.4456344544915,8510,59150336,11.281094037013375,303.84564864864865,12819,116097024,22.141910489931938,796.9642537639442,21329,175247360,33.42300452694531,600.2161957428852,7218,46063616,8.785207640762579,287.1734756165143,5578,22847488,4.357450490856631,683.3382231982789,12796,68911104,13.14265813161921,459.868611753673,1292,13086720,2.4958863962507953,396.9878660990712,1307,5353472,1.0210089264162094,595.944401683244,2599,18440192,3.5168953226670046,497.04026779530585,0,0,0,0,5934,87896064,16.763451072659095,948.0493473205258,5934,87896064,16.763451072659095,948.0493473205258,
380,4289.140266822003,8523,59940864,11.432120216528167,34288.40424815206,12924,116350976,22.19084371126822,34726.85953969359,21447,176291840,33.622963927796384,34552.61817960554,7142,45637632,8.70416041086216,34287.22413539625,5599,22933504,4.373953880848791,33873.59767565637,12741,68571136,13.07811429171095,34105.45704112707,1381,14303232,2.727959805666008,34294.50733671252,1346,5513216,1.0514988254371267,38754.797236255574,2727,19816448,3.7794586311031346,36496.0292306564,0,0,0,0,5979,87904256,16.765391004982302,34619.11728131795,5979,87904256,16.765391004982302,34619.11728131795,
385,4231.728850281226,8337,58462208,11.150066805009441,848.0933545639919,12823,115085312,21.949374835027694,1187.1212262341105,21160,173547520,33.099441640037135,1053.5448856805292,7005,44986368,8.579918988258859,261.25876102783724,5567,22802432,4.348940089924162,606.017400035926,12572,67788800,12.92885907818302,413.9211332325803,1332,13475840,2.5701478167505822,3934.261768768769,1369,5607424,1.0694627237481906,4950.107241051863,2701,19083264,3.639610540498773,4449.142350610885,0,0,0,0,5887,86675456,16.530972021355343,861.5695269237302,5887,86675456,16.530972021355343,861.5695269237302,
390,4257.519085484724,8426,58793984,11.213322636001818,222.86577557559934,12863,115404800,22.010266495008445,371.4634492731089,21289,174198784,33.223589131010264,312.6497897036028,7058,44982272,8.579121442703913,214.84909308586,5607,22966272,4.3801797422364634,353.5256738006064,12665,67948544,12.959301184940376,276.2434545598105,1368,13811712,2.6342011932979053,264.22670029239765,1289,5279744,1.006964809656287,359.34427385570206,2657,19091456,3.641166002954192,310.3714320662401,0,0,0,0,5967,87158784,16.623121943115695,390.9370078766549,5967,87158784,16.623121943115695,390.9370078766549,
395,4229.950296728093,8322,57675776,11.00013188801436,2109.034390651286,12829,117006336,22.315870145090418,2350.071732792891,21151,174682112,33.31600203310478,2255.234005909886,7048,44187648,8.427627498607976,2125.1762795119184,5504,22544384,4.299746176523758,2292.5694196947675,12552,66732032,12.727373675131734,2198.577478011472,1274,13488128,2.5725043894063835,2019.734521978022,1337,5476352,1.044469592662112,2314.659747195213,2611,18964480,3.6169739820684956,2170.7552137112216,0,0,0,0,5988,88985600,16.97165437590455,2410.833014696059,5988,88985600,16.97165437590455,2410.833014696059,
400,4240.554261576764,8284,58404864,11.139198237917793,445.3181064703042,12920,115068928,21.94638446579876,545.9172190402477,21204,173473792,33.085582703716554,506.61505678173927,6984,45207552,8.622156599473923,239.77260080183277,5710,23388160,4.460679005435907,496.5300975481611,12694,68595712,13.08283560490983,355.26695296990704,1300,13197312,2.5170416384438687,1549.5718076923079,1273,5214208,0.9944736206514727,833.7586142969363,2573,18411520,3.5115152590953413,1195.4209350952196,0,0,0,0,5937,86466560,16.491231839711382,531.6976414013811,5937,86466560,16.491231839711382,531.6976414013811,
405,4273.90380671331,8485,58187776,11.096629925564905,1916.4656293459045,12888,116752384,22.265123145030415,1995.0669418063314,21373,174940160,33.36175307059532,1963.8625186450195,7128,44474368,8.481430925790775,1878.8731011503928,5651,23146496,4.414124715568582,1938.6258752433196,12779,67620864,12.895555641359357,1905.2963679474137,1357,13713408,2.615198999774131,2113.9302873986735,1289,5279744,1.0068672373682361,2291.765681923972,2646,18993152,3.622066237142367,2200.5628737717307,0,0,0,0,5948,88326144,16.844131192093595,1984.3917217552118,5948,88326144,16.844131192093595,1984.3917217552118,
410,4252.623493160867,8378,57159680,10.901891262642389,280.6481616137503,12886,115552256,22.038929015435645,378.90183687723106,21264,172711936,32.940820278078036,340.18996275395034,7060,44978176,8.578550193842785,270.28889900849856,5641,23105536,4.4068483419968265,376.44838539266084,12701,68083712,12.985398535839611,317.4383882371467,1318,12181504,2.323341068799603,336.1385971168437,1285,5263360,1.0038645841988871,359.52760311284044,2603,17444864,3.32720565299849,347.6848409527468,0,0,0,0,5960,87183360,16.62821608923993,385.4011338926174,5960,87183360,16.62821608923993,385.4011338926174,
415,4265.144084530698,8497,59015168,11.25557464751223,333.65229033776626,12830,115441664,22.017428919036973,837.2723836321123,21327,174456832,33.2730035665492,636.6225063534487,7158,45195264,8.619795298490418,332.69129379715,5600,22937600,4.374737508749895,760.5734789285715,12758,68132864,12.994532807240313,520.5060168521711,1339,13819904,2.6357793490218118,338.78956684092606,1287,5271552,1.0054084238859133,699.9387567987568,2626,19091456,3.6411877729077253,515.7884272658035,0,0,0,0,5943,87232512,16.637282986401164,939.2852128554603,5943,87232512,16.637282986401164,939.2852128554603,
420,4277.381635290587,8420,59326464,11.314518342801216,2043.341614489311,12969,119062528,22.70715404505287,3060.5905991980876,21389,178388992,34.02167238785409,2660.140066155501,7109,45944832,8.762424209555457,2120.1206716837814,5567,22802432,4.348793400605797,3104.137961738818,12676,68747264,13.111217610161255,2552.2778390659514,1311,13381632,2.552094133245759,1627.0011739130434,1337,5476352,1.0444290958523355,2000.257727000748,2648,18857984,3.5965232290980946,1815.461903323263,0,0,0,0,6065,90783744,17.313931548594738,3254.364199010717,6065,90783744,17.313931548594738,3254.364199010717,
425,4306.363218924771,8365,57155584,10.90096312144373,315.9125500298864,13168,118153216,22.534698452140308,562.098302627582,21533,175308800,33.43566157358404,466.46166024241865,7013,44249088,8.439379719145522,286.34832796235565,5706,23371776,4.457567405113798,541.6399397125832,12719,67620864,12.89694712425932,400.8772953848573,1352,12906496,2.461583402298208,469.26601849112427,1319,5402624,1.0304120938214334,579.9751076573161,2671,18309120,3.4919954961196416,523.9366619243729,0,0,0,0,6143,89378816,17.046718953205076,577.2628660263715,6143,89378816,17.046718953205076,577.2628660263715,
430,4209.082353622767,8417,57929728,11.048909926338213,233.4536378757277,12629,114434048,21.825952451533407,549.2892377068652,21046,172363776,32.87486237787162,422.9760074598499,7163,44892160,8.562260679676646,214.2555648471311,5529,22646784,4.319410519884323,520.0567500452161,12692,67538944,12.88167119956097,347.4713506145604,1254,13037568,2.486649246661566,343.1153580542265,1259,5156864,0.9835662587329287,427.31777918983323,2513,18194432,3.4702155053944947,385.3003354556307,0,0,0,0,5841,86630400,16.522975672916157,603.2506296866975,5841,86630400,16.522975672916157,603.2506296866975,
435,4294.335620852366,8485,58806272,11.215193465895062,208.88936393635828,12989,117698560,22.446791407849453,736.4258119947648,21474,176504832,33.661984873744515,527.9808663965725,7198,46161920,8.803735485173599,205.099665323701,5571,22818816,4.351873148882175,718.8365639921019,12769,68980736,13.155608634055774,429.23845947215915,1287,12644352,2.411457980721464,230.08458585858585,1361,5574656,1.0631662817498906,596.9188809698751,2648,18219008,3.4746242624713544,418.6274391993958,0,0,0,0,6057,89305088,17.03175197721739,783.9507639095261,6057,89305088,17.03175197721739,783.9507639095261,
440,4307.911175233675,8510,58863616,11.226591060957,247.48664500587543,13031,115478528,22.024304626091485,957.4685176885887,21541,174342144,33.250895687048484,676.982665753679,7159,45502464,8.678324410004267,228.6695732644224,5783,23687168,4.5176658621887364,876.0550670932042,12942,69189632,13.195990272193002,517.9471432545201,1351,13361152,2.548266650952734,347.19901850481125,1283,5255168,1.0022765521681045,943.733326578332,2634,18616320,3.550543203120838,637.7660334092635,0,0,0,0,5965,86536192,16.50436221173464,1039.3522117351215,5965,86536192,16.50436221173464,1039.3522117351215,
445,4258.046107400804,8360,59072512,11.266780300533089,226.75950442583732,12931,116203520,22.163261484268737,672.9967545433454,21291,175276032,33.43004178480183,497.77983608097315,7073,45846528,8.744215220071203,214.82947250106037,5633,23072768,4.400622204472534,640.5466896857802,12706,68919296,13.144837424543736,403.56432882102945,1287,13225984,2.522565080461888,292.323696969697,1293,5296128,1.0101197426563087,573.5490618716165,2580,18522112,3.5326848231181964,433.26338565891473,0,0,0,0,6005,87834624,16.752519537139896,724.8497240632806,6005,87834624,16.752519537139896,724.8497240632806,
450,4243.354030588934,8369,57311232,10.930616398075992,344.54126908830204,12849,116944896,22.30417587060232,767.1909722157367,21218,174256128,33.23479226867831,600.4855633424451,7047,44630016,8.512006594728131,331.8264437349227,5534,22667264,4.323186903012617,744.4069569931335,12581,67297280,12.835193497740748,513.3080875129164,1322,12681216,2.418609803347861,412.31840544629347,1351,5533696,1.0554075724557366,674.3383034789045,2673,18214912,3.474017375803598,544.7497119341564,0,0,0,0,5964,88743936,16.925581395133968,809.3658038229377,5964,88743936,16.925581395133968,809.3658038229377,
455,4282.515254162138,8356,60026880,11.448992188183386,327.31080684538057,13057,118079488,22.521429327939313,842.4725190319369,21413,178106368,33.9704215161227,641.4408435529818,7034,45338624,8.647485126646325,270.44994256468584,5738,23502848,4.4827237922754195,776.7322847682119,12772,68841472,13.130208918921744,497.9043803632947,1322,14688256,2.8015070615370603,629.8518956127081,1341,5492736,1.0476355185502504,909.0333422818792,2663,20180992,3.849142580087311,770.4385722868944,0,0,0,0,5978,89083904,16.991070017113643,890.6423752091001,5978,89083904,16.991070017113643,890.6423752091001,
460,4275.240535183181,8421,57610240,10.986843494081416,273.7652928393303,12958,117968896,22.4978371470344,459.0391609044606,21379,175579136,33.484680641115816,386.0614143785958,7105,45785088,8.731669859711486,234.9505269528501,5558,22765568,4.341619348745432,434.5008846707449,12663,68550656,13.07328920845692,322.53647721708916,1316,11825152,2.2551736343699287,483.32373632218844,1365,5591040,1.066266716631435,515.1321941391941,2681,17416192,3.3214403510013635,499.5186430436404,0,0,0,0,6035,89612288,17.089951081657535,468.95080115990055,6035,89612288,17.089951081657535,468.95080115990055,
465,4249.652685789648,8434,58290176,11.117583358972862,187.27280685321318,12815,116985856,22.312507786917568,405.4392981662115,21249,175276032,33.43009114589043,318.8462261282884,7159,44359680,8.4606442117684,183.01448679983238,5536,22675456,4.324850079072009,399.90322723988436,12695,67035136,12.78549429084041,277.59472051988973,1275,13930496,2.6569391472044623,211.18285647058823,1359,5566464,1.0616819467953145,383.6744459161148,2634,19496960,3.718621093999777,300.17908656036445,0,0,0,0,5920,88743936,16.925975761050246,415.61262972972975,5920,88743936,16.925975761050246,415.61262972972975,
470,4253.469741043345,8362,57425920,10.952274615018426,503.1463184644822,12907,116797440,22.275614168848104,1623.0720134810567,21269,174223360,33.22788878386653,1182.7683479712257,7119,44498944,8.486841042621982,530.0448860795055,5621,23023616,4.391065307490626,1321.8713880092512,12740,67522560,12.877906350112609,879.4056998430141,1243,12926976,2.465433572396445,349.09088576025744,1302,5332992,1.0171085270152633,684.6202864823348,2545,18259968,3.4825420994117082,520.744826719057,0,0,0,0,5984,88440832,16.867440334342216,2110.1898049799465,5984,88440832,16.867440334342216,2110.1898049799465,
475,4201.616838076854,8341,58642432,11.184668674501538,339.8407279702674,12668,112824320,21.518593185663537,760.178471818756,21009,171466752,32.70326186016508,593.2958443048217,7087,45105152,8.602749978599633,336.22756286157755,5475,22425600,4.277157295026607,759.6528056621005,12562,67530752,12.87990727362624,520.772476436873,1254,13537280,2.581918695901906,360.26058532695373,1328,5439488,1.037454774026545,650.473657379518,2582,18976768,3.6193734699284508,509.52586793183576,0,0,0,0,5865,84959232,16.203981116610386,785.5094208013641,5865,84959232,16.203981116610386,785.5094208013641,
480,4272.152041845383,8312,56766464,10.825701813640785,211.2968147256978,13052,116670464,22.249750375910537,450.99094406987433,21364,173436928,33.07545218955132,357.7341755289272,7056,45223936,8.62447317442874,202.15154095804988,5703,23359488,4.454793090640984,458.63424986849026,12759,68583424,13.079266265069723,316.7938239673956,1256,11542528,2.201228639212045,262.6734482484076,1338,5480448,1.0451539812866275,412.86348281016444,2594,17022976,3.2463826204986725,340.14232498072477,0,0,0,0,6011,87830528,16.749803303982926,452.2261412410581,6011,87830528,16.749803303982926,452.2261412410581,
485,4276.02657804528,8496,58040320,11.069863541758309,409.8020031779661,12885,115503104,22.029575300920435,1248.9369823826153,21381,173543424,33.099438842678744,915.4965079743698,7192,44552192,8.497311626231838,413.1830406006674,5634,23076864,4.401383993949635,1209.5788414980475,12826,67629056,12.898695620181472,763.0110417121472,1304,13488128,2.5725519155264727,391.1544409509202,1353,5541888,1.0569883819335917,872.592406504065,2657,19030016,3.629540297460064,636.3127275122318,0,0,0,0,5898,86884352,16.57120292503721,1372.8667851814173,5898,86884352,16.57120292503721,1372.8667851814173,
490,4262.60564894446,8387,57802752,11.02294583656534,358.4999092643377,12930,116449280,22.2067991874683,911.0727866976025,21317,174252032,33.22974502403364,693.6674893746775,7126,45076480,8.59605434604603,356.0563471793432,5704,23363584,4.455419717387238,857.4236081697055,12830,68440064,13.051474063433268,578.9557124707716,1261,12726272,2.426891490519311,372.3086510705789,1312,5373952,1.0248090233541474,764.1900693597561,2573,18100224,3.4517005138734578,572.1331441896618,0,0,0,0,5914,87711744,16.726570446726914,995.4023503550897,5914,87711744,16.726570446726914,995.4023503550897,
495,4193.013998619801,8383,57847808,11.032051947928734,14295.210606465467,12585,115294208,21.987552094476953,15116.520499562972,20968,173142016,33.01960404240569,14788.161054988554,7084,44466176,8.48006485496809,14441.028130434783,5502,22536192,4.297836848934638,14597.584238458741,12586,67002368,12.777901703902728,14509.467007468616,1299,13381632,2.551987092960644,13500.005571978445,1252,5128192,0.9779883196776021,16082.16265974441,2551,18509824,3.529975412638246,14767.297094472757,0,0,0,0,5831,87629824,16.711726925864713,15398.839711370263,5831,87629824,16.711726925864713,15398.839711370263,
500,4251.291493206374,8499,59518976,11.322226437462945,342.7734435815978,12814,116441088,22.150454419117512,732.8108497736849,21313,175960064,33.47268085658046,577.2753589827805,7182,46092288,8.768083001911123,334.2493419660262,5565,22794240,4.336122092387399,681.3982477987421,12747,68886528,13.104205094298521,485.80528932297796,1317,13426688,2.5541434355518224,389.2579521640091,1309,5361664,1.0199431839955264,651.5503353705119,2626,18788352,3.574086619547349,520.0046123381569,0,0,0,0,5940,88285184,16.794389142734587,798.8851163299663,5940,88285184,16.794389142734587,798.8851163299663,
505,4249.429890222179,8417,59449344,11.338608601891336,587.450577284068,12831,114524160,21.84287560347814,1130.2292719195698,21248,173973504,33.18148420536948,915.2175873964608,7130,45731840,8.722307085580596,586.3568854137447,5493,22499328,4.2912344667348155,1138.0440504278172,12623,68231168,13.013541552315411,826.4279935039215,1287,13717504,2.6163015163107404,593.5096472416473,1379,5648384,1.077300624363246,964.4837534445251,2666,19365888,3.693602140673986,785.3976039009752,0,0,0,0,5959,86376448,16.47434051238008,1161.3815611679813,5959,86376448,16.47434051238008,1161.3815611679813,
510,4273.186924558744,8381,57692160,10.966404288112843,494.91612361293403,13058,116805632,22.202978422727295,1243.788750650942,21439,174497792,33.16938271084014,951.0371536918699,7030,43999232,8.363586429741439,498.56274822190613,5707,23375872,4.443398599379481,1292.2652249868581,12737,67375104,12.80698502912092,854.1928051346471,1351,13692928,2.6028178583714046,475.94071946706146,1350,5529600,1.0510930627584194,922.7796577777777,2701,19222528,3.653910921129824,699.2774713069233,0,0,0,0,6001,87900160,16.708486760589395,1269.902237793701,6001,87900160,16.708486760589395,1269.902237793701,
515,4270.102437911614,8364,58343424,11.127349590643774,440.0609344811095,12988,115781632,22.082054961999972,955.9071065599015,21352,174125056,33.20940455264375,753.8399754589734,7083,45260800,8.632210964378947,437.5704296202174,5662,23191552,4.4231292742365245,918.9323527022253,12745,68452352,13.055340238615472,651.4167386426049,1281,13082624,2.4951386262648287,453.8316182669789,1367,5599232,1.0678943337833502,766.9093716166789,2648,18681856,3.563032960048179,615.4544614803626,0,0,0,0,5959,86990848,16.591031353980096,1034.3952690048666,5959,86990848,16.591031353980096,1034.3952690048666,
520,4262.805146590004,8348,57290752,10.926331670120593,398.85700682798273,12968,117178368,22.347929964882386,888.9988675971623,21316,174469120,33.27426163500298,697.0442675924188,7049,44646400,8.514836291149958,324.93382990495104,5592,22904832,4.368345370652346,821.8531393061517,12641,67551232,12.883181661802304,544.7560574321651,1299,12644352,2.411495378970635,799.9997890685142,1356,5554176,1.0592768817247105,979.6655073746313,2655,18198528,3.4707722606953455,891.7612632768362,0,0,0,0,6020,88719360,16.92030771250533,930.9481946843854,6020,88719360,16.92030771250533,930.9481946843854,
525,4229.051049438797,8368,59506688,11.349600257999231,390.61179302103255,12778,114798592,21.8953225792225,742.8877145875724,21146,174305280,33.24492283722173,603.4833396859925,7093,45838336,8.742660826491562,401.2705124770901,5538,22683648,4.326410120374432,867.8195846876129,12631,68521984,13.069070946865994,605.8266649513102,1275,13668352,2.6069394315076706,331.3158737254902,1261,5165056,0.9851215532307979,577.6637256145916,2536,18833408,3.5920609847384686,453.80981742902213,0,0,0,0,5979,86949888,16.58379090561727,662.0171264425489,5979,86949888,16.58379090561727,662.0171264425489,
530,4264.535914348968,8336,58621952,11.180557632788032,961.2251301583493,12988,118648832,22.629067422370802,1631.2373777332923,21324,177270784,33.80962505515883,1369.315501172388,7001,45039616,8.590093049897792,954.3729381516927,5647,23130112,4.411445566821829,1676.4890704799009,12648,68169728,13.00153861671962,1276.778836258697,1335,13582336,2.59046458289024,997.1593595505617,1270,5201920,0.9921260616015092,992.6748653543308,2605,18784256,3.582590644491749,994.9730610364684,0,0,0,0,6071,90316800,17.225495793947463,1722.727755229781,6071,90316800,17.225495793947463,1722.727755229781,
535,4241.516446367524,8419,60104704,11.463836673881362,2466.8410762560875,12789,114806784,21.897224896566765,2568.6073458440846,21208,174911488,33.36106157044813,2528.208900745002,7090,45744128,8.724828129610675,2357.9569359661496,5483,22458368,4.283509369148938,2525.431402881634,12573,68202496,13.008337498759612,2430.9914147776985,1329,14360576,2.739008544270687,3047.720349887133,1285,5263360,1.0038864744403402,2628.2132256809336,2614,19623936,3.742895018711027,2841.497452180566,0,0,0,0,6021,87085056,16.609829052977485,2595.204279853845,6021,87085056,16.609829052977485,2595.204279853845,
540,4272.1959581952015,8391,57597952,10.983870298264709,294.06758169467287,12974,117063680,22.323923561684353,659.2836490673654,21365,174661632,33.30779385994906,515.8468121226305,7117,44740608,8.53198800084948,257.1308870310524,5708,23379968,4.458535888386784,657.002307112824,12825,68120576,12.990523889236265,435.10095064327487,1274,12857344,2.4518822974152266,500.4085989010989,1293,5296128,1.0099661709327454,553.0785143078112,2567,18153472,3.461848468347972,526.9384783794313,0,0,0,0,5973,88387584,16.855421502364823,684.4544408170099,5973,88387584,16.855421502364823,684.4544408170099,
545,4277.12827381183,8605,60223488,11.485452014903096,1973.7088147588613,12783,114831360,21.899928398137,2142.7879597121173,21388,175054848,33.385380413040096,2074.7626164204225,7239,45621248,8.700602907025143,1953.2197992816689,5558,22765568,4.341708651216174,2177.812634220943,12797,68386816,13.042311558241318,2050.7650815034776,1366,14602240,2.7848491078779527,2082.288597364568,1312,5373952,1.0248869648066967,2169.418258384146,2678,19976192,3.8097360726846494,2124.9749734876777,0,0,0,0,5913,86691840,16.53333278211413,2103.9572320311177,5913,86691840,16.53333278211413,2103.9572320311177,
550,4239.231560068884,8338,57733120,11.011281232156033,3768.761267210362,12859,118534144,22.607695464871476,3806.8283576483395,21197,176267264,33.618976697027506,3791.854380195311,7037,44912640,8.566065889364378,3656.0198405570554,5569,22810624,4.350608384666686,3797.9032806608006,12606,67723264,12.916674274031065,3718.700221164525,1301,12820480,2.4452153427916556,4378.570198308993,1283,5255168,1.0023039248567713,3704.238068589244,2584,18075648,3.4475192676484268,4043.752813467492,0,0,0,0,6007,90468352,17.25478315534802,3837.014323123023,6007,90468352,17.25478315534802,3837.014323123023,
555,4189.486817426656,8142,56766464,10.826534418915436,211.00564787521492,12807,113823744,21.708533441607695,404.17514390567663,20949,170590208,32.53506786052313,329.0982411093608,6835,42524672,8.110331217056068,178.48779824433066,5635,23080960,4.402014680033803,395.7512876663709,12470,65605632,12.51234589708987,276.66580649558944,1307,14241792,2.716203201859367,381.0588247895945,1274,5218304,0.9952381015728599,398.72402433281,2581,19460096,3.711441303432227,389.77849321968233,0,0,0,0,5898,85524480,16.31128066000103,413.40084011529336,5898,85524480,16.31128066000103,413.40084011529336,
560,4304.507831530935,8567,59056128,11.263298003648002,297.7629605462822,12957,116793344,22.275050580941816,584.8035175580768,21524,175849472,33.53834858458982,470.5554014123769,7250,45821952,8.739250573367332,297.2141132413793,5683,23277568,4.43954241605851,555.8911560795354,12933,69099520,13.178792989425842,410.8816021804686,1317,13234176,2.5240474302806697,300.78432953682614,1291,5287936,1.0085252963455105,523.4563400464756,2608,18522112,3.53257272662618,411.0103899539877,0,0,0,0,5983,88227840,16.826982868537797,625.5035269931473,5983,88227840,16.826982868537797,625.5035269931473,
565,4254.755804247273,8402,58155008,11.09155091596335,269.30327469650086,12873,116383744,22.197163524875517,457.22005367824124,21275,174538752,33.288714440838866,383.00727920094005,7069,44994560,8.581538724599056,266.1267240062244,5558,22765568,4.3419383005299546,435.52797912918317,12627,67760128,12.92347702512901,340.6917177476835,1333,13160448,2.5100121913642934,286.14876369092275,1317,5394432,1.0288472007552987,423.1149696279423,2650,18554880,3.5388593921195923,354.2183837735849,0,0,0,0,5998,88223744,16.826378023590266,484.8094078026009,5998,88223744,16.826378023590266,484.8094078026009,
570,4289.256424249057,8451,58417152,11.140775633960219,198.57259519583482,12998,115744768,22.07376510057831,609.4261584859208,21449,174161920,33.21454073453853,447.54805398853097,7085,44830720,8.549697750223993,194.67448623853213,5601,22941696,4.375226779260355,576.284587395108,12686,67772416,12.924924529484349,363.15928653633927,1366,13586432,2.5910778837362254,218.79082503660322,1359,5566464,1.0615842158569582,534.2430691685063,2725,19152896,3.6526620995931833,376.11177908256883,0,0,0,0,6038,87236608,16.636954105460998,657.0909080821465,6038,87236608,16.636954105460998,657.0909080821465,
575,4233.739803840721,8399,57806848,11.025624485465942,282.8475276818669,12770,116486144,22.21765285496818,857.5789151918559,21169,174292992,33.24327734043412,629.5488276253012,7092,44388352,8.466285874654178,278.1089355611957,5487,22474752,4.286657801442048,743.2550938582103,12579,66863104,12.752943676096224,481.0071763256221,1307,13418496,2.5593386108117637,308.55991889824026,1328,5439488,1.0374852488272353,616.8519887048192,2635,18857984,3.596823859638999,463.9344421252372,0,0,0,0,5955,88571904,16.893509804698898,1016.6016130982367,5955,88571904,16.893509804698898,1016.6016130982367,
580,4217.926734867799,8399,56942592,10.860233902370261,258.5142127634242,12692,115347456,21.999355986523444,710.705632839584,21091,172290048,32.85958988889371,530.630921483097,7108,44376064,8.463514177692376,256.525016882386,5507,22556672,4.302065033833479,687.124442164518,12615,66932736,12.765579211525855,444.5005250099088,1291,12566528,2.3967197246778853,269.4663462432223,1278,5234688,0.9983728188195363,635.8297425665103,2569,17801216,3.3950925434974217,451.72108369015183,0,0,0,0,5907,87556096,16.69891813387043,748.8896526155409,5907,87556096,16.69891813387043,748.8896526155409,
585,3877.976358728468,8417,58925056,10.364505533451839,28677.613523939646,12609,112017408,19.703079197055533,29424.073060988183,21026,170942464,30.06758473050737,29125.254934699897,7089,45502464,8.003565408808319,28603.308329101426,5494,22503424,3.9581950090910887,28945.61906479796,12583,68005888,11.961760417899407,28752.768329253755,1328,13422592,2.3609401246435198,29074.262263554214,1354,5545984,0.9754998256842617,30104.841310192023,2682,18968576,3.3364399503277813,29594.547136465328,0,0,0,0,5761,83968000,14.769384362280181,29720.35253428224,5761,83968000,14.769384362280181,29720.35253428224,
590,4587.552250158241,9057,64299008,12.263400217523934,64148.80494744397,13882,125337600,23.904959017469256,72356.31644064256,22939,189636608,36.16835923499319,69115.74659915428,7593,48889856,9.324496432435065,65068.53974305281,6048,24772608,4.724744841099805,69459.04817757936,13641,73662464,14.049241273534872,67015.1561943406,1464,15409152,2.938903785088867,59378.62304644809,1364,5586944,1.0655674542427471,59285.284628299116,2828,20996096,4.004471239331615,59333.60409229137,0,0,0,0,6470,94978048,18.1146467221267,77820.23697341577,6470,94978048,18.1146467221267,77820.23697341577,
595,4296.65574837656,8489,59588608,11.365243434682167,275.26411190952996,12995,116801536,22.27737708161924,568.0632073874567,21484,176390144,33.642620516301406,452.3691317259356,7162,45727744,8.721582190321124,272.8281802569115,5706,23371776,4.457662842885376,548.9280466175954,12868,69099520,13.1792450332065,395.257915837737,1327,13860864,2.643661244361043,288.4111672946496,1343,5500928,1.0491835257614897,492.20509530900966,2670,19361792,3.692844770122533,390.91874981273406,0,0,0,0,5946,87928832,16.770530712972374,603.5597885973764,5946,87928832,16.770530712972374,603.5597885973764,
