5,6901.539777071874,13691,95404032,18.108555864416996,1099.7338671389964,20985,188407808,35.76152123696776,7837.256194043364,34676,283811840,53.87007710138476,5177.104556667436,11564,74067968,14.058776219141876,1207.314102213767,9021,36950016,7.013450216937392,2821.0648313934157,20585,111017984,21.072226436079266,1914.5108633470973,2127,21336064,4.049779645275122,514.8453676539727,2182,8937472,1.6964137427510686,1028.6206457378553,4309,30273536,5.746193388026191,775.0119159897888,0,0,0,0,9782,142520320,27.051657277279297,13981.961269576774,9782,142520320,27.051657277279297,13981.961269576774,
10,6565.978942999315,13040,91856896,17.51758838887889,12191.024334509204,19795,176721920,33.70179037894318,32098.8006672392,32835,268578816,51.21937876782207,24192.68209319324,11038,71352320,13.607258973257393,12561.009607265809,8728,35749888,6.81768980014871,15955.470315879926,19766,107102208,20.424948773406104,14059.889151168674,2002,20504576,3.910329415621499,10151.115522977023,1991,8155136,1.5552269010192579,12613.874976896033,3993,28659712,5.465556316640757,11379.103019283748,0,0,0,0,9076,132816896,25.328873677775213,51897.55279991186,9076,132816896,25.328873677775213,51897.55279991186,
15,7142.411019280684,14111,97329152,18.56201206218716,11818.42652994118,21605,193839104,36.967791382499165,56272.96216556353,35716,291168256,55.52980344468633,38709.46254762571,11936,74579968,14.223428820314108,13405.88034442024,9328,38207488,7.2866950810572275,19348.883068717838,21264,112787456,21.510123901371333,16012.931200902935,2175,22749184,4.338583241873053,3106.7719416091954,2181,8933376,1.703718050148565,5387.091311783585,4356,31682560,6.042301292021618,4248.502094582185,0,0,0,0,10096,146698240,27.977378251293374,101380.91523088352,10096,146698240,27.977378251293374,101380.91523088352,
20,7238.897854194684,14357,100093952,19.090609423235165,5858.243616284739,21839,198168576,37.7960786719131,39279.59445308852,36196,298262528,56.886688095148266,26023.148051165874,12186,78876672,15.04390332951015,6424.421329722632,9576,39223296,7.480937751642998,10308.462340956557,21762,118099968,22.52484108115315,8133.527878917379,2171,21217280,4.046706093725013,2680.2419507139566,2150,8806400,1.6796173941136638,3822.261915348837,4321,30023680,5.726323487838677,3248.476832446193,0,0,0,0,10113,150138880,28.63552352615644,74250.5057614951,10113,150138880,28.63552352615644,74250.5057614951,
25,7090.875956470542,13975,97198080,18.53873819443727,2646.2958792844365,21480,195952640,37.37434619561226,19189.120609357542,35455,293150720,55.91308439004953,12668.574125003526,11691,74342400,14.179439453393865,2552.297699084766,9286,38035456,7.254560593069721,4166.0269647856985,20977,112377856,21.434000046463588,3266.6558037374266,2284,22855680,4.359298741043403,3127.439804290718,2187,8957952,1.7085638614089467,5326.863935070874,4471,31813632,6.06786260245235,4203.293209349139,0,0,0,0,10007,148959232,28.41122174113359,36159.36173358649,10007,148959232,28.41122174113359,36159.36173358649,
30,7031.8573461163905,13878,98054144,18.701964346989683,2485.0556141374836,21282,193384448,36.88440798339212,11938.632528380791,35160,291438592,55.586372330381806,8207.212152502843,11699,75231232,14.348927656174423,2885.9951987349345,9288,38043648,7.25610279689378,5183.632183247201,20987,113274880,21.605030453068203,3902.8366869014153,2179,22822912,4.3530366908152605,332.42036851766863,2101,8605696,1.6413729517952014,807.8197958115184,4280,31428608,5.994409642610462,565.7881714953271,0,0,0,0,9893,146735104,27.98693223470314,20644.41244920651,9893,146735104,27.98693223470314,20644.41244920651,
35,6985.4795507732015,13851,95551488,18.224685755388457,3713.223573388203,21077,192933888,36.79858423937167,14154.56032011197,34928,288485376,55.02326999476013,10013.958073236372,11737,73728000,14.062257527305906,4284.274067904916,9204,37699584,7.190501015629087,8056.432792046936,20941,111427584,21.252758542934995,5942.215374289671,2114,21823488,4.162428228082549,542.7317786187323,2119,8679424,1.6554402055756232,1105.075694195375,4233,30502912,5.817868433658171,824.2358554216868,0,0,0,0,9754,146554880,27.952643018166963,22743.756925671518,9754,146554880,27.952643018166963,22743.756925671518,
40,7008.583529197921,13606,94117888,17.949983630209875,704.8954547258562,21440,194482176,37.09126872425777,4612.695826399254,35046,288600064,55.04125235446765,3095.5602943274557,11452,71454720,13.627707565019204,758.7741724589591,9346,38281216,7.3009203154296065,1901.4631593194952,20798,109735936,20.92862788044881,1272.2644730262525,2154,22663168,4.322276065190671,418.442773444754,2159,8843264,1.6865704002795336,849.5201208893006,4313,31506432,6.008846465470205,634.2313181080455,0,0,0,0,9935,147357696,28.103778008548634,7980.977341721187,9935,147357696,28.103778008548634,7980.977341721187,
45,7018.87810710702,13878,94699520,18.06115705183072,566.9563865110247,21219,188620800,35.97388764000019,4664.163491964749,35097,283320320,54.03504469183091,3044.052365387355,11674,73072640,13.936463745876297,315.7453771629261,9195,37662720,7.183059649289941,734.7336030451331,20869,110735360,21.11952339516624,500.3539706262878,2204,21626880,4.12469330595442,1897.554083030853,2186,8953856,1.7076855240182502,2409.7380288197623,4390,30580736,5.83237882997267,2152.5960205011393,0,0,0,0,9838,142004224,27.083142466692003,8837.703021447449,9838,142004224,27.083142466692003,8837.703021447449,
50,7006.259421525764,13654,94437376,18.011624444128795,3207.5830834187786,21379,190341120,36.30292279314127,9022.603334908086,35033,284778496,54.31454723727007,6756.217740929981,11551,73211904,13.96338373153878,3613.04172166912,9336,38240256,7.293395463670474,6017.633287489289,20887,111452160,21.25677919520925,4687.837856034855,2103,21225472,4.048240712590016,980.5489747979077,2109,8638464,1.6475761603343004,1522.667291607397,4212,29863936,5.695816872924317,1251.994257359924,0,0,0,0,9934,143462400,27.361951169136496,13438.927623011878,9934,143462400,27.361951169136496,13438.927623011878,
55,6999.625673713846,13622,94949376,18.10867041548374,2914.6797413008367,21379,193351680,36.87588054712523,10754.97182239581,35001,288301056,54.984550962608964,7703.617325990686,11501,73060352,13.934012950303414,2358.212449960873,9218,37756928,7.200971653074893,4764.375927424604,20719,110817280,21.134984603378307,3428.728157053912,2121,21889024,4.174657465180324,5932.091489391796,2154,8822784,1.6826744348799436,7634.764833797586,4275,30711808,5.8573319000602675,6789.999883274854,0,0,0,0,10007,146771968,27.99223445917039,16944.86278005396,10007,146771968,27.99223445917039,16944.86278005396,
60,6936.972337193353,13879,95223808,18.160856791148852,1202.5411131925932,20809,185114624,35.304618109909725,5010.241890720362,34688,280338432,53.46547490105858,3486.744453816882,11788,74596352,14.226837744339422,1307.390645571768,9178,37593088,7.169663783085176,3091.071900849858,20966,112189440,21.396501527424597,2088.208472574645,2091,20627456,3.93401904680943,611.4525011956001,2158,8839168,1.6857849688273925,1057.0065732159408,4249,29466624,5.619804015636822,837.7423782066369,0,0,0,0,9473,138682368,26.449169357997153,7770.214864668004,9473,138682368,26.449169357997153,7770.214864668004,
65,7041.331991510677,13737,92880896,17.672786617662123,1954.3978085462618,21555,196018176,37.29709280185388,7913.953107770819,35292,288899072,54.969879419516005,5594.2656107333105,11619,71495680,13.603743623711958,2146.3308567002323,9300,38092800,7.248055898053349,3508.922961827957,20919,109588480,20.851799521765308,2752.1010454132606,2118,21385216,4.069042993950165,901.484642115203,2198,9003008,1.7130351466582001,881.2264399454049,4316,30388224,5.782078140608365,891.1677912418907,0,0,0,0,10057,148922368,28.33600175714233,13524.444663219647,10057,148922368,28.33600175714233,13524.444663219647,
70,5354.691871249463,10668,73371648,13.905437507203855,69487.75985104986,16277,144183296,27.325702321837934,99962.01605043927,26945,217554944,41.231139829041794,87896.72137108925,9044,57880576,10.969560509925623,70201.08064097744,7112,29130752,5.520877103290003,74176.97128163667,16156,87011328,16.490437613215626,71951.29939787077,1624,15491072,2.935876997278233,65515.30096921182,1749,7163904,1.357707262887263,65763.98995425958,3373,22654976,4.293584260165495,65644.2535440261,0,0,0,0,7416,107888640,20.44711795566067,132755.37986353828,7416,107888640,20.44711795566067,132755.37986353828,
75,8677.035619107426,17060,116727808,22.262101378060564,7517.22430890973,26329,241115136,45.98501156996677,34355.366429678295,43389,357842944,68.24711294802734,23802.952117748737,14407,89223168,17.016469728342102,8123.413149649476,11199,45871104,8.748448078212514,11669.384953924457,25606,135094272,25.764917806554617,9674.273816527377,2653,27504640,5.24563164971846,4225.342428571428,2706,11083776,2.1138762835648777,4641.35589135255,5359,38588416,7.3595079332833375,4435.406326740063,0,0,0,0,12424,184160256,35.12268720818938,61276.3595932067,12424,184160256,35.12268720818938,61276.3595932067,
80,6918.546969477058,13760,94588928,18.038660693687778,441.0419981831395,20838,188035072,35.859385808042475,1081.3258924560898,34598,282624000,53.898046501730256,826.6780404069599,11549,71614464,13.657296304873213,422.9190066672439,9178,37593088,7.169221315838844,1077.4122065809543,20727,109207552,20.826517620712057,712.7312606744825,2211,22974464,4.381364388814565,535.706145183175,2109,8638464,1.647405508292016,575.7084542437174,4320,31612928,6.0287698971065815,555.2350502314814,0,0,0,0,9551,141803520,27.042758983911614,1196.7344346141767,9551,141803520,27.042758983911614,1196.7344346141767,
85,7073.169270869448,13923,95940608,18.29810446497088,1297.9091491776196,21445,194097152,37.01883944334949,21365.74907017953,35368,290037760,55.316943908320376,13465.82441455553,11660,73621504,14.041332436211698,937.3106714408234,9263,37941248,7.236278088162288,2133.546441109792,20923,111562752,21.277610524373987,1466.9064241743536,2263,22319104,4.256772028759182,3155.875676093681,2202,9019392,1.720207745885065,4530.629540871935,4465,31338496,5.9769797746442475,3833.8617926091824,0,0,0,0,9980,147136512,28.06235360930214,42930.76171112224,9980,147136512,28.06235360930214,42930.76171112224,
90,7041.995876449494,13965,98209792,18.72882877385607,2581.677761045471,21251,191557632,36.530472338779944,17329.879526563454,35216,289767424,55.25930111263601,11481.44024738755,11759,74674176,14.240533735503606,2991.050815035292,9122,37363712,7.125344124582519,5613.552069283052,20881,112037888,21.365877860086126,4136.707461807385,2206,23535616,4.488295038352462,399.5300992747053,2189,8966144,1.709863877297866,1090.3003220648698,4395,32501760,6.198158915650327,743.5792500568829,0,0,0,0,9940,145227776,27.69526433689956,31658.328011871225,9940,145227776,27.69526433689956,31658.328011871225,
95,7079.124957589673,13969,98955264,18.873485466018582,1955.66289290572,21428,194609152,37.11730789608324,10589.455333022215,35397,293564416,55.99079336210182,7182.233065711784,11860,76935168,14.673648640598826,2001.004626644182,9383,38432768,7.330183953294936,4118.216653628903,21243,115367936,22.003832593893762,2936.173880007532,2109,22020096,4.199836825419757,1700.6828255097203,2067,8466432,1.6147810115592702,1403.8263483309142,4176,30486528,5.814617836979027,1553.7473996647511,0,0,0,0,9978,147709952,28.17234293122903,18577.662152034478,9978,147709952,28.17234293122903,18577.662152034478,
100,6979.543104945684,13903,94339072,17.99205663800699,2046.4988001150832,20998,186970112,35.65836268474753,12195.133831603009,34901,281309184,53.65041932275452,8152.370792068996,11729,71720960,13.678400127279541,2327.6403519481623,9153,37490688,7.150108301826936,4649.576834371244,20882,109211648,20.828508429106478,3345.391746623887,2174,22618112,4.313656510727449,529.7052115915363,2073,8491008,1.619378838597972,1049.8407173178966,4247,31109120,5.933035349325421,783.5881650576878,0,0,0,0,9772,140988416,26.888875544322623,21627.049081457222,9772,140988416,26.888875544322623,21627.049081457222,
105,6520.624172808173,13105,90951680,17.346124438035453,2922.601178939336,19501,175423488,33.45642051034372,23861.804528793393,32606,266375168,50.80254494837917,15445.922178924126,11089,70541312,13.453499440299327,3051.436549192894,8739,35794944,6.826740890069435,5646.098812678796,19828,106336256,20.280240330368763,4195.008947851523,2016,20410368,3.892624997736125,2213.942736111111,1944,7962624,1.5186158931565377,3387.6025190329215,3960,28372992,5.411240890892662,2790.102993181818,0,0,0,0,8818,131665920,25.11106372711775,46428.02146688592,8818,131665920,25.11106372711775,46428.02146688592,
110,7492.64598296501,14815,101621760,19.37931041055364,1552.4411721228485,22655,208846848,39.82717771919827,35566.249256323106,37470,310468608,59.20648812975191,22117.768691406458,12515,79708160,15.200378097113013,924.8515238513784,9581,39243776,7.483803830855076,2108.1527361444523,22096,118951936,22.68418192796809,1437.9402690984793,2300,21913600,4.178932313440628,4967.347453913043,2254,9232384,1.7606193335505,6636.334496450754,4554,31145984,5.939551646991128,5793.411747694335,0,0,0,0,10820,160370688,30.582754554792693,71219.6735288355,10820,160370688,30.582754554792693,71219.6735288355,
115,7015.3952748312,13779,96698368,18.442686023000647,1831.6640828071702,21300,196997120,37.57205118079533,19570.131590516434,35079,293695488,56.01473720379598,12602.477330454118,11530,74027008,14.118716727113297,1651.445966782307,9179,37597184,7.1706800662962955,3992.6981786687,20709,111624192,21.289396793409594,2689.176134965474,2249,22671360,4.323969295887351,2755.5924410849266,2108,8634368,1.646779995615273,3105.847886622391,4357,31305728,5.970749291502624,2925.0527300895114,0,0,0,0,10013,150765568,28.754591118883763,37316.25875871367,10013,150765568,28.754591118883763,37316.25875871367,
120,7031.100703598661,13741,97161216,18.53018828194593,2735.2739432355725,21418,194220032,37.04084725622993,10017.577155056495,35159,291381248,55.571035538175856,7171.474352541312,11667,74981376,14.30014024237183,2868.26182686209,9334,38232064,7.29146230865829,4636.392916755946,21001,113213440,21.59160255103012,3654.11657630589,2074,22179840,4.2300480395741,1987.1690067502411,2138,8757248,1.6701463912482777,1937.352079513564,4212,30937088,5.900194430822377,1961.882066951567,0,0,0,0,9946,147230720,28.07923855632336,16804.57644037804,9946,147230720,28.07923855632336,16804.57644037804,
125,5835.972226018524,11623,78647296,14.986842665042532,62407.2484329347,17584,155045888,29.545177615741625,74627.09969136716,29207,233693184,44.53202028078416,69764.17877594414,9817,60497920,11.528340511571178,62744.272915860245,7742,31711232,6.0428173487193,62775.29390997158,17559,92209152,17.571157860290477,62757.950490688534,1806,18149376,3.4585021534713536,60575.26097508305,1824,7471104,1.4236759033924056,63693.70210635965,3630,25620480,4.882178056863759,62142.21321294766,0,0,0,0,8018,115863552,22.078684363629918,88558.15451234722,8018,115863552,22.078684363629918,88558.15451234722,
130,8145.789696889079,15946,110018560,20.9838332519834,672.7262051925248,24784,223801344,42.68561671835893,21264.571432335375,40730,333819904,63.66944997034233,13202.760384164007,13510,85262336,16.262080155371795,473.96905048112507,10618,43491328,8.295098342128062,1002.7493025051799,24128,128753664,24.55717849749986,706.6691796253316,2436,24756224,4.721753096611603,1775.028816091954,2497,10227712,1.9507308872003926,2562.314634761714,4933,34983936,6.672483983811996,2173.5393957024125,0,0,0,0,11669,170082304,32.43978748903048,43703.47473151084,11669,170082304,32.43978748903048,43703.47473151084,
135,7071.395690122859,13887,95727616,18.25754986728332,241.1307774897386,21472,193253376,36.85804887631228,287.23905891393446,35359,288980992,55.1155987435956,269.1303537995984,11731,73678848,14.052321552894286,217.1426003750746,9322,38182912,7.282396126088533,275.01162883501394,21053,111861760,21.33471767898282,242.7662684178027,2156,22048768,4.205228314389034,371.6527189239332,2177,8916992,1.7006840127112997,309.0618125861277,4333,30965760,5.905912327100333,340.205591507039,0,0,0,0,9973,146153472,27.874968737512447,293.9046528627294,9973,146153472,27.874968737512447,293.9046528627294,
140,7033.644231508119,13890,97984512,18.68864861744999,170.65866421886247,21279,189796352,36.19997955801271,278.07221467174213,35169,287780864,54.8886281754627,235.64922238334896,11782,75563008,14.412180824961013,150.17661135630624,9317,38162432,7.278745053456297,266.53668358913814,21099,113725440,21.69092587841731,201.55946329209917,2108,22421504,4.276467792488973,285.1366276091082,2209,9048064,1.725743031349679,305.6003105477592,4317,31469568,6.002210823838652,295.6078519805421,0,0,0,0,9753,142585856,27.195491473206733,282.85709925151235,9753,142585856,27.195491473206733,282.85709925151235,
145,6998.3027473095335,13743,95784960,18.26666724846878,2624.996105944844,21254,193372160,36.877030609374,50070.01167968383,34997,289157120,55.14369785784279,31438.79045986799,11640,74305536,14.170434490248969,1184.7328073883161,9259,37924864,7.232459784202371,1996.217923965871,20899,112230400,21.402894274451338,1544.249563902579,2103,21479424,4.096232758219811,10596.781553019495,2205,9031680,1.7223861998235477,16822.748994104306,4308,30511104,5.818618958043359,13783.471016248839,0,0,0,0,9790,146415616,27.922184625348088,103024.6052042901,9790,146415616,27.922184625348088,103024.6052042901,
150,7021.117831650043,13871,96063488,18.320354389072786,1754.3722472064019,21239,194928640,37.17501664503364,7852.978474316116,35110,290992128,55.49537103410642,5443.586079663914,11654,74280960,14.166188839203299,1934.8186796807963,9284,38027264,7.252213795597652,3866.8978783929338,20938,112308224,21.41840263480095,2791.5109750692523,2217,21782528,4.154165549869487,805.8279422643211,2109,8638464,1.6474492562382,1009.6480488383121,4326,30420992,5.801614806107687,905.1937778548313,0,0,0,0,9846,148262912,28.275353593197785,13077.369711354864,9846,148262912,28.275353593197785,13077.369711354864,
155,6986.716213935175,13808,95784960,18.267220534285073,13656.839385718424,21130,187269120,35.7142323210397,44085.1763504496,34938,283054080,53.981452855324775,32059.460029852882,11715,75063296,14.315376673564602,15032.338252752881,9251,37892096,7.2264296413372335,20565.08692919684,20966,112955392,21.541806314901837,17473.598293093582,2093,20721664,3.9518438607204693,5957.857432871477,2152,8814592,1.6810373568433388,9254.730842007435,4245,29536256,5.632881217563808,7629.205271849235,0,0,0,0,9727,140562432,26.806765322859132,74160.17028179295,9727,140562432,26.806765322859132,74160.17028179295,
160,7063.336636640633,14048,99319808,18.94250734878691,5279.39438304385,21271,193798144,36.96163777220818,28200.854944196326,35319,293117952,55.90414512099509,19083.92983411195,11809,75194368,14.341246697007179,6177.187375899738,9311,38137856,7.273741583823611,10814.966386639459,21120,113332224,21.61498828083079,8221.80671155303,2239,24125440,4.6012606517797305,544.2280352836087,2109,8638464,1.6475481688630647,1443.3608060692272,4348,32763904,6.248808820642795,980.3529234130635,0,0,0,0,9851,147021824,28.040348019521502,50362.21556715054,9851,147021824,28.040348019521502,50362.21556715054,
165,6665.4659577571,13235,93237248,17.777901905814225,14680.011557234606,20103,179965952,34.31479488800947,35541.036182559816,33338,273203200,52.0926967938237,27259.325794528766,11157,70979584,13.533948167019053,16106.700011920768,8856,36274176,6.916535574304389,19906.828933604338,20013,107253760,20.450483741323442,17788.30405581372,2078,22257664,4.243953738795172,7019.971572184792,2095,8581120,1.6361948992962616,7850.854440572793,4173,30838784,5.880148638091434,7437.105434938892,0,0,0,0,9152,135110656,25.762064414408826,57008.198567416955,9152,135110656,25.762064414408826,57008.198567416955,
170,6825.847014296488,13892,96043008,17.533862214031437,4897.626951554852,21765,198533120,36.244724561331616,16355.369416080865,35657,294576128,53.77858677536305,11891.422412205176,11687,73670656,13.449507240769764,4657.800240438093,9278,38002688,6.93786990881029,6987.973684306962,20965,111673344,20.387377149580054,5689.01174590985,2205,22372352,4.084354973261673,6168.762902947846,2222,9101312,1.6615592732675646,5666.860818181818,4427,31473664,5.745914246529238,5916.848190422408,0,0,0,0,10265,151429120,27.645295379253763,27135.745811982462,10265,151429120,27.645295379253763,27135.745811982462,
175,7481.012508606687,14716,104960000,20.017959219644524,16519.664136178308,22692,205029376,39.103179188235174,39113.70290617839,37408,309989376,59.12113840787969,30225.393599631094,12401,80420864,15.337858002673192,17542.48324812515,9844,40321024,7.6900210949533925,21856.883934884194,22245,120741888,23.027879097626585,19451.719497190377,2315,24539136,4.68010121697133,11040.623182721381,2330,9543680,1.820169560264263,11944.730095278968,4645,34082816,6.500270777235594,11494.136445640475,0,0,0,0,10518,155164672,29.592988533017515,61283.30098592889,10518,155164672,29.592988533017515,61283.30098592889,
180,7032.773423732053,13892,97021952,18.50487257481928,1087.6869464439967,21273,192491520,36.7136609386428,16755.760350726272,35165,289513472,55.218533513462084,10566.058211318072,11694,73490432,14.016735920015517,1118.0868742945102,9261,37933056,7.234923161033536,2911.123108519598,20955,111423488,21.251659081049052,1910.513911524696,2198,23531520,4.488136654803765,925.9504786169244,2142,8773632,1.67338358826626,1590.907903828198,4340,32305152,6.161520243070025,1254.1391433179724,0,0,0,0,9870,145784832,27.80535418934301,33037.24965582573,9870,145784832,27.80535418934301,33037.24965582573,
185,6946.618136147871,13770,96743424,18.451860676597114,557.1219743645606,20964,188317696,35.91780966455942,1229.6998344304523,34734,285061120,54.36967034115653,963.06204053665,11646,74596352,14.227752514593616,368.98743456980935,9091,37236736,7.102157814087995,904.0905656143439,20737,111833088,21.32991032868161,603.5740461493948,2124,22147072,4.224108162003497,1588.6732222222222,2179,8925184,1.7022991834669168,1823.188435520881,4303,31072256,5.926407345470413,1707.429589821055,0,0,0,0,9694,142155776,27.113352667004506,1401.65178419641,9694,142155776,27.113352667004506,1401.65178419641,
190,6252.157784396912,12514,84951040,16.186963776733066,26773.658452772892,18778,166125568,31.654333503217917,73198.39881643413,31292,251076608,47.84129727995098,54632.65674463122,10544,65740800,12.52655586386527,27852.364207795905,8223,33681408,6.417811144458823,33606.000901617415,18767,99422208,18.944367008324093,30373.393383119303,1970,19210240,3.6604079128677953,21000.118614720814,1995,8171520,1.557039186816898,21347.602855137844,3965,27381760,5.217447099684693,21174.956208575033,0,0,0,0,8560,124272640,23.6794831719422,123316.4626010514,8560,124272640,23.6794831719422,123316.4626010514,
195,7459.483318412245,14793,100380672,19.094089005171522,25154.093412695194,22606,206639104,39.30622663818085,76514.36111718128,37399,307019776,58.40031564335237,56199.04679988769,12551,79142912,15.054310513646067,26911.012336945263,9780,40058880,7.619871484497388,31824.974502453988,22331,119201792,22.674181998143453,29063.11255541624,2242,21237760,4.039778491525456,15318.638721231044,2299,9416704,1.7912151884314413,17065.930892996956,4541,30654464,5.830993679956897,16203.251075974455,0,0,0,0,10527,157163520,29.895139965252024,131015.56204597701,10527,157163520,29.895139965252024,131015.56204597701,
200,5821.971999550838,11443,78045184,14.829827397683744,35661.505928952196,17777,158208000,30.062038586938943,60672.54590768971,29220,236253184,44.89186598462268,50877.83918364134,9757,62033920,11.787432346904602,36431.52087157938,7763,31797248,6.041983315220893,41705.87224629653,17520,93831168,17.829415662125495,38768.55224840183,1686,16011264,3.042395050779141,31205.37556405694,1813,7426048,1.411067338721561,31735.271396028682,3499,23437312,4.453462389500702,31479.940052014863,0,0,0,0,8201,118984704,22.608987932996488,85023.42583977563,8201,118984704,22.608987932996488,85023.42583977563,
206,5539.893440930003,12583,85266432,13.946016519855565,31553.552378844473,19719,184229888,30.1322924066899,107439.95239581114,32302,269496320,44.07830892654546,77878.97872812828,10601,64643072,10.572898722984124,30611.3455673993,8317,34066432,5.571841254534214,33277.792576289525,18918,98709504,16.144739977518338,31783.60689380484,1982,20623360,3.37311779687144,36593.075289101915,2038,8347648,1.365325535257993,38677.085374386654,4020,28971008,4.7384433321294335,37649.59582487562,0,0,0,0,9364,141815808,23.19512561689769,188275.6429349637,9364,141815808,23.19512561689769,188275.6429349637,
211,4322.101557158638,8662,59547648,11.357028292653581,115616.76132475179,12950,115335168,21.99691860397163,132907.00029737453,21612,174882816,33.35394689662521,125977.14419979641,7322,46227456,8.816578711713325,116318.83718205409,5733,23482368,4.478597001085636,118218.51069021455,13055,69709824,13.295175712798962,117153.06377893526,1340,13320192,2.5404495809402565,111780.49309552238,1338,5480448,1.0452403257374117,108575.8862787743,2678,18800640,3.585689906677668,110179.38632897685,0,0,0,0,5879,86372352,16.47308127714858,152768.2252463004,5879,86372352,16.47308127714858,152768.2252463004,
216,9344.239412963267,18364,128176128,24.408576917453175,2547.1245169897625,28432,254267392,48.42013323442114,61097.75638558666,46796,382443520,72.82871015187432,38120.924954803835,15522,100216832,19.084288864580795,2414.907298350728,12305,50401280,9.597914516641463,3958.9318009752133,27827,150618112,28.68220338122226,3097.6694180472205,2842,27959296,5.3242880528723795,3269.2482565095006,2829,11587584,2.206623337470841,4692.09832661718,5671,39546880,7.5309113903432205,3979.042445953095,0,0,0,0,13298,192278528,36.61559538030883,125969.5298223793,13298,192278528,36.61559538030883,125969.5298223793,
221,10585.3821996384,20985,145403904,27.712603093742594,2597.9918824874912,31982,289607680,55.1964731891904,42330.341296448,52967,435011584,82.909076282933,26588.778579058657,17690,111095808,21.173805845561294,2546.241982306388,13822,56614912,10.790264513414748,4103.628209665751,31512,167710720,31.96407035897604,3229.3529379601423,3295,34308096,6.5387972481813,2875.8236682852807,3231,13234176,2.522308250820652,3356.724186010523,6526,47542272,9.061105499001952,3113.9158492185106,0,0,0,0,14929,219758592,41.883900424955,86157.34814012995,14929,219758592,41.883900424955,86157.34814012995,
226,7141.976335957806,14117,99201024,18.91679318732,4039.6531569738613,21601,196956160,37.55786780677494,32026.167236470534,35718,296157184,56.47466099409494,20964.920266868245,11896,76668928,14.62011374872025,4132.305961583726,9467,38776832,7.394412696823091,7097.123962923841,21363,115445760,22.014526445543343,5446.16319224828,2221,22532096,4.296679438599749,3543.3912192705984,2124,8699904,1.6589978417716535,3864.9662443502825,4345,31232000,5.955677280371402,3700.589229228999,0,0,0,0,10010,149479424,28.504457268180193,61578.379382117884,10010,149479424,28.504457268180193,61578.379382117884,
231,7102.41911146789,14001,97882112,18.668530094068114,1056.2280123562603,21513,196698112,37.51517563616098,10025.073652117326,35514,294580224,56.1837057302291,6489.205887227573,11783,75182080,14.339074774098014,1148.221811847577,9331,38219776,7.289452831223567,2758.9954638302434,21114,113401856,21.62852760532158,1860.0778763853368,2218,22700032,4.3294553199701005,567.5161370604147,2143,8777728,1.6741289698116069,971.7564890340643,4361,31477760,6.003584289781707,766.1602724145838,0,0,0,0,10039,149700608,28.551593835125807,18711.300791811933,10039,149700608,28.551593835125807,18711.300791811933,
236,6982.29666997287,13675,93888512,17.906521679734283,2309.858406361974,21239,192921600,36.79422262959099,48513.55373981826,34914,286810112,54.70074430932527,30416.643225840635,11583,72830976,13.8904049379354,1335.4897555900889,9161,37523456,7.156515361139768,2878.759278572208,20744,110354432,21.04692029907517,2017.0310253567297,2092,21057536,4.01611674179888,7704.749458891014,2174,8904704,1.6983150742405693,4725.869165133395,4266,29962240,5.71443181603945,6186.679660806376,0,0,0,0,9904,146493440,27.939392194210654,100336.53216518578,9904,146493440,27.939392194210654,100336.53216518578,
241,7010.59809222621,13952,96124928,18.333323976203097,348.16989148509174,21103,186642432,35.59717801362053,726.9695134814956,35055,282767360,53.930501989823625,576.2060752817002,11755,74752000,14.256995166426902,306.7956842194811,9311,38137856,7.273801753128816,638.0475430136397,21066,112889856,21.53079691955572,453.2063011962404,2197,21372928,4.076328809776196,569.5416741010469,2092,8568832,1.6342813089405523,669.9740788718929,4289,29941760,5.710610118716748,618.528522033108,0,0,0,0,9700,139935744,26.689094951551162,824.6176491752577,9700,139935744,26.689094951551162,824.6176491752577,
246,6739.3079965674015,13424,91680768,17.485961111282588,24878.171582538736,20274,182996992,34.902393985112454,51563.49396774194,33698,274677760,52.388355096395046,40933.07769084219,11346,71274496,13.593942246232778,25989.83951445443,8950,36659200,6.991884552829341,29824.93989106145,20296,107933696,20.58582679906212,27681.0174988175,2078,20406272,3.8920188650498075,18808.40047786333,2092,8568832,1.6343041882144114,20280.12573948375,4170,28975104,5.526323053264219,19546.733630695442,0,0,0,0,9232,137768960,26.276205244068702,79726.93258557194,9232,137768960,26.276205244068702,79726.93258557194,
251,7230.247924749349,14193,99823616,19.039443289581403,3605.938169026985,21959,198647808,37.88826558853222,19104.434354934197,36152,298471424,56.92770887811363,13019.842731605444,12044,77598720,14.800469948755474,4149.492208402524,9540,39075840,7.45296824022841,7808.577890880502,21584,116674560,22.253438188983882,5766.786380513343,2149,22224896,4.238973340825928,559.6073871568171,2135,8744960,1.6679336680175738,1422.2587498829039,4284,30969856,5.906907008843501,989.5235074696545,0,0,0,0,10284,150827008,28.76736368028624,33253.97884966939,10284,150827008,28.76736368028624,33253.97884966939,
256,7033.7832638159425,13872,95404032,18.195796939062113,5114.87703784602,21299,187850752,35.827564795606506,14492.24274980046,35171,283254784,54.02336173466862,10793.661044525319,11686,72273920,13.784339558206725,5606.178452421702,9459,38744064,7.389405943954514,8869.916059202877,21145,111017984,21.17374550216124,7066.178169732797,2186,23130112,4.41145738085539,2488.459686184812,2119,8679424,1.6553706729294444,2324.494303916942,4305,31809536,6.066828053784835,2407.7529161440184,0,0,0,0,9721,140427264,26.782788178722544,22615.38307725543,9721,140427264,26.782788178722544,22615.38307725543,
261,7058.968447869666,13940,94777344,18.07521447527464,7358.704084074605,21359,194695168,37.13078221415055,16764.36929130577,35299,289472512,55.205996689425184,13049.95888339613,11801,73539584,14.02491035434033,8519.048919837302,9240,37847040,7.217899725638,12415.171591017315,21041,111386624,21.24281007997833,10230.002462050283,2139,21237760,4.05030412093431,957.007306685367,2249,9211904,1.7568242946926258,1708.184895064473,4388,30449664,5.807128415626936,1342.0114990884229,0,0,0,0,9870,147636224,28.15605819381992,24266.694059067882,9870,147636224,28.15605819381992,24266.694059067882,
266,4795.110788485616,9864,68542464,12.449078798721585,70251.55776064476,15314,139587584,25.35270445689213,78917.43269557267,25178,208130048,37.801783255613714,75522.39773020097,8281,50618368,9.193600800442294,70606.88997427847,6637,27185152,4.9375245600044915,72967.96893943046,14918,77803520,14.131125360446784,71657.33112535192,1583,17924096,3.2554779982792907,68392.7415502211,1487,6090752,1.1062376104756182,69310.75909280429,3070,24014848,4.361715608754909,68837.39695276873,0,0,0,0,7190,106311680,19.30894228641202,86396.11344617525,7190,106311680,19.30894228641202,86396.11344617525,
271,6920.618849740185,14326,99061760,18.095520346206165,66495.47321960072,21805,197197824,36.02194465775273,84592.06423889016,36131,296259584,54.11746500395889,77416.73659940217,12046,75755520,13.838190978006327,68731.5022390005,9425,38604800,7.051903215339801,74629.33926259947,21471,114360320,20.89009419334613,71320.44145689535,2280,23306240,4.257329368199838,54681.786567105264,2250,9216000,1.683478221168653,57015.80306888889,4530,32522240,5.94080758936849,55841.06628653422,0,0,0,0,10130,149377024,27.28656322124427,99986.46409417571,10130,149377024,27.28656322124427,99986.46409417571,
276,6461.947002531529,12942,90988544,17.342736433022452,57305.16749992273,19390,174280704,33.21851501254489,98992.74276064981,32332,265269248,50.56125144556734,82305.85054784732,10975,71532544,13.634354419118758,60651.546426788154,8478,34725888,6.618876360815897,67896.5781430762,19453,106258432,20.253230779934654,63809.073743432884,1967,19456000,3.708382013903693,38633.83617183528,1960,8028160,1.530195525737103,40366.756161734695,3927,27484160,5.238577539640796,39498.75167481538,0,0,0,0,8952,131526656,25.069443125991896,141278.289829647,8952,131526656,25.069443125991896,141278.289829647,
281,9902.504552373957,19440,134471680,25.645082605164575,1732.714446244856,30079,270790656,51.6424628726785,40733.33532727152,49519,405262336,77.28754547784307,25422.60470009491,16413,103260160,19.692736292299692,1867.343771217937,12803,52441088,10.001035412547123,3592.6342443177377,29216,155701248,29.693771704846817,2623.398464779573,3027,31211520,5.952346312864881,1002.7272936901222,3136,12845056,2.449679532433631,1585.636522640306,6163,44056576,8.402025845298512,1299.3366303748173,0,0,0,0,14140,205504512,39.19174792769775,83044.47955756717,14140,205504512,39.19174792769775,83044.47955756717,
286,6941.727624262314,13729,94851072,18.08965408610522,1077.317774710467,20983,189898752,36.216804540312225,3681.274290187295,34712,284749824,54.306458626417445,2651.3791818391337,11608,73265152,13.972865338263336,629.1100716747071,9227,37793792,7.2078955932328395,1308.8330161482606,20835,111058944,21.180760931496174,930.1325630909527,2121,21585920,4.116788747841884,3530.3092960867516,2179,8925184,1.7021788769539783,4272.213874713171,4300,30511104,5.818967624795862,3906.265127906977,0,0,0,0,9577,143179776,27.306730070125408,5832.55948188368,9577,143179776,27.306730070125408,5832.55948188368,
291,6584.292871693667,13169,92196864,17.581665899006065,3334.1729394031436,19759,177434624,33.836251502911885,21258.27204408118,32928,269631488,51.417917401917954,14089.829954992712,11117,71884800,13.708216114778818,3010.4945414230456,8662,35479552,6.765844329698811,6389.580265296699,19779,107364352,20.47406044447763,4490.32873628596,2052,20312064,3.8734497842272457,5087.746404483431,2044,8372224,1.5965580477839263,8861.904361545987,4096,28684288,5.470007832011172,6971.139681884765,0,0,0,0,9053,133582848,25.47384912542915,38283.65409764719,9053,133582848,25.47384912542915,38283.65409764719,
296,7348.227722270696,14319,99278848,18.935493561140557,1838.5130281444233,22423,200421376,38.22644753858275,37896.840910315295,36742,299700224,57.1619410997233,23844.279891731534,12033,76472320,14.585595543629598,1140.104857225962,9618,39395328,7.5138863384375725,2722.9343235599918,21651,115867648,22.09948188206717,1843.2434562375872,2286,22806528,4.3498980175109585,5514.779660104987,2303,9433088,1.7991765686651828,5735.582369083804,4589,32239616,6.149074586176142,5625.589997602964,0,0,0,0,10502,151592960,28.91338463147999,77162.69617330033,10502,151592960,28.91338463147999,77162.69617330033,
301,7006.447553328627,13694,95989760,18.30610524368172,18887.287761063242,21343,190607360,36.350527310208186,46293.01211783723,35037,286597120,54.65663255388991,35581.65014787225,11639,73404416,13.99887826208748,20605.07620972592,9330,38215680,7.2880717697269235,26558.96341436227,20969,111620096,21.286950031814403,23254.213871000047,2055,22585344,4.30722698159424,9158.168659367397,2194,8986624,1.7138295244138124,10301.346683682772,4249,31571968,6.021056506008052,9748.456394210401,0,0,0,0,9819,143405056,27.34862601606745,73086.41148294124,9819,143405056,27.34862601606745,73086.41148294124,
307,6452.956177292741,13732,94363648,16.468596285979572,6545.137651616662,21530,195907584,34.1903156420747,10843.528895587553,35262,290271232,50.658911928054266,9169.616225795475,11637,73269248,12.787145167271575,6670.732675002148,9450,38707200,6.755284091609816,8737.656066243386,21087,111976448,19.54242925888139,7597.010763266468,2095,21094400,3.681451118707995,5847.500760381861,2128,8716288,1.521189899147692,5580.953156015037,4223,29810688,5.202641017855687,5713.185510063936,0,0,0,0,9952,148484096,25.91384165131719,13968.454479501606,9952,148484096,25.91384165131719,13968.454479501606,
312,7674.9579592613445,15163,103440384,19.728551230146188,25049.492207083033,23214,208224256,39.713337702372364,44613.51901313862,38377,311664640,59.44188893251855,36883.6459521849,12822,78708736,15.011635401856703,26094.803498128218,10132,41500672,7.915169124251255,28707.118000592185,22954,120209408,22.926804526107958,27247.89100091487,2341,24731648,4.716915828289486,19324.169108500642,2285,9359360,1.7850534394901418,21434.775545295408,4626,34091008,6.501969267779629,20366.69736359706,0,0,0,0,10797,157364224,30.013115138630965,64445.609768268965,10797,157364224,30.013115138630965,64445.609768268965,
317,6847.4572368330955,13706,93683712,17.867855588752793,20738.413627243543,20533,182181888,34.74669818452898,53892.6600722252,34239,275865600,52.61455377328177,40620.89098507549,11566,70987776,13.539166019966538,21709.844031644476,8976,36765696,7.012148992857865,26467.30177963458,20542,107753472,20.551315012824404,23788.655284003504,2140,22695936,4.328689568786255,15488.15004906542,2137,8753152,1.6694476824573592,16028.011323818439,4277,31449088,5.998137251243614,15757.891350011689,0,0,0,0,9420,136663040,26.065101509213754,88615.24716454353,9420,136663040,26.065101509213754,88615.24716454353,
322,7148.003210053008,13823,95875072,18.28570369961621,4510.607787889749,21919,204414976,38.986898313882456,54232.88193571787,35742,300290048,57.27260201349867,35003.09637404174,11617,73465856,14.011722200893594,3965.921764741327,9394,38477824,7.338655126850715,6643.226767404727,21011,111943680,21.35037732774431,5162.942525058303,2206,22409216,4.273981498722617,7378.974755666365,2212,9060352,1.72802907606917,8410.474037974684,4418,31469568,6.002010574791787,7895.424826392033,0,0,0,0,10313,156876800,29.920214110962572,107410.07450053332,10313,156876800,29.920214110962572,107410.07450053332,
327,6992.298754988118,13849,94437376,18.01172401170144,1812.5417512455774,21114,189456384,36.134380744155024,10689.738480486882,34963,283893760,54.14610475585646,7173.441323399023,11694,72454144,13.818935897076107,2038.643106293826,9174,37576704,7.166878733663644,4353.302892958361,20868,110030848,20.985814630739753,3056.2149331512364,2155,21983232,4.192788114625331,585.6140269141531,2119,8679424,1.6553974315056967,1190.928467673431,4274,30662656,5.8481855461310275,885.721958586804,0,0,0,0,9821,143200256,27.312104578985686,18658.2181156705,9821,143200256,27.312104578985686,18658.2181156705,
332,7016.014211829737,13828,94814208,18.08338065276472,405.84300195256003,21254,189943808,36.22691424791163,1077.6120226310343,35082,284758016,54.310294900676354,812.8260350037057,11758,74362880,14.182813882449608,343.64330141180477,9261,37933056,7.234758433784953,705.7310696469063,21019,112295936,21.417572316234562,503.1796647794852,2070,20451328,3.900566770315114,759.1493202898552,2141,8769536,1.672564281042391,582.6716492293322,4211,29220864,5.573131051357505,669.4227247684635,0,0,0,0,9852,143241216,27.31959153308429,1534.7432492894845,9852,143241216,27.31959153308429,1534.7432492894845,
337,6960.7005790608355,13853,96382976,18.38174672635449,443.2135963329243,20954,191451136,36.51273739902831,453.6486027011549,34807,287834112,54.8944841253828,449.4955259286925,11666,73945088,14.10248921214048,317.2506994685411,9227,37793792,7.207869493182308,427.099983960117,20893,111738880,21.310358705322788,365.7635673191978,2187,22437888,4.279257514214011,1115.1309053497944,2078,8511488,1.6232743911165965,563.1617516843119,4265,30949376,5.902531905330608,846.1996271981243,0,0,0,0,9649,145145856,27.68159351472941,455.4514611876878,9649,145145856,27.68159351472941,455.4514611876878,
342,7016.286839262989,13868,95502336,18.214812011009588,1101.134592082492,21215,190935040,36.41634336478006,2038.9763174640584,35083,286437376,54.63115537578965,1668.2557676937547,11747,74997760,14.304049061656613,1065.421948752873,9266,37953536,7.238739410448398,1567.0934212173538,21013,112951296,21.54278847210501,1286.6415682196737,2121,20504576,3.9107629493529767,1298.9263983969827,2117,8671232,1.6538324338354478,1172.149819083609,4238,29175808,5.564595383188425,1235.5979372345446,0,0,0,0,9832,144310272,27.52377152049622,2670.3370389544343,9832,144310272,27.52377152049622,2670.3370389544343,
347,7029.013079492908,13975,94351360,17.99407925524632,1023.026963076923,21174,188645376,35.977222234843694,11198.750581184471,35149,282996736,53.97130149009001,7152.953046032604,11810,72073216,13.745336165631182,868.071682641829,9209,37720064,7.193725889366762,2266.636367358019,21019,109793280,20.939062054997944,1480.8212036252914,2165,22278144,4.2487430896151395,1868.3026498845265,2119,8679424,1.6552834357224637,2293.870144407739,4284,30957568,5.904026525337604,2078.801604341737,0,0,0,0,9846,142245888,27.12821290975447,21469.447457139955,9846,142245888,27.12821290975447,21469.447457139955,
352,6994.689818247045,13902,95928320,18.29658678850559,3162.2424677024887,21072,189517824,36.14708685385846,11310.087147446848,34974,285446144,54.44367364236405,8071.357327071539,11809,75317248,14.365398713366387,3487.1045783724276,9205,37703680,7.191292971314857,5865.295260836501,21014,113020928,21.556691684681244,4528.850330351194,2093,20611072,3.9311880751392025,1329.32480649785,2193,8982528,1.7132542624762066,1603.1572407660738,4286,29593600,5.644442337615409,1469.4355223985067,0,0,0,0,9674,142831616,27.242539620067397,18691.377885672937,9674,142831616,27.242539620067397,18691.377885672937,
357,6965.424982912005,13719,93630464,17.857632298648568,312.69959734674535,21110,193142784,36.83707919902334,1613.88183368072,34829,286773248,54.69471149767191,1101.35149688478,11609,72630272,13.852379190674851,324.59142587647517,9022,36954112,7.048058033965063,816.6075039902461,20631,109584384,20.900437224639912,539.7515759778973,2110,21000192,4.005253107973718,247.27199668246448,2198,9003008,1.7170950519458223,426.0605737033667,4308,30003200,5.72234815991954,338.49235236768806,0,0,0,0,9890,147185664,28.071926113112458,2605.170016885743,9890,147185664,28.071926113112458,2605.170016885743,
362,5996.8811724394045,12059,82046976,15.286936843990993,52634.86046927606,18636,170340352,31.737698693577627,56883.92942986693,30695,252387328,47.02463553756862,55214.61773103111,10158,64258048,11.972515860842229,52592.4846596771,8082,33103872,6.1678909476878445,54588.16675946548,18240,97361920,18.140406808530074,53476.75564270833,1901,17788928,3.3144209831487634,52861.2957527617,1831,7499776,1.3973531706528635,52661.53216712179,3732,25288704,4.711774153801628,52763.287412647376,0,0,0,0,8723,129736704,24.17245457523692,59897.292182391386,8723,129736704,24.17245457523692,59897.292182391386,
367,4715.614873438789,9514,65454080,11.957489628221836,112253.59483708219,15103,134955008,24.654278364871903,116743.90128252665,24617,200409088,36.61176799309374,115008.48366372832,8011,50565120,9.23749746310379,113766.0210919985,6490,26583040,4.856327139371697,112828.13727426811,14501,77148160,14.093824602475486,113346.2661801255,1503,14888960,2.719992165118046,104192.35283566201,1502,6152192,1.1239142316388735,99752.39993142476,3005,21041152,3.8439063967569194,101973.11514442596,0,0,0,0,7111,102219776,18.674036993861336,123906.68337266207,7111,102219776,18.674036993861336,123906.68337266207,
372,7698.624693571795,15429,107597824,20.520056650207223,43651.33407090544,23069,209674240,39.987121699497806,79140.75478902423,38498,317272064,60.50717834970503,64917.51534126448,13031,82837504,15.797998617906693,43833.95623221549,10219,41857024,7.982582470153703,48223.682042861336,23250,124694528,23.780581088060394,45763.35872937635,2398,24760320,4.722058032300532,42658.94483653044,2365,9687040,1.8474222078396623,42429.9344896406,4763,34447360,6.569480240140194,42545.23300146966,0,0,0,0,10485,158130176,30.15711702150444,117553.97905236052,10485,158130176,30.15711702150444,117553.97905236052,
377,9809.756801073581,19361,133632000,25.487129756769868,1317.0443941945148,29690,269918208,51.48048664250178,41288.28642492422,49051,403550208,76.96761639927165,25511.172462783634,16323,103620608,19.76316961185484,1247.9043563070513,12664,51871744,9.893303026505244,2956.2762050694882,28987,155492352,29.656472638360082,1994.2672463173146,3038,30011392,5.723960144915029,1688.529857801185,3037,12439552,2.3725490596570142,3023.7368729008895,6075,42450944,8.096509204572042,2356.0234717695475,0,0,0,0,13989,205606912,39.214634556339526,84296.7941391093,13989,205606912,39.214634556339526,84296.7941391093,
382,7007.039726379833,13881,96649216,18.432375061500505,14652.13688653555,21158,188620800,35.97265941609163,41309.48556385291,35039,285270016,54.40503447759214,30748.948533976425,11727,74969088,14.29766743306678,15415.93274938177,9267,37957632,7.239058302039548,20764.548007337864,20994,112926720,21.536725735106327,17776.874808802517,2154,21680128,4.134707628433724,10493.810942432683,2138,8757248,1.6701312884170232,11327.852338634239,4292,30437376,5.8048389168507475,10909.27704333644,0,0,0,0,9753,141905920,27.063469825635064,67403.0637625346,9753,141905920,27.063469825635064,67403.0637625346,
387,6932.339087553762,13698,94937088,18.10713100191048,5115.624236603884,20965,190390272,36.31269579906821,19708.59103043167,34663,285327360,54.41982680097869,13941.794759426479,11669,74227712,14.157279662465344,5753.007480418202,9080,37191680,7.09348302257948,10010.961723348018,20749,111419392,21.250762685044823,7616.33701561521,2029,20709376,3.9498513394451376,1449.9637772301626,2220,9093120,1.7343097257848508,1550.8155306306307,4249,29802496,5.684161065229988,1502.656385502471,0,0,0,0,9665,144105472,27.48490305070388,32989.99151857217,9665,144105472,27.48490305070388,32989.99151857217,
392,7059.597575077387,13804,97112064,18.520551122668973,224.3504513909012,21498,193298432,36.86455981192771,368.5701901572239,35302,290410496,55.38511093459668,312.17652198175745,11620,74571776,14.221820985250803,205.93718407917385,9350,38297600,7.303857311441009,347.41048812834225,20970,112869376,21.52567829669181,269.01660195517405,2184,22540288,4.298730137418168,322.3184761904762,2208,9043968,1.7248039511937698,357.33018931159415,4392,31584256,6.023534088611938,339.91999316939894,0,0,0,0,9940,145956864,27.83589854929293,390.9707068410463,9940,145956864,27.83589854929293,390.9707068410463,
397,6989.177322512244,13724,94248960,17.975475415148793,5381.673738195862,21224,188059648,35.8673621354075,19311.334850593666,34948,282308608,53.84283755055629,13841.188658921827,11595,73265152,13.973373696252345,6108.286334282018,9291,38055936,7.258154805829963,10809.678778710579,20886,111321088,21.23152850208231,8199.669902279038,2129,20983808,4.002101718896448,1424.3824974166275,2115,8663040,1.6522438289022032,1595.7758042553191,4244,29646848,5.654345547798651,1509.7964568803018,0,0,0,0,9818,141340672,26.956963500675332,31172.945560195556,9818,141340672,26.956963500675332,31172.945560195556,
402,6967.99232785367,13883,97615872,18.617660747693233,506.73671519124105,20959,186957824,35.65728882039736,1312.3913833198148,34842,284573696,54.27494956809059,991.3735382584238,11720,74903552,14.285882934418687,469.1855257679181,9159,37515264,7.1550501337748535,1137.9094818211595,20879,112418816,21.44093306819354,762.5349540686815,2163,22712320,4.331777813274546,710.2040938511327,2141,8769536,1.6725583946295406,1092.5141270434376,4304,31481856,6.004336207904086,900.3820169609666,0,0,0,0,9659,140673024,26.829680291992968,1526.578870794078,9659,140673024,26.829680291992968,1526.578870794078,
407,6925.552240006642,13734,94720000,18.066281661308405,3519.4874750982963,20894,186458112,35.563817244803516,8154.608487843399,34628,281178112,53.630098906111925,6316.247855146125,11659,74444800,14.199120830022931,3782.0894816879663,9150,37478400,7.148388203285272,6111.589859672131,20809,111923200,21.347509033308203,4806.40244524004,2075,20275200,3.8671608312854753,2043.9805860240965,2198,9003008,1.7171756580132271,3615.265684713376,4273,29278208,5.584336489298702,2852.2381677978,0,0,0,0,9546,139976704,26.698253383505016,11158.075482296248,9546,139976704,26.698253383505016,11158.075482296248,
412,7059.186955676524,13756,95666176,18.24580740861523,4034.846955146845,21542,196083712,37.39781179419543,17773.488631835484,35298,291749888,55.643619202810655,12419.3961930421,11637,73457664,14.010117745594517,4684.393396923605,9308,38125568,7.271449535853338,8625.10299516545,20945,111583232,21.281567281447856,6435.652644497493,2119,22208512,4.235689663020713,467.7058777725342,2129,8720384,1.6631839344469013,1126.5823161108501,4248,30928896,5.898873597467614,797.9196106403014,0,0,0,0,10105,149237760,28.463178323895185,29707.623916575954,10105,149237760,28.463178323895185,29707.623916575954,
417,6845.193064224641,13703,94650368,18.052051834401727,3899.2687028387945,20525,185597952,35.397895651740136,68105.61356535932,34228,280248320,53.44994748614186,42400.94067617156,11583,73322496,13.984324904259362,3361.290476819477,8939,36614144,6.983178611204649,6507.308561360332,20522,109936640,20.96750351546401,4731.637209969789,2120,21327872,4.067726930142366,6838.609170754717,2102,8609792,1.642089880383955,13071.719838725023,4222,29937664,5.709816810526321,9941.877437944104,0,0,0,0,9484,140374016,26.77262716015153,138361.67567460987,9484,140374016,26.77262716015153,138361.67567460987,
422,7161.390841095685,14129,97071104,18.513785983351628,4551.4145045650785,21680,191909888,36.60181504189939,24033.96599372694,35809,288980992,55.115601025251024,16346.821142143037,11932,74031104,14.119505796155842,5263.581075259805,9466,38772736,7.394890000354719,8945.121021867737,21398,112803840,21.514395796510563,6892.212589167212,2197,23040000,4.394280187195784,683.6077127901683,2200,9011200,1.7186518065476846,1301.7094127272728,4397,32051200,6.112931993743469,992.8694230156925,0,0,0,0,10014,144125952,27.488273234996992,43291.20296015579,10014,144125952,27.488273234996992,43291.20296015579,
427,7015.661480302252,13781,94162944,17.95928967835444,2662.0613041869237,21299,194506752,37.09742872486917,54295.96378628105,35080,288669696,55.056718403223606,34011.84719261687,11609,72318976,13.793084456088824,2927.8925992764234,9187,37629952,7.176997445519259,4888.035193425492,20796,109948928,20.970081901608083,3793.820182102327,2172,21843968,4.166205222265615,1241.234644567219,2094,8577024,1.6358585665524468,2278.3534288443175,4266,30420992,5.802063788818062,1750.312641350211,0,0,0,0,10018,148299776,28.284572712797463,110478.38703154323,10018,148299776,28.284572712797463,110478.38703154323,
432,6978.37602571631,13635,94244864,17.974174082034786,5379.234022075541,21260,191315968,36.487362467889994,26197.35692464722,34895,285560832,54.46153654992478,18062.807396733057,11513,72970240,13.916724380522828,6192.448483192912,9228,37797888,7.208730428485246,9869.421163524057,20741,110768128,21.125454809008072,7828.391971650354,2122,21274624,4.05744970151196,967.1048557964185,2121,8687616,1.6568830991349377,1520.4085030645922,4243,29962240,5.714332800646898,1243.6914774923405,0,0,0,0,9911,144830464,27.621748940269807,46681.06177842801,9911,144830464,27.621748940269807,46681.06177842801,
437,6617.382205117127,13438,91103232,16.906424482254476,8047.109346331299,20569,185257984,34.37913285261612,19060.87481491565,34007,276361216,51.28555733487059,14708.742007939542,11319,70303744,13.046572691907913,9013.800901139677,9082,37199872,6.903342646697021,12634.24584441753,20401,107503616,19.949915338604935,10625.529785745797,2119,20799488,3.8598517903465615,2883.3614893817835,2081,8523776,1.5817943236926337,4092.088173474291,4200,29323264,5.441646114039195,3482.256782142857,0,0,0,0,9406,139534336,25.89399588222646,28577.852202849248,9406,139534336,25.89399588222646,28577.852202849248,
442,7392.452285301652,14699,102043648,19.45868085202338,40972.07780189128,22272,201560064,38.43544438836024,51011.23812320402,36971,303603712,57.89412524038362,47019.84980362988,12472,78454784,14.960525550501982,41973.9099001764,9738,39886848,7.606014295227539,44997.5082515917,22210,118341632,22.566539845729523,43299.61006884286,2227,23588864,4.4981553015214,35361.45816569376,2219,9089024,1.733183992720262,37222.06228120775,4446,32677888,6.231339294241663,36290.086265632024,0,0,0,0,10315,152584192,29.096246100412436,59654.94948366457,10315,152584192,29.096246100412436,59654.94948366457,
447,6945.224894211878,13738,96739328,18.451097303554345,1153.7264157810453,20989,190009344,36.240492540205885,6175.43394859212,34727,286748672,54.69158984376023,4188.846622138393,11563,73650176,14.047302083800943,1281.4448534117444,8968,36732928,7.006073360076017,2949.734621543265,20531,110383104,21.05337544387696,2010.1586345526277,2175,23089152,4.403795219753402,474.7340965517241,2201,9015296,1.719487897583331,948.3429223080418,4376,32104448,6.123283117336733,712.9454826325411,0,0,0,0,9820,144261120,27.514931282546534,10292.837096639512,9820,144261120,27.514931282546534,10292.837096639512,
452,6978.406967745489,14028,100274176,19.124704123714107,2388.4689492443686,20866,185712640,35.41988010984836,7959.567618997412,34894,285986816,54.54458423356247,5719.888243193672,11773,76890112,14.664799060919131,2702.073696424021,9179,37597184,7.170689888140672,5249.384384791371,20952,114487296,21.835488949059805,3818.041852615502,2255,23384064,4.459905062794977,751.187934368071,2112,8650752,1.6499070752536333,1370.8901070075756,4367,32034816,6.109812138048611,1050.8927634531715,0,0,0,0,9575,139464704,26.599283146454052,12010.957573263708,9575,139464704,26.599283146454052,12010.957573263708,
457,7085.235798601111,13941,96460800,18.395934070916024,4607.792391722258,21490,194347008,37.063706148485075,16778.159000186133,35431,290807808,55.4596402194011,11989.497068866247,11785,75653120,14.427724088739659,5179.644870767925,9344,38273024,7.29900670737322,8838.463482983732,21129,113926144,21.72673079611288,6797.7054090113115,2156,20807680,3.9682099821763654,1481.9661089981448,2183,8941568,1.7052366911596468,2811.198387998168,4339,29749248,5.673446673336012,2150.717910117539,0,0,0,0,9963,147132416,28.05946274995221,27284.87283428686,9963,147132416,28.05946274995221,27284.87283428686,
462,6414.196609292008,12768,87609344,16.704417985083484,5425.72820700188,19314,173359104,33.05427026979631,26565.907369006938,32082,260968448,49.7586882548798,18152.535149678948,10894,68079616,12.980697149472746,5289.895813567101,8443,34582528,6.59382865248772,8599.845880492716,19337,102662144,19.574525801960466,6735.099744634638,1874,19529728,3.7237208356107367,6215.353657417289,2072,8486912,1.618194121515404,9995.656285714285,3946,28016640,5.341914957126141,8200.347840344653,0,0,0,0,8799,130289664,24.84224749579319,47707.06174928969,8799,130289664,24.84224749579319,47707.06174928969,
467,5996.153214036282,12415,85069824,15.216658386630353,70120.29390825615,19554,173842432,31.095643278220688,92210.90237015444,31969,258912256,46.31230166485104,83632.12592877474,10574,66371584,11.872056068995052,71343.92482334026,8497,34803712,6.225429549386013,76206.66358667765,19071,101175296,18.097485618381064,73510.49664820932,1841,18698240,3.344602317635301,63092.2258495383,1921,7868416,1.407443823039959,64889.67615096304,3762,26566656,4.75204614067526,64010.06264619883,0,0,0,0,9136,131170304,23.462769905794715,112840.50969395797,9136,131170304,23.462769905794715,112840.50969395797,
473,6349.655469018138,12924,88559616,16.251683446681565,24841.659235917672,20074,182288384,33.45196429911273,89821.07133590715,32998,270848000,49.7036477457943,64371.22825510637,10941,68931584,12.649719287923967,25276.48118718582,8615,35287040,6.4755678688849585,29157.4905190946,19556,104218624,19.125287156808923,26986.181299396605,1983,19628032,3.6019641587575997,22442.573522945033,2104,8617984,1.5814967842291296,21675.033765209126,4087,28246016,5.18346094298673,22047.441726939076,0,0,0,0,9355,138383360,25.394899645998645,161012.52101902728,9355,138383360,25.394899645998645,161012.52101902728,
478,7064.859468495371,13991,98242560,18.736317327954,59267.82962711743,21337,187916288,35.83843095150609,89359.58814214743,35328,286158848,54.574748279460096,77442.30458848504,11901,76787712,14.644558721999317,61011.69697403579,9429,38621184,7.365634191589671,69064.83444458584,21330,115408896,22.010192913588988,64571.61414280356,2090,21454848,4.091758605954682,49337.798385167465,2218,9084928,1.7326308873630174,54900.87810865644,4308,30539776,5.8243894933177,52201.983813834726,0,0,0,0,9690,140210176,26.740165872553405,116995.15588916409,9690,140210176,26.740165872553405,116995.15588916409,
483,9266.20808589025,18114,126185472,24.062276837663873,4258.221309153141,28228,253534208,48.34637620338619,32985.81835914694,46342,379719680,72.40865304105007,21756.87500401364,15398,98463744,18.77602729576401,4711.3573397843875,12148,49758208,9.488380531176055,6994.60242937109,27546,148221952,28.264407826940065,5718.2861624192265,2716,27721728,5.286249541899863,1689.2269793814432,2837,11620352,2.2158820848655307,2335.8859157560805,5553,39342080,7.502131626765395,2019.601804249955,0,0,0,0,13243,192155648,36.64211358734461,63393.96979438194,13243,192155648,36.64211358734461,63393.96979438194,
488,6982.3784235740795,13722,95449088,18.20280553756797,3318.2409801778163,21195,190877696,36.40170539656718,14892.22582712904,34917,286326784,54.60451093413515,10343.776072858494,11490,72753152,13.874532547666922,3679.651252219321,9195,37662720,7.182542887951658,6010.679581402936,20685,110415872,21.05707543561858,4715.851662509064,2232,22695936,4.328272989901048,1457.7553055555554,2159,8843264,1.6864720059910419,2307.1457508105605,4391,31539200,6.01474499589209,1875.3900063766796,0,0,0,0,9841,144371712,27.53269050262448,25951.77319164719,9841,144371712,27.53269050262448,25951.77319164719,
493,6910.549135000573,13815,97079296,18.347414068173656,1339.5779555555557,21056,193134592,36.50129817908629,3912.1276884973404,34871,290213888,54.84871224725995,2892.9491573227037,11627,73379840,13.86835673732463,1191.364149909693,9098,37265408,7.0429422046430075,2488.368938887668,20725,110645248,20.911298941967637,1760.7320423160436,2188,23699456,4.4790573308490265,2127.1839510968925,2199,9007104,1.702289504067924,2037.8292482946795,4387,32706560,6.18134683491695,2082.394575336221,0,0,0,0,9759,146862080,27.756066470375362,5661.788450251051,9759,146862080,27.756066470375362,5661.788450251051,
498,7029.7328617155745,13951,94912512,18.10243708566782,32675.931515733642,21199,191901696,36.6009528698698,51848.28500070758,35150,286814208,54.70338995553762,44238.79699305832,11814,73572352,14.032279256549515,34759.69369409175,9294,38068224,7.260661586146932,41430.140277598446,21108,111640576,21.292940842696446,37696.737968637484,2137,21340160,4.070157829118304,21156.246735610668,2152,8814592,1.6811861129102859,22692.425935408923,4289,30154752,5.75134394202859,21927.02258964794,0,0,0,0,9753,145018880,27.65910517081258,68209.36833558905,9753,145018880,27.65910517081258,68209.36833558905,
503,6361.9373563229565,12645,87068672,16.606345680267474,3070.201788453934,19166,172871680,32.97129507624259,42780.60359960347,31811,259940352,49.577640756510064,26995.5597184936,10662,66138112,12.614322985335601,2186.638151378728,8392,34373632,6.555979345571089,4751.541762511916,19054,100511744,19.17030233090669,3316.3049459955914,1983,20930560,3.992022694931871,7820.860133635905,1960,8028160,1.531186787097156,14062.523610204082,3943,28958720,5.523209482029027,10923.487679685519,0,0,0,0,8814,130469888,24.884128943574343,85375.03560732925,8814,130469888,24.884128943574343,85375.03560732925,
508,7572.825281289675,14871,102895616,19.625328458346875,2545.2907271871427,22994,208719872,39.80923777922781,14834.40864777768,37865,311615488,59.434566237574685,10008.012963185,12501,78635008,14.998091467033293,2896.0338128949684,9905,40570880,7.73810271804171,4526.080447450782,22406,119205888,22.736194185075004,3616.627043068821,2370,24260608,4.627236991313584,695.2319447257383,2289,9375744,1.7882399920845509,893.6683420707733,4659,33636352,6.415476983398135,792.7251650568792,0,0,0,0,10800,158773248,30.282895069101546,27243.144331481482,10800,158773248,30.282895069101546,27243.144331481482,
513,6998.274892340566,13679,96018432,18.313211752422756,1284.9343794136998,21314,190386176,36.31159438035842,6044.195998545557,34993,286404608,54.624806132781174,4183.768493384391,11575,74153984,14.143092976958517,1424.541455637149,9276,37994496,7.246538359161909,3275.7702272531264,20851,112148480,21.389631336120427,2248.098986955062,2104,21864448,4.170118775464238,516.8964006653993,2130,8724480,1.663985198901991,975.0418845070423,4234,30588928,5.834103974366229,747.3758245158243,0,0,0,0,9908,143667200,27.40107082229452,9725.78821871215,9908,143667200,27.40107082229452,9725.78821871215,
518,6959.094023758996,13849,95260672,18.16821029030078,1555.6768373167738,20949,190140416,36.263769612850005,13211.036748866294,34798,285401088,54.43197990315078,8572.40580987413,11702,73445376,14.007575298421262,1727.0044364211244,9044,37044224,7.065111315538559,3698.595557054401,20746,110489600,21.07268661395982,2586.4988013592983,2147,21815296,4.160634991879518,621.8735933861202,2201,9015296,1.7194062367868608,1233.0842707860065,4348,30830592,5.8800412286663795,931.274398574057,0,0,0,0,9704,144080896,27.479252060524583,24793.27000762572,9704,144080896,27.479252060524583,24793.27000762572,
523,6993.3340784716665,13749,95571968,18.22821312219603,5203.679739835625,21219,192290816,36.67516792673959,19736.12005325416,34968,287862784,54.90338104893562,14022.138073467171,11600,73625600,14.042434786417248,5924.603087672414,9285,38031360,7.253630430702873,10906.770905008078,20885,111656960,21.29606521712012,8139.562541058175,2149,21946368,4.1857783357787826,1312.2368199162402,2121,8687616,1.6569682437825304,2006.9761471004244,4270,30633984,5.842746579561313,1657.328649648712,0,0,0,0,9813,145571840,27.764569252254184,31922.405701518393,9813,145571840,27.764569252254184,31922.405701518393,
528,6977.5215257428745,13990,96428032,18.385656760279232,7734.133838170122,20910,189956096,36.21838492544005,24397.487936346242,34900,286384128,54.60404168571928,17717.822496991404,11776,74821632,14.266026337610258,9102.460477072013,9139,37433344,7.137308518060992,14833.411861691651,20915,112254976,21.40333485567125,11606.651952283051,2214,21606400,4.119630422668972,456.1688428184282,2142,8773632,1.672843292010794,1249.4973520074695,4356,30380032,5.792473714679766,846.2766634527088,0,0,0,0,9629,143749120,27.40823311536826,38624.20795690103,9629,143749120,27.40823311536826,38624.20795690103,
533,7002.692415138896,13665,94949376,18.1093608180573,806.5533292352726,21350,192983040,36.80697704770155,5734.126182716627,35015,287932416,54.91633786575885,3811.08511337998,11552,73265152,13.973604976169748,878.2713037569251,9230,37806080,7.21062078213489,1849.1410778981583,20782,111071232,21.18422575830464,1309.4679169473584,2113,21684224,4.135755841887552,414.4633899668718,2185,8949760,1.7069562739940123,684.1519830663615,4298,30633984,5.8427121158815645,551.5665951605398,0,0,0,0,9935,146227200,27.88939999157265,10454.066408555613,9935,146227200,27.88939999157265,10454.066408555613,
538,7025.166148764095,13908,95883264,18.28663132405948,2217.9394390278976,21221,194445312,37.084154052533286,17470.604219122568,35129,290328576,55.37078537659277,11431.888008539952,11742,74878976,14.280742758560015,1207.101127320729,9200,37683200,7.186851560568466,2094.2796035869565,20942,112562176,21.46759431912848,1596.8462319740233,2166,21004288,4.005888565499467,7697.7471288088645,2164,8863744,1.690472475768496,9264.14414232902,4330,29868032,5.696361041267963,8480.583881062355,0,0,0,0,9857,147898368,28.206830016196324,33623.689952013796,9857,147898368,28.206830016196324,33623.689952013796,
543,6929.771069346075,13615,95465472,18.207466766071075,256.46865442526627,21036,190468096,36.32665774613082,341.44887702034606,34651,285933568,54.5341245122019,308.05862188681425,11514,73826304,14.080378469629942,238.51329303456663,9135,37416960,7.136277037287479,330.73703316912975,20649,111243264,21.21665550691742,279.31255043827787,2101,21639168,4.127088296441133,354.8684788196097,2239,9170944,1.7491104856580915,348.2755368468066,4340,30810112,5.876198782099224,351.4671891705069,0,0,0,0,9662,143880192,27.44127022318525,349.9944992755123,9662,143880192,27.44127022318525,349.9944992755123,
548,7019.578366217602,13728,96428032,18.39108283225325,282.99818043414916,21372,191614976,36.54546113225891,348.86445714018345,35100,288043008,54.936543964512154,323.1034244729345,11594,74981376,14.300703522522639,254.96132439192687,9365,38359040,7.315966813526959,338.68743278163373,20959,113340416,21.616670336049598,292.372222100291,2134,21446656,4.09037930973061,435.32213027179006,2164,8863744,1.690523458032284,350.8455688539741,4298,30310400,5.7809027677628935,392.78902675663096,0,0,0,0,9843,144392192,27.538970860699667,358.11170974296454,9843,144392192,27.538970860699667,358.11170974296454,
553,6963.411175805058,13831,99131392,18.904585026064176,530.553658448413,20992,191696896,36.557040071268055,718.5284925685976,34823,290828288,55.46162509733223,643.8686433104557,11690,76177408,14.527207351241284,422.48068023952095,9059,37105664,7.076135680981546,598.8291642565405,20749,113283072,21.603343032222828,499.4743144729867,2141,22953984,4.377377674822893,1120.6391863615133,2133,8736768,1.666121802354966,1215.1393333333333,4274,31690752,6.043499477177859,1167.8008179691158,0,0,0,0,9800,145854464,27.814782587931543,721.0882162244899,9800,145854464,27.814782587931543,721.0882162244899,
558,7038.8172347066375,13826,93081600,17.751427781452012,4527.783796615074,21373,191102976,36.44491153229593,36929.59613021101,35199,284184576,54.19633931374795,24202.31815855564,11670,72683520,13.861345917793882,4491.764943873179,9273,37982208,7.243519903956194,8328.33990693411,20943,110665728,21.104865821750078,6190.4976771236215,2156,20398080,3.8900818636581307,4722.74669619666,2242,9183232,1.7513179795826364,4979.169925958965,4398,29581312,5.641399843240768,4853.465404956799,0,0,0,0,9858,143937536,27.450073648757105,71100.04698316088,9858,143937536,27.450073648757105,71100.04698316088,
563,7027.914319499661,13991,96124928,18.333629748950884,10103.907960188693,21150,189177856,36.08134581494143,28811.538462080378,35141,285302784,54.41497556389231,21363.30254528898,11789,73416704,14.00255580450808,11513.042555687505,9256,37912576,7.230956065974492,18931.704781979257,21045,111329280,21.233511870482573,14775.91438113566,2202,22708224,4.331073944442803,2559.7264223433244,2081,8523776,1.6257151656539452,3352.245706391158,4283,31232000,5.956789110096748,2944.791243754378,0,0,0,0,9813,142741504,27.224674583312993,43529.61945337817,9813,142741504,27.224674583312993,43529.61945337817,
568,7002.964831563588,13820,96673792,18.43791675678998,8314.889409044863,21197,192561152,36.725842834090784,16676.621343775063,35017,289234944,55.163759590880765,13376.534661935631,11660,74534912,14.21552288887837,9252.025217581475,9167,37548032,7.161273744152774,12369.783992036653,20827,112082944,21.376796633031145,10624.306135881308,2160,22138880,4.222393867911611,3256.0914796296297,2200,9011200,1.7186432024802119,4143.209821818182,4360,31150080,5.941037070391824,3703.7200009174308,0,0,0,0,9830,146001920,27.845925887457796,23498.013342929808,9830,146001920,27.845925887457796,23498.013342929808,
573,6972.392533671204,13748,95014912,18.122117019159248,26325.599525021822,21115,190963712,36.42235373829558,39329.68651659957,34863,285978624,54.544470757454825,34201.60838332903,11545,72790016,13.883180650406477,27024.5595763534,9233,37818368,7.2130666223174265,32222.88186494097,20778,110608384,21.096247272723904,29334.5080646838,2203,22224896,4.238936368752773,22662.642742169766,2161,8851456,1.6882310160108263,22435.379877834333,4364,31076352,5.9271673847635995,22550.104921402384,0,0,0,0,9721,144293888,27.521056099967325,49835.36741312622,9721,144293888,27.521056099967325,49835.36741312622,
578,7041.549998217173,13862,96272384,18.36184808461797,2643.8300970999853,21347,192753664,36.763538504681634,9250.018476647772,35209,289026048,55.12538658929961,6649.1214526683525,11650,73113600,13.944817405991781,2957.334319914163,9264,37945344,7.237243050370188,4976.064156519862,20914,111058944,21.18206045636197,3851.5445717222915,2212,23158784,4.417030678626192,992.6889597649186,2208,9043968,1.7249387581193194,1108.0450928442028,4420,32202752,6.141969436745511,1050.314828959276,0,0,0,0,9875,145764352,27.80135669619213,15080.032659240507,9875,145764352,27.80135669619213,15080.032659240507,
583,6937.170285311281,13548,94195712,17.96529341145798,2835.734265869501,21140,193740800,36.950836124797256,7646.971998060549,34688,287936512,54.916129536255234,5767.8596596229245,11374,72650752,13.856172945994269,3292.0569824160366,9259,37924864,7.233145701469298,4985.868124203478,20633,110575616,21.089318647463568,4052.1499093684874,2174,21544960,4.109120465463712,448.3310561177553,2105,8622080,1.6444293877948883,727.7200294536817,4279,30167040,5.7535498532586,585.7729324608554,0,0,0,0,9776,147193856,28.07326103553307,11657.220173383797,9776,147193856,28.07326103553307,11657.220173383797,
588,7013.801007550881,13635,94756864,18.070348417306896,5970.415366336633,21440,193060864,36.81714369764603,18073.942013152988,35075,287817728,54.88749211495293,13368.83621616536,11522,72654848,13.855443945110649,6981.934602065614,9281,38014976,7.249541958201146,11076.758200624934,20803,110669824,21.104985903311796,8808.789277748403,2113,22102016,4.214904472196249,454.6914505442499,2152,8814592,1.680962643470409,946.662404275093,4265,30916608,5.8958671156666576,702.9262670574443,0,0,0,0,10007,146231296,27.886639095974477,28246.697952233437,10007,146231296,27.886639095974477,28246.697952233437,
593,5715.064570522934,11504,79048704,15.072239475812559,9175.848383779556,17081,151736320,28.931608445073643,51209.54788935074,28585,230785024,44.0038479208862,34293.13441682701,9733,61288448,11.685886277868455,8870.526228500976,7559,30961664,5.903469516434382,14706.272801825638,17292,92250112,17.589355794302836,11421.556089000695,1771,17760256,3.3863531979441035,10853.827230378316,1804,7389184,1.4088978711003606,11465.358872505543,3575,25149440,4.795251069044464,11162.415505174826,0,0,0,0,7718,113385472,21.6192410575389,96250.59134270537,7718,113385472,21.6192410575389,96250.59134270537,
598,8377.992742974926,16376,113147904,21.578140620146034,1875.4587347948216,25520,235212800,44.85681744540566,35345.18086453762,41896,348360704,66.4349580655517,22262.78231582967,13837,87429120,16.67337863948078,1870.2054696827347,10808,44269568,8.442533442750445,3802.8420931717246,24645,131698688,25.115912082231226,2717.758183282613,2539,25718784,4.904761980665253,1904.0878916896415,2665,10915840,2.081731275437633,1628.3678221388368,5204,36634624,6.986493256102886,1762.8899698308992,0,0,0,0,12047,180027392,34.33255272721758,71102.20785872002,12047,180027392,34.33255272721758,71102.20785872002,
