5,6037.687013550442,12013,83079168,15.845272350095698,350.22328710563556,18177,164700160,31.41243411711029,1269.804849150025,30190,247779328,47.25770646720599,903.8911921497184,10120,63614976,12.132964791664758,347.6279690711462,7847,32141312,6.130150970329879,1010.1671591691091,17967,95756288,18.263115761994637,636.9887429732287,1893,19464192,3.71230755843094,364.0978874801902,1815,7434240,1.4178952480118174,786.3183900826447,3708,26898432,5.130202806442758,570.7673082524271,0,0,0,0,8515,125124608,23.864387898768594,1612.1307301233117,8515,125124608,23.864387898768594,1612.1307301233117,
10,5918.01254576901,11559,79859712,15.231548787645842,23424.786284626698,18032,162365440,30.96776908972053,26838.76601458518,29591,242225152,46.19931787736637,25505.178379879017,9770,61927424,11.811344623296788,23595.540512487205,7920,32440320,6.187304015907835,24450.25914431818,17690,94367744,17.998648639204625,23978.207079140757,1789,17932288,3.4202041643490535,22492.27158021241,1829,7491584,1.4288609905423524,20164.071690541277,3618,25423872,4.849065154891406,21315.301542012163,0,0,0,0,8283,122433536,23.35160408327034,30596.46133405771,8283,122433536,23.35160408327034,30596.46133405771,
15,5981.415208381947,11777,78721024,15.013877889218733,12588.365566443066,18132,166182912,31.694836033164187,21656.08866694242,29909,244903936,46.70871392238292,18085.572268715103,9942,61022208,11.6383137933077,11954.95858801046,7948,32555008,6.208975569150867,13500.977450301962,17890,93577216,17.847289362458568,12641.809226215762,1835,17698816,3.3755640959110336,16020.154220163487,1762,7217152,1.3764739497790421,15939.402741770715,3597,24915968,4.7520380456900755,15980.597894078399,0,0,0,0,8422,126410752,24.109386514234277,30548.231216219425,8422,126410752,24.109386514234277,30548.231216219425,
20,5150.682126768991,10261,69853184,13.321580812667184,32367.267991326382,15496,136814592,26.091675988314137,81284.99606692049,25757,206667776,39.413256800981316,61797.29145133362,8670,53592064,10.220450530839535,32294.88401753172,6888,28213248,5.380500096027417,34713.36448635308,15558,81805312,15.600950626866952,33365.618910785444,1591,16261120,3.1011302818276487,32761.717427404146,1607,6582272,1.2552937941806124,34983.59960049782,3198,22843392,4.356424076008261,33878.21669324578,0,0,0,0,7001,102019072,19.455882098106105,137732.89528824456,7001,102019072,19.455882098106105,137732.89528824456,
25,6812.199393541395,13593,95158272,18.14786716465233,868.7107247848157,20472,184254464,35.139620202079904,23236.449535072294,34065,279412736,53.28748736673223,14311.022450139439,11416,72929280,13.908521645430213,673.8805241765942,8629,35344384,6.7406140566367485,1554.0852831150771,20045,108273664,20.64913570206696,1052.792315889249,2177,22228992,4.239345519222115,1890.3834717501147,2072,8486912,1.6185597781146532,2488.7285193050193,4249,30715904,5.857905297336768,2182.16293480819,0,0,0,0,9771,140423168,26.7804463673285,46784.33604359841,9771,140423168,26.7804463673285,46784.33604359841,
30,5844.013086254252,11777,81661952,15.575283093260603,42326.31990303133,17444,156004352,29.75451708747638,58925.06646927311,29221,237666304,45.32980018073698,52235.239348003146,9929,62205952,11.864464279347382,43312.96377369322,7645,31313920,5.972465227866645,46388.01062472204,17574,93519872,17.836929507214027,44650.66339677934,1848,19456000,3.7108188139132197,37025.24469101732,1851,7581696,1.4460474999059727,42654.25660291735,3699,27037696,5.156866313819193,39842.03329575561,0,0,0,0,7948,117108736,22.33600435970376,74773.46367539004,7948,117108736,22.33600435970376,74773.46367539004,
35,6141.735551607313,12077,82092032,15.657138341200161,175.65815831746295,18633,169021440,32.23689320674706,1852.039955187034,30710,251113472,47.89403154794722,1192.7868467274504,10207,63897600,12.186975258094128,167.46747859312237,8106,33202176,6.3325398360327565,304.78922230446585,18313,97099776,18.519515094126884,228.2510779227871,1870,18194432,3.470163083106033,220.36525347593584,1854,7593984,1.448375136442725,283.4864266450917,3724,25788416,4.918538219548759,251.79024140708913,0,0,0,0,8673,128225280,24.45597823427158,3633.4434698489563,8673,128225280,24.45597823427158,3633.4434698489563,
40,6002.505454776082,11893,83542016,15.933062278185513,436.7512493903977,18122,166055936,31.67004696116488,1120.2108339587244,30015,249597952,47.60310923935039,849.4000780276529,10027,64712704,12.341951899051427,293.49998992719657,7844,32129024,6.127620146601646,713.5606885517593,17871,96841728,18.469572045653074,477.874458060545,1866,18829312,3.591110379134085,1206.5156538049305,1865,7639040,1.4569112153763473,1199.5050664879357,3731,26468352,5.048021594510432,1203.0112996515682,0,0,0,0,8413,126287872,24.085515599186884,1481.7798339474623,8413,126287872,24.085515599186884,1481.7798339474623,
45,6005.035245550402,11784,82038784,15.645663740302213,1049.883472844535,18245,164982784,31.463961745251027,1722.5310694436832,30029,247021568,47.10962548555324,1458.570255619568,9945,63098880,12.033623741542542,657.1478032176973,7923,32452608,6.189055560158492,1186.5909178341537,17868,95551488,18.222679301701035,891.91262284531,1839,18939904,3.61203999875967,3173.7313436650356,1805,7393280,1.4099766863670424,1631.0025806094181,3644,26333184,5.0220166851267125,2409.564105104281,0,0,0,0,8517,125136896,23.86492949872549,2240.490766936715,8517,125136896,23.86492949872549,2240.490766936715,
50,6008.775227341561,11948,83103744,15.850188335664853,656.020635587546,18097,162516992,30.996496751647413,3274.2981267060836,30045,245620736,46.84668508731227,2233.087294158762,10115,63610880,12.132358660006663,544.1135371230845,7790,31907840,6.085709849417379,1267.551224390244,17905,95518720,18.21806850942404,858.8624666852835,1833,19492864,3.717829675658191,1273.5548968903436,1882,7708672,1.4702575014895387,1009.2578533475026,3715,27201536,5.18808717714773,1139.6633663526245,0,0,0,0,8425,122900480,23.440529400740495,5635.765683204748,8425,122900480,23.440529400740495,5635.765683204748,
55,5105.494786346486,10394,71278592,13.198478244438336,1485.4997355204925,15901,144826368,26.817135603197947,20292.871766932898,26295,216104960,40.01561384763628,12858.61335679787,8766,55037952,10.191239637427763,593.7750610312571,6975,28569600,5.290161231752522,1328.1980004301076,15741,83607552,15.481400869180286,919.2054658535036,1628,16240640,3.007238607010574,6287.009868550369,1680,6881280,1.2741893719489947,10184.552405357143,3308,23121920,4.281427978959568,8266.414784461911,0,0,0,0,7246,109375488,20.25278499949643,40891.902411261384,7246,109375488,20.25278499949643,40891.902411261384,
60,6798.483719400053,13289,90812416,17.31875957607686,1232.0564043946122,20708,187527168,35.76314869295598,35947.9918884972,33997,278339584,53.08190826903284,22377.969043886227,11259,69808128,13.313049454471063,1160.2999143796073,8893,36425728,6.946719990530491,2341.5342979871807,20152,106233856,20.259769445001556,1681.5740992457324,2030,21004288,4.005710121605798,1630.0398137931033,2047,8384512,1.5990032408204111,2888.183334147533,4077,29388800,5.604713362426209,2261.734635025754,0,0,0,0,9768,142716928,27.217425461605075,73472.11714066338,9768,142716928,27.217425461605075,73472.11714066338,
65,6018.31889919819,11744,82350080,15.705775739710834,286.791444993188,18350,166346752,31.72558887546065,704.8580027247956,30094,248696832,47.43136461517148,541.7100777563635,9915,62959616,12.007633866953256,212.6704439737771,8078,33087488,6.310433047768422,510.3483479821738,17993,96047104,18.31806691472168,346.31364458400486,1829,19390464,3.698141872757577,688.6010267905959,1822,7462912,1.4233237203557891,953.8644401756312,3651,26853376,5.121465593113366,820.9784409750754,0,0,0,0,8450,125796352,23.99183210733644,837.1135366863905,8450,125796352,23.99183210733644,837.1135366863905,
70,6033.721805825489,11868,81723392,15.586264732409402,192.9375765925177,18303,165208064,31.508440342672458,265.6161818281156,30171,246931456,47.09470507508186,237.0274811905472,10004,62464000,11.91311834248413,152.78922271091562,7854,32169984,6.135451243401335,247.37317519735166,17858,94633984,18.048569585885467,194.38751831112106,1864,19259392,3.673146389925271,408.4118964592275,1922,7872512,1.5014435051970165,330.7667242455775,3786,27131904,5.1745898951222875,368.99456391970415,0,0,0,0,8527,125165568,23.871545594074103,267.73430444470506,8527,125165568,23.871545594074103,267.73430444470506,
75,5984.587922960856,11722,82325504,15.701787322622291,194.95069570039243,18202,164597760,31.39341875514089,236.34831364685198,29924,246923264,47.09520607776318,220.13180256650182,9937,64237568,12.25190957662995,142.6412445406058,7923,32452608,6.189624407041962,222.35915082670704,17860,96690176,18.441533983671913,178.00546466965287,1785,18087936,3.4498777459923398,486.1546263305322,1840,7536640,1.4374490608301416,290.2276135869565,3625,25624576,4.8873268068224816,386.7047771034483,0,0,0,0,8439,124608512,23.766345287268784,237.7345235217443,8439,124608512,23.766345287268784,237.7345235217443,
80,5967.917811780604,11596,82391040,15.714100721318673,1403.488168851328,18245,166072320,31.674283556841438,35478.37576656618,29841,248463360,47.38838427816011,22237.117210113604,9767,62521344,11.924436162575601,1384.8431730316372,7779,31862784,6.0770564012497115,2861.4753973518445,17546,94384128,18.001492563825312,2039.5064622706032,1829,19869696,3.789664558743071,1503.0538737014763,1868,7651328,1.4593059978833347,2823.790891862955,3697,27521024,5.248970556626406,2170.3886721666217,0,0,0,0,8598,126558208,24.137921157708394,72082.89222598278,8598,126558208,24.137921157708394,72082.89222598278,
85,6037.322174563283,11909,81547264,15.551645043920942,479.4235841800319,18282,166117376,31.679768767957093,1129.0366117492615,30191,247664640,47.231413811878035,872.7933092643503,10145,63115264,12.036531140779436,382.4644838836865,7915,32419840,6.182694787414449,772.6935076437144,18060,95535104,18.219225928193886,553.4867830564783,1764,18432000,3.515113903141506,1037.0483418367346,1903,7794688,1.4865026128173968,811.8059563846558,3667,26226688,5.0016165159589026,920.1581701663484,0,0,0,0,8464,125902848,24.010571367725245,1533.5906767485822,8464,125902848,24.010571367725245,1533.5906767485822,
90,6033.27654498287,11813,81756160,15.59188036515191,8160.459927029544,18357,164118528,31.2993718672799,23249.216549218283,30170,245874688,46.89125223243181,17341.245651706995,9971,63471616,12.104798503927556,8130.31895246214,7921,32444416,6.18753929721284,8979.015883853048,17892,95916032,18.292337801140395,8506.047121115582,1842,18284544,3.4870818612243553,8323.617178610206,1880,7700480,1.4685739021285367,11694.409985638298,3722,25985024,4.955655763352892,10026.220745835573,0,0,0,0,8556,123973632,23.64325866793852,38999.25112260402,8556,123973632,23.64325866793852,38999.25112260402,
95,5998.109150735759,11771,81702912,15.582318586540788,565.2538474216294,18222,164126720,31.30212592182731,3287.8932693996267,29993,245829632,46.8844445083681,2219.370992998366,9965,63967232,12.199782892966736,579.3637443050677,7937,32509952,6.200273856789203,1333.0660422073831,17902,96477184,18.40005674975594,913.523901742822,1806,17735680,3.382535693574052,487.3994053156146,1847,7565312,1.4428506757578,737.7793817000542,3653,25300992,4.825386369331852,613.9944823432795,0,0,0,0,8438,124051456,23.65900138928031,5684.8503744963255,8438,124051456,23.65900138928031,5684.8503744963255,
100,4665.433220796792,10130,71831552,12.546141162483277,71178.96183573543,15344,137830400,24.073538810375908,74591.60573774765,25474,209661952,36.61967997285918,73234.53253654706,8522,54706176,9.555012907916215,71017.69904447312,6751,27652096,4.829731367276308,72923.6300722856,15273,82358272,14.38474427519252,71860.16223891835,1608,17125376,2.9911282545670628,72033.61451430348,1553,6361088,1.1110313751118508,77361.1309703799,3161,23486464,4.102159629678914,74651.02452894654,0,0,0,0,7040,103817216,18.13277606798775,75580.16128196023,7040,103817216,18.13277606798775,75580.16128196023,
105,7456.202477740162,14593,101933056,19.44167247065458,42490.03255163435,22689,204910592,39.08255841394506,79255.76137062014,37282,306843648,58.52423088459963,64864.84133801835,12332,79089664,15.084756639711857,44130.80981843983,9804,40157184,7.659172100871875,50222.86223735211,22136,119246848,22.743928740583733,46828.970367546084,2261,22843392,4.3569158309427225,33540.866141088016,2326,9527296,1.817139362161157,34096.07016938951,4587,32370688,6.17405519310388,33822.401909526925,0,0,0,0,10559,155226112,29.606246950912023,116160.76987868169,10559,155226112,29.606246950912023,116160.76987868169,
110,5991.621839311943,11722,81190912,15.483926528138943,7342.952828527555,18240,162869248,31.060809733548016,17232.935153673247,29962,244060160,46.544736261686964,13363.688347206462,9961,64159744,12.235910863523783,7676.026810862363,8163,33435648,6.376515601311583,9244.582429988975,18124,97595392,18.612426464835366,8382.499969046568,1761,17031168,3.2480156646151612,5458.938099375355,1761,7213056,1.3756025938882392,5769.020587166383,3522,24244224,4.6236182585034005,5613.979343270869,0,0,0,0,8316,122220544,23.308691538348196,27501.91986207311,8316,122220544,23.308691538348196,27501.91986207311,
115,5921.592789256481,11828,82563072,15.747105220995264,430.94566596212377,17781,162377728,30.970010035020852,794.121013666273,29609,244940800,46.717115256016115,649.0422196291668,10026,63737856,12.156605861185064,415.68735737083585,7713,31592448,6.025570400830306,774.8063295734474,17739,95330304,18.182176262015368,571.8339627374711,1802,18825216,3.590499359810202,515.8401176470588,1823,7467008,1.4241689149116619,638.7295095995612,3625,26292224,5.014668274721863,577.6407691034483,0,0,0,0,8245,123318272,23.520270719278884,846.5470743480897,8245,123318272,23.520270719278884,846.5470743480897,
120,5944.160630234023,11752,81416192,15.527758497097377,915.5362176650782,17971,161075200,30.72038551584013,3814.829123031551,29723,242491392,46.24814401293751,2668.4949634962823,9918,63459328,12.103011641370914,822.0450926598104,7836,32096256,6.121422527708157,1925.8687078866767,17754,95555584,18.22443416907907,1309.2345625774474,1834,17956864,3.4247468557264624,1421.1223560523447,1881,7704576,1.469422635862563,1795.301323232323,3715,25661440,4.894169491589025,1610.578786002692,0,0,0,0,8254,121274368,23.129540352269412,6068.357788466198,8254,121274368,23.129540352269412,6068.357788466198,
125,6010.814039619702,11926,81096704,15.466975600029748,454.49547518027833,18130,161918976,30.881610810888223,1275.1395683949254,30056,243015680,46.348586410917974,949.5140208943305,10091,63754240,12.159375484340776,440.14174363294023,7989,32722944,6.241005508795275,1058.2536858179997,18080,96477184,18.40038099313605,713.2665393252212,1835,17342464,3.3076001156889716,533.4292653950953,1809,7409664,1.413190507624315,790.9742907683802,3644,24752128,4.720790623313286,661.2829840834248,0,0,0,0,8332,121786368,23.227414794468633,1588.2164170667309,8332,121786368,23.227414794468633,1588.2164170667309,
130,5979.642400544891,11700,80916480,15.433186992923615,18601.69438948718,18199,162930688,31.075743467705163,28500.724676300895,29899,243847168,46.508930460628775,24627.061531857253,9901,63090688,12.033276600961905,18742.18746116554,8041,32935936,6.281865685148002,20436.243140902872,17942,96026624,18.315142286109907,19501.406150317693,1799,17825792,3.399910391961709,17828.474877153974,1865,7639040,1.4569928494964586,19524.017519571047,3664,25464832,4.856903241458168,18691.51718831878,0,0,0,0,8293,122355712,23.336884933060702,38338.908068732664,8293,122355712,23.336884933060702,38338.908068732664,
135,6020.871873320474,11893,83124224,15.853823495156398,906.9935968216598,18213,165011456,31.47172234778115,5180.961395267117,30106,248135680,47.325545842937544,3492.5836955756326,10059,64520192,12.305579368074484,833.6666134804652,7897,32346112,6.1691950399748725,1940.856718374066,17956,96866304,18.474774408049356,1320.6058125417687,1834,18604032,3.548244127081914,1309.1725092693564,1879,7696384,1.4678887527051774,1081.7827030335286,3713,26300416,5.016132879787091,1194.099671694048,0,0,0,0,8437,124968960,23.834638555101098,9126.613095650113,8437,124968960,23.834638555101098,9126.613095650113,
140,6001.0101806456805,11970,82698240,15.771361761684553,986.4831939849624,18039,163594240,31.19901875986533,835.7486142801707,30009,246292480,46.970380521549885,895.8736740644473,10122,64311296,12.264792026756274,180.73065708358033,7799,31944704,6.0921669331044,327.9003951788691,17921,96256000,18.356958959860673,244.7771270018414,1848,18386944,3.506569734928279,5399.8095892857145,1860,7618560,1.4529337729932277,5023.361118279569,3708,26005504,4.959503507921506,5210.97621386192,0,0,0,0,8380,124030976,23.653918053767704,378.9167531026253,8380,124030976,23.653918053767704,378.9167531026253,
145,6052.256916461469,11818,81686528,15.579070802587113,263.61892359113216,18446,167911424,32.02368893753478,1167.3410071018109,30264,249597952,47.6027597401219,814.4402807295797,9997,63590400,12.127817991784834,250.6211377413224,7983,32698368,6.23615916447139,631.6960677690091,17980,96288768,18.363977156256222,419.81586334816467,1821,18096128,3.4512528108022797,334.97469796814937,1844,7553024,1.4404957408599828,428.475,3665,25649152,4.891748551662262,382.01823328785815,0,0,0,0,8619,127660032,24.347034032203407,1821.537835943845,8619,127660032,24.347034032203407,1821.537835943845,
150,5985.333163351018,11821,83226624,15.871920070606317,1375.1583080957619,18110,162148352,30.922865290373164,5072.792212147985,29931,245374976,46.79478536097948,3612.442394908289,9938,63946752,12.195108821413742,1546.1159223183738,7894,32333824,6.16629445530618,3238.4941884975933,17832,96280576,18.361403276719923,2295.3102938537463,1883,19279872,3.6768112491925753,472.8870546999469,1858,7610368,1.4513523052899522,955.2971393972012,3741,26890240,5.128163554482527,712.4801948676824,0,0,0,0,8358,122204160,23.30521852977703,7720.585277937305,8358,122204160,23.30521852977703,7720.585277937305,
155,5919.478181423769,11640,81043456,15.456449970657026,567.5480545532646,17960,161009664,30.707449302363138,1227.0616777839643,29600,242053120,46.163899273020164,967.7124016216216,9795,62631936,11.945040761210784,487.5569937723329,7846,32137216,6.129147198512839,1079.520934361458,17641,94769152,18.074187959723623,750.8385015021825,1845,18411520,3.5114092094462412,992.2160439024391,1865,7639040,1.4569028199370946,1281.6136069705092,3710,26050560,4.968312029383336,1137.6948727762804,0,0,0,0,8249,121233408,23.121399283913203,1355.060868590132,8249,121233408,23.121399283913203,1355.060868590132,
160,5990.783720726115,11665,78577664,14.98695894080832,1551.570855550793,18290,161824768,30.864510729433647,16821.365997813013,29955,240402432,45.85146967024197,10875.041166082457,9900,61935616,11.812854782316649,1667.14449010101,7988,32718848,6.2403997090897025,3642.1200693540313,17888,94654464,18.053254491406353,2549.082377347943,1765,16642048,3.1741041584916703,903.3108090651558,1890,7741440,1.4765091950650397,1500.5902375661374,3655,24383488,4.65061335355671,1212.1639198358412,0,0,0,0,8412,121364480,23.147601825278905,32778.579818949125,8412,121364480,23.147601825278905,32778.579818949125,
165,5997.392790223808,11833,82604032,15.754399060963438,353.9567817966703,18156,163700736,31.22131764121906,562.5703647829919,29989,246304768,46.9757167021825,480.2560319450465,9970,63619072,12.133551158570146,276.4026519558676,7786,31891456,6.082399518453976,495.2560395581814,17756,95510528,18.21595067702412,372.3697884658707,1863,18984960,3.620847902393293,768.994180891036,1843,7548928,1.4397459944144204,673.4018258274552,3706,26533888,5.060593896807713,721.4559427954669,0,0,0,0,8527,124260352,23.699172128350664,600.080269027794,8527,124260352,23.699172128350664,600.080269027794,
170,6005.88712402075,11823,81174528,15.48097496709911,308.2234811807494,18210,163905536,31.258789700445956,630.0830585392641,30033,245080064,46.73976466754507,503.37757513401925,10061,62820352,11.980609197214605,235.70983600039756,7992,32735232,6.243008978557679,500.3339099099099,18053,95555584,18.223618175772284,352.85798858915416,1762,18354176,3.5003657698845045,722.2755720771851,1847,7565312,1.442797495419924,698.1908424472117,3609,25919488,4.943163265304428,709.949582709892,0,0,0,0,8371,123604992,23.572983226468352,738.9302833592163,8371,123604992,23.572983226468352,738.9302833592163,
175,5963.485812939043,11643,80519168,15.3559734686174,454.75359881473844,18178,162709504,31.03065876830591,598.774046099681,29821,243228672,46.38663223692331,542.5442057945744,9875,62590976,11.93685169264129,234.17455675949367,7924,32456704,6.189883699528145,376.778130111055,17799,95047680,18.126735392169437,297.66074785100284,1768,17928192,3.4191217759761092,1686.7773772624435,1845,7557120,1.4412336478583325,2391.4117642276424,3613,25485312,4.8603554238344415,2046.603129809023,0,0,0,0,8409,122695680,23.399541420919434,414.64740183137116,8409,122695680,23.399541420919434,414.64740183137116,
180,6030.140651623807,11845,80400384,15.333988177316998,1419.1473365132968,18308,166940672,31.838980902894132,3159.9252197946253,30153,247341056,47.17296908021113,2476.0956165224025,10062,62566400,11.932684772964347,974.3978410852714,8050,32972800,6.2885834646391485,1163.8413324223602,18112,95539200,18.221268237603496,1058.597272692138,1783,17833984,3.401303404352652,3929.001191250701,1864,7634944,1.4561390780232761,3995.591432403434,3647,25468928,4.857442482375928,3963.0357976418977,0,0,0,0,8394,126332928,24.09425836023171,4888.63542625685,8394,126332928,24.09425836023171,4888.63542625685,
185,5987.726240321958,11822,81158144,15.478462816160752,362.75780130265605,18119,164077568,31.29283655444471,1232.9806860201998,29941,245235712,46.77129937060546,889.3791048061187,9970,62410752,11.902964466026113,292.40178154463393,7808,31981568,6.09951739520456,746.5754383965163,17778,94392320,18.002481861230674,491.87235825177186,1852,18747392,3.5754983501346405,741.5102402807776,1866,7643136,1.4576971643764998,1189.7408869239016,3718,26390528,5.0331955145111404,966.4694620763852,0,0,0,0,8445,124452864,23.735621994863646,1692.2509806986384,8445,124452864,23.735621994863646,1692.2509806986384,
190,5999.219357930647,11924,84144128,16.04820051414486,158.67871787990606,18074,162054144,30.907413967854122,239.10368700896313,29998,246198272,46.95561448199898,207.13531138742584,10075,64880640,12.374214873390185,144.30344258064514,7924,32456704,6.190232238430797,230.24476577486118,17999,97337344,18.564447111820982,182.1388248236013,1849,19263488,3.6739856407546743,237.00803028664143,1875,7680000,1.4647508136115277,234.34145013333332,3724,26943488,5.138736454366202,235.66543152524167,0,0,0,0,8275,121917440,23.252430915811797,248.6658967975831,8275,121917440,23.252430915811797,248.6658967975831,
195,6002.1543450273975,11699,81756160,15.593111808238536,451.660922215574,18313,165081088,31.485430120613113,2287.300465024846,30012,246837248,47.07854192885165,1571.7484521191523,9891,62459904,11.912793685562598,222.36416216762714,7992,32735232,6.2434944675071335,502.3647185935936,17883,95195136,18.15628815306973,347.49777772185877,1808,19296256,3.680318122675939,1706.0714607300883,1862,7626752,1.4546279652775629,2550.07572556391,3670,26923008,5.134946087953502,2134.2828888283375,0,0,0,0,8459,124719104,23.787307687828417,3915.8521792174015,8459,124719104,23.787307687828417,3915.8521792174015,
200,5920.668823836937,11760,80826368,15.415543972298583,1660.566637670068,17845,159961088,30.508449741558636,8816.388594115999,29605,240787456,45.92399371385722,5973.8800243539945,9849,62349312,11.891522340562966,1677.2180858970455,7818,32022528,6.107470874952127,3206.052016372474,17667,94371840,17.998993215515092,2353.7576041206767,1911,18477056,3.5240216317356157,1574.7476352694923,1783,7303168,1.3928908378152522,2719.5870807627593,3694,25780224,4.916912469550868,2127.332565240931,0,0,0,0,8244,120635392,23.008088028791256,15455.424069990297,8244,120635392,23.008088028791256,15455.424069990297,
205,6026.069564091094,11826,82354176,15.70695121875409,469.9520449856249,18306,166592512,31.773257732476193,2409.9264756364037,30132,248946688,47.48020895123028,1648.5386614562592,9970,62902272,11.996998401790837,445.5078341023069,7811,31993856,6.102009149989466,1026.8127950326464,17781,94896128,18.099007551780304,700.8687839829031,1856,19451904,3.7099528169632534,601.26065625,1910,7823360,1.4921056812802305,714.487464921466,3766,27275264,5.202058498243484,658.6858300584174,0,0,0,0,8585,126775296,24.179142901206497,4045.545516948165,8585,126775296,24.179142901206497,4045.545516948165,
210,6038.878292446893,12007,81797120,15.601248072446346,436.0748021987174,18188,165978112,31.6571744813055,633.3110372773258,30195,247775232,47.25842255375185,554.880321112767,10122,62484480,11.917728560098599,336.2773545741948,7787,31895552,6.083471143722569,504.8656761268781,17909,94380032,18.001199703821168,409.5811269752638,1885,19312640,3.6835195123477478,971.9632716180371,1823,7467008,1.4241900468737951,757.077951727921,3708,26779648,5.107709559221543,866.3171178532901,0,0,0,0,8578,126615552,24.149513290709137,723.609118675682,8578,126615552,24.149513290709137,723.609118675682,
215,5810.6763371999505,11585,80211968,15.297840096412239,6194.47334182132,17471,158183424,30.168374951914632,18326.637569801387,29056,238395392,45.46621504832687,13489.38803162858,9826,62578688,11.934861920695818,7210.001052310197,7732,31670272,6.040080663098577,11186.344577340922,17558,94248960,17.974942583794395,8961.059722747466,1759,17633280,3.362978175716422,521.6050739056282,1783,7303168,1.3928432258542114,1042.9443073471678,3542,24936448,4.755821401570633,784.0409443817052,0,0,0,0,7956,119209984,22.735451062961843,29139.303545751634,7956,119209984,22.735451062961843,29139.303545751634,
220,6195.922581859747,12243,84799488,16.172972564241224,1635.5152084456424,18739,170610688,32.53889901069119,12595.022327498798,30982,255410176,48.71187157493242,8264.209414886063,10386,65753088,12.540439963955194,1538.086716734065,8051,32976896,6.289359132237169,2895.1368767854924,18437,98729984,18.829799096192364,2130.6782901231218,1857,19046400,3.632532600286031,2180.4222170166936,1867,7647232,1.4584813687600042,2368.072707016604,3724,26693632,5.091013969046035,2274.4994095059074,0,0,0,0,8821,129986560,24.791058509694018,23612.763253145902,8821,129986560,24.791058509694018,23612.763253145902,
225,6073.095631022403,12028,82563072,15.746867054815693,407.133290156302,18339,163434496,31.171094029577862,1280.3022705709145,30367,245997568,46.91796108439355,934.4506389831067,10209,64430080,12.288446632547048,400.2331732784798,8000,32768000,6.249686780697799,965.513836375,18209,97198080,18.538133413244847,648.5853784941513,1819,18132992,3.4584204222686448,445.85967454645413,1918,7856128,1.4983624056722975,803.4452549530762,3737,25989120,4.956782827940942,629.3890144500937,0,0,0,0,8421,122810368,23.423044843207766,1687.9639769623561,8421,122810368,23.423044843207766,1687.9639769623561,
230,6036.477257328846,12037,81670144,15.576510945611687,441.7909766553128,18147,162775040,31.04521515515364,977.0178447126247,30184,244445184,46.62172610076533,763.5760937582825,10214,63217664,12.057167858697566,225.50801889563343,7871,32239616,6.148889997136747,562.8987780459917,18085,95457280,18.206057855834313,372.3480888581697,1823,18452480,3.5193430869141205,1653.5924744925946,1890,7741440,1.476483559215913,2184.7821894179897,3713,26193920,4.995826646130033,1923.979913546997,0,0,0,0,8386,122793984,23.419841598800982,1093.504436918674,8386,122793984,23.419841598800982,1093.504436918674,
235,5967.848654846143,11913,82812928,15.794382637310992,198.59205246369513,17928,163295232,31.1442601939696,352.8899071285141,29841,246108160,46.93864283128059,291.29175885526627,10065,63209472,12.055540254178615,161.73906229508196,7723,31633408,6.033238555146543,323.64629910656475,17788,94842880,18.08877880932516,232.03418203283113,1848,19603456,3.738842383132378,399.30923106060607,1790,7331840,1.3983551746358036,376.3555234636872,3638,26935296,5.137197557768181,388.01535074216605,0,0,0,0,8415,124329984,23.712666464187254,374.73719548425436,8415,124329984,23.712666464187254,374.73719548425436,
240,5933.515438456835,11593,81793024,15.598981564298965,262.08172854308634,18078,164335616,31.340915385910098,264.3980798207767,29671,246128640,46.93989695020906,263.49303919652186,9781,62722048,11.961901181536884,153.66754769450975,7847,32141312,6.129761547150783,236.922558302536,17628,94863360,18.091662728687666,190.72802354209213,1812,19070976,3.6370803827620803,847.2909464679913,1843,7548928,1.43967765150999,414.3472539338036,3655,26619904,5.07675803427207,628.9830872777018,0,0,0,0,8388,124645376,23.771476187249327,257.15488590844063,8388,124645376,23.771476187249327,257.15488590844063,
245,5999.849041062378,11787,80494592,15.351715270408778,426.64933027912105,18215,163143680,31.11433030838498,363.6144920669778,30002,243638272,46.466045578793754,388.3792290180654,9956,61820928,11.79032355873599,174.993048915227,7918,32432128,6.185369504940805,305.3419541550897,17874,94253056,17.975693063676797,232.73628667338033,1831,18673664,3.5613917116727873,1795.0217700709993,1867,7647232,1.4584598213847542,701.8992758435993,3698,26320896,5.019851533057541,1243.139753650622,0,0,0,0,8430,123064320,23.47050098205942,343.42757200474495,8430,123064320,23.47050098205942,343.42757200474495,
250,6001.907139839776,11865,80674816,15.38572387203621,397.92109995785927,18148,164405248,31.354192971963315,3834.5983275292047,30013,245080064,46.739916843999524,2475.9812181054876,10047,62402560,11.900969902034507,416.21459261471085,7819,32026624,6.107888655333628,1226.1344492901906,17866,94429184,18.008858557368136,770.6735291055636,1818,18272256,3.484753970001703,296.82389383938397,1878,7692288,1.4670181474250612,606.338180511182,3696,25964544,4.9517721174267635,454.0933284632034,0,0,0,0,8451,124686336,23.779286169204624,6965.381858478287,8451,124686336,23.779286169204624,6965.381858478287,
255,5957.750092394369,11788,82591744,15.75087804589166,11341.969230234137,18005,163061760,31.097126314567895,12940.22684343238,29793,245653504,46.848004360459555,12307.854784748097,9907,63438848,12.098274111028072,11617.445518017565,7805,31969280,6.096786508043266,12978.717193721972,17712,95408128,18.195060619071338,12217.305806458899,1881,19152896,3.652603934863589,9891.068867091972,1882,7708672,1.4701027813116496,10718.747360786398,3763,26861568,5.122706716175238,10305.018089821951,0,0,0,0,8318,123383808,23.530237025212976,13406.734081029093,8318,123383808,23.530237025212976,13406.734081029093,
260,6022.305309329837,11756,82063360,15.651577868209857,1115.5234924293977,18357,165822464,31.62657741036226,4259.582046630713,30113,247885824,47.27815527857212,3032.1536149503536,9943,63848448,12.177529114532332,1164.5430784471487,7963,32616448,6.220789346870731,2492.4685353509985,17906,96464896,18.39831846140306,1755.0864948062103,1813,18214912,3.4740487536775264,846.6863474903474,1791,7335936,1.399150285099269,1345.513849246231,3604,25550848,4.873199038776796,1094.5775948945616,0,0,0,0,8603,125870080,24.00663777839226,6501.895313146577,8603,125870080,24.00663777839226,6501.895313146577,
265,5722.824356032666,11224,75849728,14.461184410726498,11070.267496436209,17402,158162944,30.154669771886436,14311.08912418113,28626,234012672,44.615854182612935,13040.391787850207,9435,58572800,11.167239284662973,11618.869117011129,7553,30937088,5.898332749444715,14477.669884151994,16988,89509888,17.06557203410769,12889.914690016481,1789,17276928,3.2939451260635257,8176.999586920067,1815,7434240,1.417380370745685,10231.42487107438,3604,24711168,4.711325496809211,9211.622753052165,0,0,0,0,8034,119791616,22.838956651696034,15076.138432038835,8034,119791616,22.838956651696034,15076.138432038835,
270,6295.752931626062,12309,83476480,15.919733063595226,3495.7810106426195,19174,175538176,33.476745837754514,21333.631839887348,31483,259014656,49.39647890134974,14359.515464155258,10441,65196032,12.433483374545888,3361.3113963221913,8156,33406976,6.371017805038403,5916.881166625797,18597,98603008,18.804501179584292,4482.095772651503,1868,18280448,3.4862496890493375,4247.385530513919,1905,7802880,1.4880810346491122,3720.576312335958,3773,26083328,4.97433072369845,3981.3978388550227,0,0,0,0,9113,134328320,25.617646998067,38813.26415318775,9113,134328320,25.617646998067,38813.26415318775,
275,5985.224732394503,11692,80404480,15.334976012339002,533.1087706979131,18236,165232640,31.513649125713464,1006.2565157381005,29928,245637120,46.84862513805247,821.4114397219995,9875,62803968,11.97815523164513,369.6862422278481,7896,32342016,6.168363249792601,835.3212344224925,17771,95145984,18.14651848143773,576.5769010747848,1817,17600512,3.3568207806938712,1421.2746862960923,1906,7806976,1.488969143123695,1653.0274328436517,3723,25407488,4.845789923817566,1539.9211367177008,0,0,0,0,8434,125083648,23.85631673279717,1020.1241483281955,8434,125083648,23.85631673279717,1020.1241483281955,
280,6034.069901678176,11879,80801792,15.409854219278882,780.5539241518646,18295,165982208,31.654763650217376,1404.584636403389,30174,246784000,47.06461786949626,1158.9141641148008,10000,62480384,11.915745742428149,463.12331670000003,7985,32706560,6.237526534239462,1132.9595820914215,17985,95186944,18.15327227666761,760.5179555184876,1879,18321408,3.4941084768507347,2469.91319744545,1849,7573504,1.4443564886423002,1919.3265175770687,3728,25894912,4.938464965493035,2196.835200912017,0,0,0,0,8461,125702144,23.972880627335613,1548.4409560335657,8461,125702144,23.972880627335613,1548.4409560335657,
285,5844.144201247327,11491,80384000,15.326115476708797,10331.23351840571,17741,158937088,30.30314694740033,15919.012294740995,29232,239321088,45.62926242410913,13722.475420121786,9700,61673472,11.758742457722516,11024.83897814433,7817,32018432,6.104674888225868,13577.317369195343,17517,93691904,17.863417345948385,12163.888106582177,1791,18710528,3.5673730189862822,6574.688035734227,1834,7512064,1.4322596577979074,9123.933441112324,3625,26222592,4.99963267678419,7864.430400827587,0,0,0,0,8090,119406592,22.766212401376553,19722.127727441286,8090,119406592,22.766212401376553,19722.127727441286,
290,6108.8576208554305,11715,80846848,15.419953107152931,640.2314090482288,18830,171585536,32.72658099157683,8164.647056771109,30545,252432384,48.14653409872976,5278.789164707808,9907,61767680,11.780975420805866,430.72838498031695,8062,33021952,6.298290705738522,1207.6331885388242,17969,94789632,18.07926612654439,779.2957246368746,1808,19079168,3.638977686347064,1788.2106454646016,1891,7745536,1.4773093183517172,1866.9878043363299,3699,26824704,5.116287004698782,1828.4830454176804,0,0,0,0,8877,130818048,24.95098096748659,15824.478019037964,8877,130818048,24.95098096748659,15824.478019037964,
295,6017.288423376279,11799,81612800,15.565082940891548,2155.3643207051446,18290,164782080,31.427015644269357,8880.681852269,30089,246394880,46.9920985851609,6243.438289673967,9917,61779968,11.782592019948167,2139.449925884844,8138,33333248,6.357272018718967,3519.6011099778816,18055,95113216,18.139864038667135,2761.5308085294932,1882,19832832,3.7824909209433812,2239.223541445271,1754,7184384,1.3701960089497502,2512.2133124287343,3636,27017216,5.1526869298931315,2370.913326457646,0,0,0,0,8398,124264448,23.69954761660064,15405.898439509407,8398,124264448,23.69954761660064,15405.898439509407,
300,6016.80123288821,11875,82837504,15.79895291491619,929.9599849263159,18211,163606528,31.20340072589485,8081.6837782109715,30086,246444032,47.00235364081104,5258.885132819251,10028,63717376,12.152319597727269,612.5355753889111,8004,32784384,6.2527105978535005,987.9213531984008,18032,96501760,18.405030195580768,779.1608951308784,1847,19120128,3.646633317188923,2653.366578776394,1808,7405568,1.4124063919189316,1388.8846261061947,3655,26525696,5.0590397091078545,2027.8718125854994,0,0,0,0,8399,123416576,23.538283736122416,16282.547609239195,8399,123416576,23.538283736122416,16282.547609239195,
305,5952.235750669332,11710,80760832,15.402446156633648,944.1466660119556,18054,163274752,31.139235618792434,11726.556288800266,29764,244035584,46.541681775426085,7484.451172456659,9955,62418944,11.904340263779487,751.5319572074334,7647,31322112,5.973652470445681,1800.5335143193408,17602,93741056,17.877992734225167,1207.2594260879446,1755,18341888,3.4981058928541597,2036.7275356125356,1880,7700480,1.4686107812786557,2701.5226478723403,3635,26042368,4.966716674132816,2380.5555441540578,0,0,0,0,8527,124252160,23.6969723670681,22618.00221367421,8527,124252160,23.6969723670681,22618.00221367421,
310,6046.875401309708,11938,83791872,15.981173374220804,1041.5337597587536,18298,167444480,31.935785674250695,3673.7950936714396,30236,251236352,47.9169590484715,2634.506305331393,10077,64040960,12.214188087497789,1112.7417291852735,7954,32579584,6.213728944544766,2461.988999245663,18031,96620544,18.427917032042554,1707.934052742499,1861,19750912,3.7669852867230147,655.9546582482536,1853,7589888,1.4475785434047588,967.0643248785752,3714,27340800,5.214563830127774,811.1744246095853,0,0,0,0,8491,127275008,24.27447818630117,5399.65515604758,8491,127275008,24.27447818630117,5399.65515604758,
315,5971.471260854385,11754,80576512,15.367389306807741,751.8416932108219,18106,163401728,31.16364688981706,2957.775407268309,29860,243978240,46.531036196624804,2089.4383384460816,9865,61612032,11.750522059424666,776.1989231626965,7927,32468992,6.19242044708545,2129.1509876371892,17792,94081024,17.942942506510114,1378.9895602517986,1889,18964480,3.6168672473830745,624.6399602964531,1798,7364608,1.4045631340809435,924.9678692992213,3687,26329088,5.021430381464018,771.0976712774614,0,0,0,0,8381,123568128,23.566663308650668,4177.617159766138,8381,123568128,23.566663308650668,4177.617159766138,
320,6052.199956634834,11855,78397440,14.952630770695137,3210.6933211303244,18407,164937728,31.458335207646385,8932.12437469441,30262,243335168,46.41096597834152,6690.779944716145,9994,60694528,11.576179872526675,2803.3119523714226,7949,32559104,6.209950992489846,4905.858908290351,17943,93253632,17.78613086501652,3734.7696658306863,1861,17702912,3.376450898168463,5398.425400322408,1937,7933952,1.5132312331680502,3460.2247119256585,3798,25636864,4.889682131336513,4409.932842812006,0,0,0,0,8521,124444672,23.735152981988488,13931.989864569885,8521,124444672,23.735152981988488,13931.989864569885,
325,6026.02099222561,11889,83050496,15.840154455539777,652.154050466818,18242,165158912,31.50062674868193,2524.1110251617147,30131,248209408,47.340781204221706,1785.4798322989611,10068,63795200,12.167607301491024,520.5743066150179,7944,32538624,6.206065643855197,1402.1883197381671,18012,96333824,18.37367294534622,909.4007401176992,1821,19255296,3.6725471540487513,1379.6361268533774,1854,7593984,1.448394474283426,1874.5014956850052,3675,26849280,5.120941628332178,1629.2906557823128,0,0,0,0,8444,125026304,23.84616663054331,3722.2315888204644,8444,125026304,23.84616663054331,3722.2315888204644,
330,6006.7675944252405,11968,83746816,15.97228771250781,385.78883756684496,18068,162205696,30.93605427482255,1820.1786150653088,30036,245952512,46.90834198733036,1248.6385678852043,10146,65888256,12.566282898532751,384.2070723437808,7744,31719424,6.049564513629096,889.9881987345042,17890,97607680,18.61584741216185,603.1432960871996,1822,17858560,3.406004813975059,394.5970647639956,1851,7581696,1.4459896584100538,655.1545386277687,3673,25440256,4.851994472385113,525.904411380343,0,0,0,0,8473,122904576,23.4405001027834,2924.8468730083796,8473,122904576,23.4405001027834,2924.8468730083796,
336,5157.210357212667,11198,76886016,13.334335497444451,24389.35885756385,17161,154062848,26.71910719010059,28289.444970048364,28359,230948864,40.053442687545044,26749.434240205934,9504,60112896,10.42537466093947,24993.291309343436,7465,30576640,5.302904186693454,25849.859647823174,16969,90689536,15.728278847632923,25370.112727620955,1694,16773120,2.9089608365049826,21001.06250472255,1738,7118848,1.2346212292663394,24056.75526064442,3432,23891968,4.143582065771322,22548.496656759908,0,0,0,0,7958,116367360,20.181581774140795,31502.30236453883,7958,116367360,20.181581774140795,31502.30236453883,
341,6378.994236219634,12630,88055808,16.780040350991037,62050.70036460808,19294,173539328,33.06990183230013,94201.0061321136,31924,261595136,49.84994218329117,81481.47343434407,10654,67645440,12.890611517193086,62753.94133255115,8486,34758656,6.6236590575174406,66863.18431251473,19140,102404096,19.514270574710526,64575.834536729366,1976,20410368,3.8894288337979503,58259.03575303644,2035,8335360,1.5883980888578826,60263.70396756757,4011,28745728,5.477826922655833,59276.11374270755,0,0,0,0,8773,130445312,24.85784468592481,128516.6525319731,8773,130445312,24.85784468592481,128516.6525319731,
346,6344.1078723264845,12615,86503424,16.49793896527941,15974.596762267143,19108,172679168,32.933382778457755,29479.912491207873,31723,259182592,49.431321743737165,24109.375091826118,10583,66383872,12.660736626274131,16828.710054237927,8282,33923072,6.469810621262563,20748.979947476455,18865,100306944,19.130547247536693,18549.763606095945,2032,20119552,3.8372023390052776,11526.230143700788,1957,8015872,1.5287876582722575,12555.5980444558,3989,28135424,5.365989997277535,12031.237158435699,0,0,0,0,8869,130740224,24.934784498922934,41367.43833397226,8869,130740224,24.934784498922934,41367.43833397226,
351,6190.603137582104,12163,83193856,15.867464161466172,854.6533643837869,18791,170041344,32.43178116287266,8045.770102708744,30954,253235200,48.299245324338834,5220.107736350714,10225,64000000,12.206643076308845,889.0320906601467,7925,32460800,6.191209368303846,1692.906720252366,18150,96460800,18.397852444612692,1240.035200275482,1938,19193856,3.6608210851573277,673.269217750258,1883,7712768,1.4710469704121314,991.6859383961763,3821,26906624,5.131868055569459,830.185911018058,0,0,0,0,8983,129867776,24.769524824156687,15129.069978848936,8983,129867776,24.769524824156687,15129.069978848936,
356,5978.209423451834,11862,82788352,15.789065226666574,894.6336510706458,18032,162025472,30.900853610293375,3571.8778903061225,29894,244813824,46.68991883695995,2509.5419310563993,10017,64380928,12.278474531602276,933.4526834381551,7857,32182272,6.137674920142453,2106.1545830469645,17874,96563200,18.41614945174473,1448.9455124202752,1845,18407424,3.5105906950642978,683.8747094850949,1927,7892992,1.5053200421426127,962.1792470160872,3772,26300416,5.0159107372069105,826.05202757158,0,0,0,0,8248,121950208,23.25785864800831,5577.82809772066,8248,121950208,23.25785864800831,5577.82809772066,
361,6007.13883147308,11792,82128896,15.663119807514128,1035.747648151289,18247,164847616,31.438727234213438,5123.71321351455,30039,246976512,47.10184704172757,3518.9563991477744,10012,63774720,12.162723824397535,1128.186386935677,7791,31911936,6.086048896331484,2453.5380486458735,17803,95686656,18.24877272072902,1708.1905882716396,1780,18354176,3.500395983116593,515.8057084269662,1904,7798784,1.4873362981151514,929.9844180672269,3684,26152960,4.987732281231745,729.8654975570033,0,0,0,0,8552,125136896,23.8653420397668,8489.966059167447,8552,125136896,23.8653420397668,8489.966059167447,
366,6022.89304947829,11909,81911808,15.622122576569458,1341.1507941892687,18208,163688448,31.21846607297956,2414.212950021968,30117,245600256,46.84058864954902,1989.8978717003686,9982,62140416,11.85134621507827,877.1040081146062,7873,32247808,6.150263578624429,1555.831064016258,17855,94388224,18.0016097937027,1176.3825357602911,1927,19771392,3.770776361491188,3744.946859885833,1895,7761920,1.4803441485448106,3374.3489472295514,3822,27533312,5.251120510035999,3561.1993338566194,0,0,0,0,8440,123678720,23.58785834581032,2999.353100947867,8440,123678720,23.58785834581032,2999.353100947867,
371,5943.738606920272,11579,80097280,15.275643943554796,1060.1208505915884,18143,167915520,32.02378028463456,4873.623647577579,29722,248012800,47.29942422818936,3387.971642789853,9736,62210048,11.864304792365648,740.5031282867708,7708,31571968,6.0212049868023705,1938.0332302802285,17444,93782016,17.885509779168018,1269.657108232057,1843,17887232,3.411339151189148,2748.562600108519,1861,7622656,1.4537444837103286,2906.8500354648036,3704,25509888,4.865083634899476,2828.090925485961,0,0,0,0,8574,128720896,24.54883081412186,7939.60179414509,8574,128720896,24.54883081412186,7939.60179414509,
376,5176.734757006836,10799,74121216,13.341491838118737,22339.022709880544,16629,150573056,27.10248571292456,22731.197486078538,27428,224694272,40.4439775510433,22576.789749161442,9131,57835520,10.41013841480087,21871.394323951376,7197,29478912,5.3060740914533895,22480.182917465612,16328,87314432,15.71621250625426,22139.73407820921,1668,16285696,2.9313534233178653,24898.923664268586,1700,6963200,1.25334527656951,24590.229964117647,3368,23248896,4.184698699887376,24743.1103358076,0,0,0,0,7732,114130944,20.54306634490166,22556.106518365235,7732,114130944,20.54306634490166,22556.106518365235,
381,6802.566363137232,13510,93995008,17.927509272523032,22214.279879348633,20504,187297792,35.72299182955642,43701.4002721908,34014,281292800,53.65050110207945,35166.9439745693,11312,71782400,13.6909360293257,22558.50256400283,8787,35991552,6.8646079822930055,25297.861197678387,20099,107773952,20.555544011618704,23756.111614906215,2198,22212608,4.236573243197333,20442.73892902639,2092,8568832,1.6343188686647283,21465.22651959847,4290,30781440,5.870892111862061,20941.350593240095,0,0,0,0,9625,142737408,27.224064978598687,65335.683216415586,9625,142737408,27.224064978598687,65335.683216415586,
386,6058.1996026834995,12077,86171648,16.43485129109544,1236.7434843918193,18216,162131968,30.92217504779118,2821.232871761089,30293,248303616,47.35702633888662,2189.5397964216154,10169,67108864,12.799154080868318,1233.3261112203757,7961,32608256,6.219120217150432,2049.415553573672,18130,99717120,19.018274298018753,1591.6762519029232,1908,19062784,3.6356972102271214,1254.9569371069183,1868,7651328,1.4592785536536876,1710.4365824411134,3776,26714112,5.094975763880809,1480.2842616525422,0,0,0,0,8387,121872384,23.24377627698706,3801.250176940503,8387,121872384,23.24377627698706,3801.250176940503,
391,5950.223499608062,11761,82857984,15.802906321102533,593.3892225150922,17992,161697792,30.839454883492248,2510.68798710538,29753,244555776,46.642361204594785,1752.8030420461803,9933,63819776,12.171886073908674,603.8303948454646,7790,31907840,6.08555243666957,1734.5635567394095,17723,95727616,18.257438510578243,1100.834927438921,1828,19038208,3.631020247193859,536.6539026258206,1883,7712768,1.471000672432452,1018.4952081784387,3711,26750976,5.102020919626311,781.1451929399084,0,0,0,0,8319,122077184,23.282901774390226,3575.215973073687,8319,122077184,23.282901774390226,3575.215973073687,
396,6032.243858987057,11998,83697664,15.963649290516306,940.7256891148525,18164,162258944,30.94763643899936,3252.439188009249,30162,245956608,46.91128572951567,2332.8735570917047,10029,63176704,12.049688101053318,829.6113302422974,7871,32239616,6.149059585282071,2358.325441367044,17900,95416320,18.198747686335388,1501.8185240223463,1969,20520960,3.9139611894629875,1506.6809481970545,1873,7671808,1.4632433748231888,1460.831940202883,3842,28192768,5.377204564286177,1484.3292584591359,0,0,0,0,8420,122347520,23.3353334788941,4486.7918809976245,8420,122347520,23.3353334788941,4486.7918809976245,
401,5945.94991978175,11676,81354752,15.515491166525978,657.2205618362452,18057,159207424,30.363086605160518,2777.820236750291,29733,240562176,45.878577771686494,1945.0713784347358,9924,63361024,12.083835104973836,632.6287032446595,7922,32448512,6.188385913866619,1559.4826191618276,17846,95809536,18.272221018840455,1044.0674974784265,1752,17993728,3.4316560615521405,796.5182813926941,1849,7573504,1.444373334352358,1162.6288837209302,3601,25567232,4.8760293959044985,984.5045362399334,0,0,0,0,8286,119185408,22.73032735694154,4303.062744388125,8286,119185408,22.73032735694154,4303.062744388125,
406,5969.622613986129,11840,81637376,15.568544765098663,579.4200877533783,18013,160043008,30.52078418577593,2077.844998667629,29853,241680384,46.089328950874595,1483.5546109268748,10051,63369216,12.08474015658228,450.41257785295,7721,31625216,6.031043807702914,1238.5264338816216,17772,94994432,18.115783964285193,792.8066293045239,1789,18268160,3.4838046085163836,1304.2129787590832,1845,7557120,1.4411702920880556,1266.7989490514906,3634,25825280,4.924974900604439,1285.2176884975233,0,0,0,0,8447,120860672,23.048570085984963,3022.175364508109,8447,120860672,23.048570085984963,3022.175364508109,
411,5899.649446825648,11682,80023552,15.201568097661353,5100.087284454717,17936,162410496,30.85209482726981,5236.031164027654,29618,242434048,46.05366292493116,5182.411864913229,9832,62676992,11.906351795588577,5014.825569670464,7912,32407552,6.1562577053128225,5090.531758468149,17744,95084544,18.0626095009014,5048.582747633002,1850,17346560,3.295216302072776,5553.218732972973,1765,7229440,1.3733309972038843,5749.765780736544,3615,24576000,4.668547299276661,5649.181537759336,0,0,0,0,8259,122773504,23.322506124753104,5265.629141784721,8259,122773504,23.322506124753104,5265.629141784721,
416,4881.590927561861,9753,66973696,12.773148372939495,10345.713783451247,14657,132759552,25.319753229999076,63537.28576509518,24410,199733248,38.092901602938575,42284.62695571488,8260,51118080,9.749183028211418,9808.144977845035,6455,26439680,5.042546189671851,11685.996197211465,14715,77557760,14.791729217883269,10631.898265035677,1493,15855616,3.0239653447280768,13319.805099129271,1510,6184960,1.1795886516505802,15102.566174172185,3003,22040576,4.203553996378657,14216.231746919748,0,0,0,0,6692,100134912,19.097618388676647,124481.1741008667,6692,100134912,19.097618388676647,124481.1741008667,
421,7133.144533028649,13992,95264768,18.169152359649704,894.6382197684391,21676,196358144,37.44995248814374,30090.730285615424,35668,291622912,55.619104847793444,18637.558810194012,11868,74625024,14.232684961753286,800.3550772665993,9276,37994496,7.246412300632498,1463.8541969598964,21144,112619520,21.479097262385785,1091.4361326144533,2124,20639744,3.936467397896416,1421.4519369114878,2192,8978432,1.712390660089094,2053.4401218065696,4316,29618176,5.64885805798551,1742.4246202502316,0,0,0,0,10208,149385216,28.49114952742215,62124.49229947101,10208,149385216,28.49114952742215,62124.49229947101,
426,5950.741976150689,11850,83267584,15.880808916842318,3297.3122453164556,17906,159735808,30.464842645433453,10222.095098067686,29756,243003392,46.34565156227577,7464.376426031725,9959,63832064,12.174062972112287,3243.424593633899,7722,31629312,6.03234819498531,4864.236035483035,17681,95461376,18.206411167097595,3951.297788247271,1891,19435520,3.706745944730031,3581.112945002644,1816,7438336,1.4186408083518938,4520.233569933921,3707,26873856,5.125386753081925,4041.173116266523,0,0,0,0,8368,120668160,23.01385364209625,16403.735659297323,8368,120668160,23.01385364209625,16403.735659297323,
431,5979.684737494709,11799,81395712,15.522624076113662,699.0192017967624,18104,163889152,31.254591109775554,3137.554173000442,29903,245284864,46.77721518588922,2175.367297929974,9863,63229952,12.058310580865871,686.6151822974754,7866,32219136,6.1443720301283244,1967.8748713450293,17729,95449088,18.202682610994195,1255.084284562017,1936,18165760,3.46431349524779,762.2117866735538,1868,7651328,1.4591516593287197,967.5596375802997,3804,25817088,4.92346515457651,863.0503212407991,0,0,0,0,8370,124018688,23.651067420318512,4721.0962493428915,8370,124018688,23.651067420318512,4721.0962493428915,
436,6012.126859404104,11802,81707008,15.581593747842385,637.6944650906626,18264,165732352,31.605296081070712,1446.3530422689444,30066,247439360,47.186889828913095,1128.9250994811414,9859,61779968,11.78149080101798,379.19572766000607,7897,32346112,6.168430209881257,1036.1181183993922,17756,94126080,17.94992101089924,671.3626638882631,1943,19927040,3.8001029468244036,1949.3460617601647,1856,7602176,1.4497412269899472,2012.8642882543104,3799,27529216,5.249844173814351,1980.3778670702816,0,0,0,0,8511,125784064,23.987124644199508,1703.4533032546117,8511,125784064,23.987124644199508,1703.4533032546117,
441,5957.9243816517655,11917,80977920,15.444598020539893,963.9931069900143,17874,160092160,30.533743734587844,16754.014473201296,29791,241070080,45.97834175512774,10437.687910778424,10077,62705664,11.959602989198038,747.8556138731765,7692,31506432,6.009097014364838,2031.075146125845,17769,94212096,17.968700003562876,1303.3468988125387,1840,18272256,3.4849950313418545,2147.698279891304,1863,7630848,1.4554014219658988,2265.9538878153517,3703,25903104,4.940396453307753,2207.1933372940857,0,0,0,0,8319,120954880,23.06924529825711,33611.822644188,8319,120954880,23.06924529825711,33611.822644188,
446,6007.5602513956455,11870,81166336,15.480116867829368,1352.6794360572874,18170,166842368,31.820327027517845,2525.8448816180517,30040,248008704,47.300443895347215,2062.2805061584554,10015,63016960,12.018651494325535,1343.2538078881678,7857,32182272,6.137831965610383,1860.6550897289042,17872,95199232,18.15648345993592,1570.716983325873,1855,18149376,3.461465373503832,1403.567665768194,1831,7499776,1.4303640484959412,1541.56481540142,3686,25649152,4.891829421999773,1472.116982365708,0,0,0,0,8482,127160320,24.25213101341152,3354.4953173779772,8482,127160320,24.25213101341152,3354.4953173779772,
451,5980.193204918974,11639,81850368,15.611178915433104,582.7314029555804,18263,161325056,30.76924849938689,2325.2001810764937,29902,243175424,46.38042741482,1646.9648085746771,9885,63778816,12.164423104249055,265.69793737986845,8002,32776192,6.2513463284439625,389.99682541864536,17887,96555008,18.41576943269302,321.30478604573153,1754,18071552,3.4467558111840493,2369.4336875712656,1896,7766016,1.4811987801461826,3454.373744198312,3650,25837568,4.927954591330232,2933.0080293150686,0,0,0,0,8365,120782848,23.036703390796745,3920.4881878063356,8365,120782848,23.036703390796745,3920.4881878063356,
456,6009.5527831843565,11795,79839232,15.226485138003607,413.9936669775328,18256,167706624,31.984055381203554,1159.7179606704644,30051,247545856,47.21054051920716,867.0216096635719,9945,61681664,11.763576836301883,228.0381154348919,7898,32350208,6.169648041245254,409.31341782729805,17843,94031872,17.933224877547136,308.27755601636494,1850,18157568,3.4629083017017233,1413.6304021621622,1901,7786496,1.4849963188664506,1047.7279810625987,3751,25944064,4.947904620568174,1228.1917184750732,0,0,0,0,8457,127569920,24.32941102109185,1885.6950247132552,8457,127569920,24.32941102109185,1885.6950247132552,
461,6012.848611532281,11707,81420288,15.528780004308059,4047.185094046297,18359,163827712,31.24583025617816,16044.815277738438,30066,245248000,46.77461026048622,11373.217574003858,9885,62332928,11.888367748544121,4466.07681557916,7987,32714752,6.239479117336174,7758.628916113685,17872,95047680,18.127846865880297,5937.518938842883,1822,19087360,3.640412255763938,1774.5480647639956,1839,7532544,1.4366347936373136,2431.614640565525,3661,26619904,5.077047049401251,2104.6069101338435,0,0,0,0,8533,123580416,23.56971634520467,26734.660167233094,8533,123580416,23.56971634520467,26734.660167233094,
466,6000.464364303417,11660,82051072,15.649646252266185,955.9489984562608,18343,168095744,32.06099403687859,10427.779168238565,30003,250146816,47.71064028914478,6746.762610572276,9875,63639552,12.138006880064882,718.3603260759494,7825,32051200,6.113143067291479,1491.4857096485623,17700,95690752,18.25114994735636,1060.1516326553672,1785,18411520,3.511639372201303,2270.340113165266,1851,7581696,1.446061062946521,1757.0240983252297,3636,25993216,4.957700435147824,2009.023297029703,0,0,0,0,8667,128462848,24.501789906640592,20347.71270324218,8667,128462848,24.501789906640592,20347.71270324218,
471,5993.688418107585,11882,80330752,15.321078533732424,551.9085403972394,18088,164163584,31.31009109491443,2682.2796538036264,29970,244494336,46.63116962864686,1837.6660545545546,10073,62291968,11.880632385325448,186.67637943015984,7882,32284672,6.157492402757443,304.95157054047195,17955,94576640,18.038124788082893,238.5975744360902,1809,18038784,3.4404461484069753,2585.619738529574,1845,7557120,1.4413313223912054,3753.5525615176152,3654,25595904,4.8817774707981805,3175.3395136836343,0,0,0,0,8361,124321792,23.711267369765782,4687.016101303671,8361,124321792,23.711267369765782,4687.016101303671,
476,6013.6932968309075,12023,83587072,15.942155687306224,2634.1900419196536,18047,162156544,30.927328931482634,2957.5837843962986,30070,245743616,46.86948461878886,2828.280060891254,10217,64376832,12.278280047894935,2625.053557404326,7848,32145408,6.1309373172920685,2912.9376774974517,18065,96522240,18.409217365187004,2750.1194070855245,1806,19210240,3.6638756394112897,2685.8774518272426,1855,7598080,1.4491448424537192,3025.171129380054,3661,26808320,5.113020481865009,2857.7948983884185,0,0,0,0,8344,122413056,23.347246771736845,2984.550241970278,8344,122413056,23.347246771736845,2984.550241970278,
481,5970.074405156709,11767,82231296,15.684045048470697,858.5446865811166,18084,159633408,30.44701572395141,4932.3443755253265,29851,241864704,46.13106077242211,3326.4885938159528,9934,62943232,12.005216191464894,932.1067478357157,7856,32178176,6.13737088567373,2086.7405528258655,17790,95121408,18.142587077138625,1441.988882293423,1833,19288064,3.678828857005804,459.87282815057284,1865,7639040,1.4570005984956091,756.6118686327078,3698,26927104,5.135829455501413,609.5262382368849,0,0,0,0,8363,119816192,22.85264423978207,8536.649619634103,8363,119816192,22.85264423978207,8536.649619634103,
486,5977.360812218851,11807,82591744,15.751967621028651,12362.197939612095,18082,163950592,31.26879626894038,16153.57761575047,29889,246542336,47.02076388996903,14655.875456555923,9924,62472192,11.914749561393027,12674.641035066506,7947,32550912,6.208137605847783,14918.206868378003,17871,95023104,18.122887167240812,13672.325421912596,1883,20119552,3.837218059635625,10715.524928836961,1833,7507968,1.4319260389479032,12348.345438079652,3716,27627520,5.269144098583528,11520.950115446716,0,0,0,0,8302,123891712,23.628732624144696,18176.28080908215,8302,123891712,23.628732624144696,18176.28080908215,
491,5905.44671302818,11550,79974400,15.251960740391878,192.53779896103896,17981,164511744,31.374122979620967,311.7990252488738,29531,244486144,46.62608372001284,265.15423964647323,9778,61546496,11.73756527964806,182.6378194927388,7769,31821824,6.068757131477823,306.7375106191273,17547,93368320,17.806322411125883,237.58342275032768,1772,18427904,3.5143954607438186,247.16646670428892,1888,7733248,1.4748118759467281,285.70485911016954,3660,26161152,4.989207336690547,267.0463806010929,0,0,0,0,8324,124956672,23.830553972196416,322.44158805862565,8324,124956672,23.830553972196416,322.44158805862565,
496,5946.7427393125145,11604,78028800,14.880166981896588,482.940280592899,18135,160845824,30.673452872026097,1271.5354366142817,29739,238874624,45.55361985392268,963.8297911496687,9794,60178432,11.47608468756035,278.0102240147029,7911,32403456,6.179370130907292,474.1538002780938,17705,92581888,17.655454818467643,365.65167173114935,1810,17850368,3.404082294336238,1591.8270066298342,1765,7229440,1.378661140317453,2394.782709348442,3575,25079808,4.782743434653691,1988.2512906293707,0,0,0,0,8459,121212928,23.11542160080135,1782.890760964653,8459,121212928,23.11542160080135,1782.890760964653,
501,6022.504631827384,11892,82395136,15.713288899054064,300.0681705348133,18225,165998592,31.657012289320143,610.6522775308642,30117,248393728,47.370301188374206,488.01502281103694,10050,63889408,12.184126081101873,213.95849651741295,7900,32358400,6.170957561270983,471.37504518987345,17950,96247808,18.355083642372858,327.25045944289695,1842,18505728,3.52916281795219,769.88479587405,1837,7524352,1.4349429164626324,756.9282493195428,3679,26030080,4.964105734414822,763.4153269910302,0,0,0,0,8488,126115840,24.051111811586527,708.623669533459,8488,126115840,24.051111811586527,708.623669533459,
506,6060.9526684355815,11937,80039936,15.264775916978873,10689.396778420038,18371,167190528,31.885656997044354,18327.867897066026,30308,247230464,47.15043291402323,15319.40710310809,10077,62074880,11.838579347106844,11060.430436141709,8012,32817152,6.258706547609372,13254.042559036445,18089,94892032,18.097285894716215,12032.027557521145,1860,17965056,3.42619656987203,8679.232171505377,1864,7634944,1.456094483867183,8261.533724248928,3724,25600000,4.8822910537392135,8470.158620032224,0,0,0,0,8495,126738432,24.170855965567796,25321.998033196,8495,126738432,24.170855965567796,25321.998033196,
511,6002.6168997917375,11904,81805312,15.601609444056995,404.8309170026882,18112,162988032,31.084480422487278,819.8832643551236,30016,244793344,46.68608986654427,655.278282249467,10018,62074880,11.838693727452622,314.0464605709722,7941,32526336,6.203303654879662,691.9681975821685,17959,94601216,18.041997382332283,481.1535664012473,1886,19730432,3.762915716604373,887.0571548250265,1819,7450624,1.4209557169407006,751.9334711379879,3705,27181056,5.183871433545074,820.7170790823211,0,0,0,0,8352,123011072,23.460221050666917,956.3025913553639,8352,123011072,23.460221050666917,956.3025913553639,
516,5950.303968289771,11843,81825792,15.60415700173026,923.3992969686735,17914,162381824,30.96617110560116,1333.0229994975996,29757,244207616,46.57032810733142,1169.9967028598312,9992,62599168,11.937644864466314,888.2025731585268,7803,31961088,6.09497107095666,1263.5217094707164,17795,94560256,18.032615935422974,1052.7777471199777,1851,19226624,3.666512137263945,1113.3969546191247,1836,7520256,1.4341108402250966,1242.0569896514162,3687,26746880,5.100622977489042,1177.465255221047,0,0,0,0,8275,122900480,23.437089194419404,1418.7428980060422,8275,122900480,23.437089194419404,1418.7428980060422,
521,6008.8902638212,11888,83365888,15.897316169224933,283.40334808209957,18163,162947072,31.072914648656525,1052.7031745306392,30051,246312960,46.97023081788146,748.3726585138597,10082,65335296,12.459003105945408,261.5837045229121,7867,32223232,6.144754400004547,838.8411232998602,17949,97558528,18.603757505949954,514.5941292551116,1806,18030592,3.4383130632795242,405.2115686600222,1845,7557120,1.441092140334103,602.9120509485094,3651,25587712,4.8794052036136275,505.1177285675157,0,0,0,0,8451,123166720,23.487068108317875,1349.9836596852442,8451,123166720,23.487068108317875,1349.9836596852442,
526,5891.505873225109,11935,81870848,15.593672056947836,11157.357533640552,17564,155480064,29.61377814737257,38355.42771526987,29499,237350912,45.20745020432041,27351.360878504354,10100,63696896,12.132138991274555,11146.392320990099,7782,31875072,6.071140481647392,11818.1335844256,17882,95571968,18.203279472921945,11438.724862767027,1835,18173952,3.4615330656732817,11217.711020163488,1817,7442432,1.4175356277503612,10982.453744083654,3652,25616384,4.879068693423642,11100.662150876231,0,0,0,0,7965,116162560,22.125102037974816,70527.41975944758,7965,116162560,22.125102037974816,70527.41975944758,
531,6087.3850852305695,11869,80539648,15.360167148859524,2436.93508871851,18571,169680896,32.36079358738009,7593.5949310214855,30440,250220544,47.72096073623961,5582.938043101182,9966,61435904,11.716785183631389,1384.7666934577564,7933,32493568,6.197030259467152,1571.1087511660155,17899,93929472,17.913815443098542,1467.355192468853,1903,19103744,3.643381965228135,7947.13489280084,1916,7847936,1.496723809043119,6429.680241127348,3819,26951680,5.140105774271254,7185.824834511653,0,0,0,0,8722,129339392,24.667039518869817,13326.96381552396,8722,129339392,24.667039518869817,13326.96381552396,
536,6043.789651944953,11936,82284544,15.693985036544788,543.4366045576407,18284,164810752,31.434062218898532,2796.7170626777506,30220,247095296,47.12804725544332,1906.738388021178,10060,63635456,12.137077581151866,395.94369075546723,7929,32477184,6.1943156630376635,1122.0769110858873,17989,96112640,18.331393244189528,716.0009648674189,1876,18649088,3.5569074553929223,1334.3634237739873,1882,7708672,1.4702613290247046,2425.883064824655,3758,26357760,5.0271687844176265,1880.9946011176157,0,0,0,0,8473,124624896,23.769485226836164,4446.207366694205,8473,124624896,23.769485226836164,4446.207366694205,
541,5979.385765783275,11713,80347136,15.324450943312044,1607.1655384615385,18185,164962304,31.462935220786562,5443.609090074237,29898,245309440,46.787386164098606,3940.623495049836,9921,62898176,11.996445181764873,1837.5797229109967,7840,32112640,6.124780556462399,3280.185280484694,17761,95010816,18.12122573822727,2474.3697443837623,1792,17448960,3.3280057615471708,331.52986662946427,1839,7532544,1.4366672759355041,445.903339314845,3631,24981504,4.764673037482675,389.45683337923435,0,0,0,0,8506,125317120,23.90148738838866,8518.14747977898,8506,125317120,23.90148738838866,8518.14747977898,
546,6001.996482175306,11795,82857984,15.802843815328588,574.8254592623994,18217,165781504,31.618186790331173,1569.6938567821264,30012,248639488,47.42103060565976,1178.7011622351058,10017,64970752,12.391354421807408,367.55207257661976,7864,32210944,6.143336979768848,948.3569909715158,17881,97181696,18.534691401576257,622.9880033555171,1778,17887232,3.4114893935211796,1742.574342519685,1873,7671808,1.4631828793371124,2038.2173048585157,3651,25559040,4.874672272858292,1894.242178307313,0,0,0,0,8480,125898752,24.011666931225214,2042.4118632075472,8480,125898752,24.011666931225214,2042.4118632075472,
551,6054.676339029283,12048,81047552,15.456746344220191,471.9882944887118,18229,163463168,31.174399004656564,1249.9554959679633,30277,244510720,46.63114534887676,940.3822607259636,10156,61923328,11.809526013641323,412.12857936195354,7965,32624640,6.221912600784042,965.58437564344,18121,94547968,18.031438614425365,655.397461729485,1892,19124224,3.6472203305788686,793.3071458773784,1887,7729152,1.4740425709578764,1551.3291287758345,3779,26853376,5.1212629015367455,1171.8166673723208,0,0,0,0,8377,123109376,23.478443832914646,1452.4532789781545,8377,123109376,23.478443832914646,1452.4532789781545,
556,6055.9096761071805,11817,80609280,15.374770685295228,717.5107841245664,18463,166154240,31.69093357972566,5479.044013919732,30280,246763520,47.065704265020884,3620.819503467635,10034,61984768,11.822479917712027,696.996787622085,8000,32768000,6.249906782640337,1878.936023375,18034,94752768,18.072386700352364,1221.3127400465787,1783,18624512,3.552290767583201,832.9552265844084,1879,7696384,1.4679468555726491,1226.4505529536987,3662,26320896,5.02023762315585,1034.8606657564171,0,0,0,0,8584,125689856,23.973079941512673,9765.09795584809,8584,125689856,23.973079941512673,9765.09795584809,
561,6029.340365751039,11912,80842752,15.418867285820712,1474.1684644056413,18236,165502976,31.565828218618417,36665.84260397017,30148,246345728,46.98469550443913,22760.999086970944,10072,62935040,12.003389362447953,704.5716897339158,8010,32808960,6.257543038933166,1636.5286481897629,18082,95744000,18.26093240138112,1117.4118200973344,1840,17907712,3.4154779233727597,5686.8742875,1829,7491584,1.4288447213743771,8208.05796883543,3669,25399296,4.844322644747137,6943.6867576996465,0,0,0,0,8397,125202432,23.879440458310874,76279.28703453614,8397,125202432,23.879440458310874,76279.28703453614,
566,6057.662084224423,11927,81481728,15.540539348985387,2942.473959671334,18363,165683200,31.599799762049912,6344.025131024342,30290,247164928,47.1403391110353,5004.629263717398,10053,62787584,11.975113239863118,3083.355382174475,8011,32813056,6.258244645087314,4744.316596554738,18064,95600640,18.233357884950433,3819.9563724534987,1874,18694144,3.5654261091222694,2186.7210565635005,1894,7757824,1.4796049629004335,2525.509920274551,3768,26451968,5.045031072022703,2357.014609607219,0,0,0,0,8458,125112320,23.861950154062164,8714.270210096949,8458,125112320,23.861950154062164,8714.270210096949,
571,5988.696406925924,11780,80961536,15.440889066373874,589.0915348896434,18166,162357248,30.964583669580474,3644.81230887372,29946,243318784,46.40547273595435,2442.7689402257397,9967,62828544,11.982586127143016,601.7652437042238,7880,32276480,6.155732360772343,1534.3864455583757,17847,95105024,18.13831848791536,1013.5462192525355,1813,18132992,3.458302939230858,519.4175934914507,1874,7675904,1.4639393964577883,764.1162251867662,3687,25808896,4.922242335688646,643.7911318144833,0,0,0,0,8412,122404864,23.34491191235034,6263.521327389443,8412,122404864,23.34491191235034,6263.521327389443,
576,6008.576920476729,11850,81944576,15.628587050551443,16929.793127341774,18195,165740544,31.61027423840416,30882.49001478428,30045,247685120,47.238861288955604,25379.42933526377,9947,63029248,12.021028568123844,17292.967267919976,7772,31834112,6.071447493596212,21123.873745496654,17719,94863360,18.092476061720056,18973.299405384052,1903,18915328,3.6075584824276,15031.478268523384,1868,7651328,1.4592722488468508,14253.001914346894,3771,26566656,5.066830731274451,14645.852750198886,0,0,0,0,8555,126255104,24.079554495961098,43379.0241371128,8555,126255104,24.079554495961098,43379.0241371128,
581,5982.091379577567,11736,80384000,15.331752862164231,1044.474550357873,18175,164196352,31.317400101175924,5911.0758388445665,29911,244580352,46.64915296334016,4001.5966264584936,9905,61435904,11.717755983673952,1124.8189551741543,7767,31813632,6.067858572251189,2877.2427092828634,17672,93249536,17.78561455592514,1895.0246646672701,1831,18948096,3.6139968784902794,609.8424751501911,1866,7643136,1.45778603010438,1091.53497642015,3697,26591232,5.071782908594659,852.9688498782797,0,0,0,0,8542,124739584,23.791755498820358,9722.483608288458,8542,124739584,23.791755498820358,9722.483608288458,
586,5996.410147125851,11842,82386944,15.709373449963293,928.642826802905,18149,162992128,31.079004558734677,3996.794565265304,29991,245379072,46.78837800869797,2785.3293628088427,9969,63606784,12.128411072112955,877.2976112950145,7984,32702464,6.2356387404050375,2348.7386475450903,17953,96309248,18.364049812517994,1531.6721020999275,1873,18780160,3.580962377850338,1201.9265712760277,1881,7704576,1.4690927443263873,1471.7004003189793,3754,26484736,5.050055122176725,1337.1009379328716,0,0,0,0,8284,122585088,23.374273074003252,6158.525682037663,8284,122585088,23.374273074003252,6158.525682037663,
591,5996.593651625066,11998,82829312,15.79736701985916,1562.3216843640607,17987,162291712,30.95259005344969,28325.419807527658,29985,245121024,46.74995707330885,17616.61036008004,10118,63643648,12.138239974016992,974.5412217829611,7862,32202752,6.1417713139221,2236.237505087764,17980,95846400,18.280011287939093,1526.2351138487209,1880,19185664,3.659127045842167,4725.706110106383,1825,7475200,1.4256846410465318,6770.79154630137,3705,26660864,5.084811686888699,5733.069381646424,0,0,0,0,8300,122613760,23.385134098481057,57777.26894469879,8300,122613760,23.385134098481057,57777.26894469879,
596,6013.905006590435,11781,81960960,15.62944696117162,19908.46998327816,18295,162295808,30.948804444902702,34684.79499764963,30076,244256768,46.57825140607432,28896.795097586113,9982,63500288,12.109111256324018,21210.13799679423,8034,32907264,6.275211238683298,25716.772088125468,18016,96407552,18.384322495007318,23219.812635435166,1799,18460672,3.5203357048476005,12685.985207893274,1903,7794688,1.4863986790159716,14733.155701523909,3702,26255360,5.006734383863573,13738.325955969745,0,0,0,0,8358,121593856,23.187194527203435,47847.88014189997,8358,121593856,23.187194527203435,47847.88014189997,
