5,9211.97748277186,18416,126898176,24.179174460507195,3152.786532634666,27691,249696256,47.57711675823825,38717.15558394424,46107,376594432,71.75629121874545,24512.07998915566,15535,97468416,18.571628916504608,3578.815613131638,12004,49168384,9.368542339625202,5680.809054648451,27539,146636800,27.94017125612981,4495.055464686445,2881,29429760,5.607545544002589,855.5419073238459,2884,11812864,2.2508227347116865,1570.4814077669903,5765,41242624,7.858368278714275,1213.1976782307024,0,0,0,0,12803,188715008,35.95775168390136,78059.44349004139,12803,188715008,35.95775168390136,78059.44349004139,
10,8871.79058428426,17641,122204160,23.306992760037524,6099.086950116207,26721,237944832,45.38125769787498,24548.431567643427,44362,360148992,68.6882504579125,17211.862242595013,14843,93478912,17.828462837927816,6553.027409485953,11751,48132096,9.17983817406405,7931.281803676283,26594,141611008,27.00830101199187,7162.031973903888,2798,28725248,5.478529922109709,3690.996085775554,2784,11403264,2.174850606467051,4402.847919181035,5582,40128512,7.6533805285767595,4046.0293183446793,0,0,0,0,12186,178409472,34.02656891734387,45174.841526095515,12186,178409472,34.02656891734387,45174.841526095515,
15,5451.877434633408,11196,78204928,13.862406013943769,31705.31495051804,18136,166133760,29.44844644244274,101604.86435029775,29332,244338688,43.310852456386506,74924.26449076094,9441,59744256,10.590114393724601,31496.328516788475,7711,31584256,5.598544638009763,35017.477174426145,17152,91328512,16.188659031734364,33079.3262604361,1755,18460672,3.272291620219167,32829.554791452996,1765,7229440,1.2814720900126093,29311.50506515581,3520,25690112,4.5537637102317765,31065.532698579547,0,0,0,0,8660,127320064,22.56842971442037,175629.47424076212,8660,127320064,22.56842971442037,175629.47424076212,
20,6545.133320980334,13053,91209728,17.388727626436236,62161.887578640926,19688,173654016,33.106363232009635,88886.25647287688,32741,264863744,50.49509085844587,78231.9335390489,11083,71176192,13.569423386230575,61633.75058657403,8721,35721216,6.8100904270769895,63953.43557470474,19804,106897408,20.379513813307565,62655.260018077155,1970,20033536,3.819304240205659,65133.127316243656,1960,8028160,1.5305328789210983,65126.69325408163,3930,28061696,5.349837119126758,65129.918470992365,0,0,0,0,9007,129904640,24.76573992601155,118197.6670381925,9007,129904640,24.76573992601155,118197.6670381925,
25,9151.063695791483,18123,125210624,23.878544333030973,1304.9938755172984,27639,246878208,47.08140608409748,62333.95577665617,45762,372088832,70.95995041712845,38164.82251031423,15241,95186944,18.152817944823408,1198.6199268420708,11921,48828416,9.311921456183134,2178.744830802785,27162,144015360,27.464739401006543,1628.78224847213,2882,30023680,5.725726388207565,1867.5356353226925,2783,11399168,2.173901301279898,3822.8268943586054,5665,41422848,7.899627689487462,2828.0961955869375,0,0,0,0,12935,186650624,35.59558332663445,130362.30841407036,12935,186650624,35.59558332663445,130362.30841407036,
30,7716.872592184256,15358,107614208,20.51162088022772,2035.0447626644093,23253,209973248,40.021589509500764,74941.20877826517,38611,317587456,60.53321038972849,45941.88560736578,12877,81154048,15.468227629123122,1521.3819188475577,10207,41807872,7.968717478951179,3043.092387381209,23084,122961920,23.4369451080743,2194.2331903916133,2481,26460160,5.043393251104597,4701.081215638856,2343,9596928,1.8292059423123948,4629.31904609475,4824,36057088,6.872599193416992,4666.226579809287,0,0,0,0,10703,158568448,30.22366608823719,158899.4290570868,10703,158568448,30.22366608823719,158899.4290570868,
35,6651.603505054549,13199,93057024,17.723116109148215,52574.37975884537,20108,181538816,34.574859328031955,89608.94415794707,33307,274595840,52.29797543718017,74932.77351802924,11157,71614464,13.63928703078249,53056.48133799408,8638,35381248,6.738513004569843,59659.655610558,19795,106995712,20.377800035352333,55937.92712563778,2042,21442560,4.083829078365725,49940.29194368266,2026,8298496,1.580484758886143,49706.59744225074,4068,29741056,5.664313837251868,49823.90426917404,0,0,0,0,9444,137859072,26.25586156457597,125562.36526323592,9444,137859072,26.25586156457597,125562.36526323592,
40,8011.429393424933,15828,108863488,20.76206543014558,5012.422882486732,24233,221040640,42.15610132206359,73128.00866545619,40061,329904128,62.91816675220917,46215.712622600535,13340,83644416,15.952371816878728,5152.940012068965,10385,42536960,8.11250092151636,7299.421606066442,23725,126181376,24.06487273839509,6092.506349420442,2488,25219072,4.809693613266849,4259.007083199357,2518,10313728,1.9669982975809528,3706.0883752978557,5006,35532800,6.776691910847802,3980.890961246504,0,0,0,0,11330,168189952,32.07660210296628,148894.49338764342,11330,168189952,32.07660210296628,148894.49338764342,
45,13332.569796535478,26373,184573952,35.17769533073793,2806.295577749972,40341,364843008,69.534926461205,43778.10570826206,66714,549416960,104.71262179194294,27581.36216759601,22156,141537280,26.975395281027232,2918.5974930944217,17568,71958528,13.71447675581208,3980.8126850523677,39724,213495808,40.68987203683931,3388.3637928708085,4217,43036672,8.202300049710697,2216.2644569599242,4048,16580608,3.1600752451916723,2912.273110918972,8265,59617280,11.36237529490237,2557.152905989111,0,0,0,0,18725,276303872,52.66037446020125,89950.8017929506,18725,276303872,52.66037446020125,89950.8017929506,
50,14385.428845749404,28524,201080832,38.26648291716137,3604.0469945309214,43566,392892416,74.76899103513884,35405.31099208098,72090,593973248,113.0354739523002,22822.438828589264,24076,153931776,29.293829840092915,3794.1414181757764,18942,77586432,14.765006913893723,4922.012524390244,43018,231518208,44.05883675398664,4290.773862592403,4448,47149056,8.972653077068454,2575.109642086331,4374,17915904,3.40946786196659,3112.1914007773203,8822,65064960,12.382120939035042,2841.397968147812,0,0,0,0,20250,297390080,56.59451625927852,70894.92801269137,20250,297390080,56.59451625927852,70894.92801269137,
55,3722.1974290914336,7405,51269632,9.777323440173028,2917.774703848751,11209,99151872,18.908657706820204,153053.62518743868,18614,150421504,28.68598114699323,93326.75440034382,6200,39235584,7.482382458529795,2406.949547419355,4883,20000768,3.814226280927131,4125.68919844358,11083,59236352,11.296608739456925,3164.1999052603087,1205,12034048,2.294940981643234,5546.086712033195,1158,4743168,0.9045410676456312,5220.832401554404,2363,16777216,3.199482049288865,5386.694206093948,0,0,0,0,5168,74407936,14.189890358247442,326893.69590731425,5168,74407936,14.189890358247442,326893.69590731425,
60,10580.399291215368,20881,145801216,27.78783706430901,3450.562390259087,32062,289722368,55.21735810399396,55701.81588010729,52943,435523584,83.00519516830298,35093.64437260827,17697,112881664,21.513793731185864,3585.640900435102,13852,56737792,10.813493623294988,5092.302104389258,31549,169619456,32.32728735448085,4247.160156106374,3184,32919552,6.274043333123146,2699.7821155778897,3191,13070336,2.4910379838243073,3579.381781259793,6375,45989888,8.765081316947454,3140.064865882353,0,0,0,0,15019,219914240,41.912826496874665,113453.04246181503,15019,219914240,41.912826496874665,113453.04246181503,
65,7964.835547827855,15514,105959424,20.2082166976945,10102.310952623437,24314,218763264,41.721776860611755,74008.26938623837,39828,324722688,61.92999355830626,49115.30365511701,13049,81616896,15.565693529640134,10961.734815771322,10547,43200512,8.239052978877572,14714.115330804969,23596,124817408,23.804746508517706,12638.983387226648,2465,24342528,4.642523168054367,5552.768563083165,2551,10448896,1.9927774864052987,6148.534805174441,5016,34791424,6.635300654459665,5855.75893062201,0,0,0,0,11216,165113856,31.48994639532889,145199.92645996792,11216,165113856,31.48994639532889,145199.92645996792,
70,10642.636976197184,20866,146518016,27.9425150962066,862.0596539825553,32354,292241408,55.733487100840016,51605.727124312296,53220,438759424,83.67600219704661,31710.62442916197,17530,112082944,21.37538741138345,907.4285353108957,14109,57790464,11.021244737144023,1961.277212063222,31639,169873408,32.39663214852747,1377.3786279275578,3336,34435072,6.5671276848231495,623.6554304556355,3301,13520896,2.5785760066136807,1144.0999124507725,6637,47955968,9.14570369143683,882.5053980714179,0,0,0,0,14944,220930048,42.13366635708231,109622.81593843683,14944,220930048,42.13366635708231,109622.81593843683,
75,11693.28973055068,23181,160935936,30.68688169541207,1044.9572203097364,35303,318214144,60.67631651102971,44211.835875024786,58484,479150080,91.36319820644178,27102.003885165173,19529,123826176,23.610880876892985,1088.428973680168,15356,62898176,11.99327467650983,2034.5328399973953,34885,186724352,35.60415555340281,1504.8936711480578,3652,37109760,7.076000818519084,812.4928524096385,3614,14802944,2.822590171978805,1256.423831765357,7266,51912704,9.898590990497889,1033.2974986237268,0,0,0,0,16333,240513024,45.860451662541074,93370.93246047878,16333,240513024,45.860451662541074,93370.93246047878,
80,10828.495876289966,21411,147857408,28.19712500564936,1858.5169388164961,32740,297099264,56.65827096126574,42999.218465729995,54151,444956672,84.85539596691511,26732.417106701632,18078,115281920,21.984821410715313,1624.4253696758492,14206,58187776,11.09669116932392,2816.75161825989,32284,173469696,33.08151258003923,2149.0873287696695,3333,32575488,6.212303594934051,3128.2161248124817,3404,13942784,2.6589565493719993,4438.397168625147,6737,46518272,8.871260144306051,3790.2105248626985,0,0,0,0,15130,224968704,42.902623242569824,89403.26074798414,15130,224968704,42.902623242569824,89403.26074798414,
85,11633.172189536925,23125,163311616,31.14271935167092,1253.5608406054055,35053,317124608,60.47409797508007,26587.55974681197,58178,480436224,91.61681732675099,16517.62395139056,19411,125050880,23.846585784317252,1007.3408986141878,15206,62283776,11.877208759788015,2101.927173418387,34617,187334656,35.72379454410527,1488.1531843313978,3714,38260736,7.2961335673536665,2540.414716208939,3688,15106048,2.88064881665778,3211.6009785791757,7402,53366784,10.176782384011446,2874.829054985139,0,0,0,0,16159,239734784,45.71624039863428,54964.257862305836,16159,239734784,45.71624039863428,54964.257862305836,
90,8789.656239274003,17160,120336384,22.948313250540217,3463.365893531469,26796,243105792,46.36060751033265,55647.99589587998,43956,363442176,69.30892076087287,35275.61781688507,14512,92844032,17.705484068552202,2694.364074007718,11582,47439872,9.046848567608047,3875.8271479882574,26094,140283904,26.752332636160247,3218.764523262053,2648,27492352,5.242829181988017,7677.774656722055,2692,11026432,2.102755685028567,8592.0391333581,5340,38518784,7.3455848670165835,8138.673527715356,0,0,0,0,12522,184639488,35.21100325769604,113649.90406093275,12522,184639488,35.21100325769604,113649.90406093275,
95,10777.764789729541,21200,149180416,28.45011771852413,975.8048220283019,32696,296898560,56.621366322375046,36841.29193904454,53896,446078976,85.07148404089918,22733.596991724804,17848,115105792,21.951764315256725,778.4870981622591,14098,57745408,11.012596018663771,1772.4754629025394,31946,172851200,32.964360333920496,1217.1413261128155,3352,34074624,6.498353403267407,2026.4392896778043,3313,13570048,2.5879366300066016,1997.8233383640204,6665,47644672,9.08629003327401,2012.2150366091523,0,0,0,0,15285,225583104,43.02083367370467,76739.00774896958,15285,225583104,43.02083367370467,76739.00774896958,
100,9452.330905393226,18605,128782336,24.562062298709478,853.6817300725612,28659,261881856,49.947521234384695,9880.30419522663,47264,390664192,74.50958353309417,6327.064711387103,15688,99393536,18.956871719744417,467.45488080061193,12352,50593792,9.649521119355601,868.4534104598445,28040,149987328,28.606392839100018,644.1001674750356,2917,29388800,5.605190578965062,2930.859245114844,2986,12230656,2.332696734326087,4090.3627474882783,5903,41619456,7.9378873132911485,3517.3876981196004,0,0,0,0,13321,199057408,37.965303380703006,19534.470253059077,13321,199057408,37.965303380703006,19534.470253059077,
105,9171.254339714802,17860,126439424,24.11497148636447,602.5228774356103,27999,251478016,47.96277136858444,2153.785764670167,45859,377917440,72.07774285494891,1549.6392467345559,15057,97386496,18.57389491268916,370.4697312213588,12136,49709056,9.48068592952539,560.6984343276204,27193,147095552,28.05458084221455,455.3671511786121,2803,29052928,5.541076573675311,1849.0531031038174,2971,12169216,2.3209556605652546,1368.8176307640524,5774,41222144,7.862032234240566,1601.9489139244893,0,0,0,0,12892,189599744,36.161129778493795,3834.3510894353085,12892,189599744,36.161129778493795,3834.3510894353085,
110,9178.455680386267,18022,125726720,23.943570874046827,14166.638053545666,27941,250601472,47.72489178093934,19961.037827672597,45963,376328192,71.66846265498617,17689.06531218589,15242,96591872,18.395090026120616,14874.91396089752,12128,49676288,9.46042116176706,16511.349389676783,27370,146268160,27.855511187887675,15600.039605042017,2780,29134848,5.548480847926212,10283.34978741007,2843,11644928,2.2176762337486604,12146.760921209989,5623,40779776,7.766157081674873,11225.494168237596,0,0,0,0,12970,189280256,36.04679438542362,24899.650828527374,12970,189280256,36.04679438542362,24899.650828527374,
115,9250.269058539425,18297,127578112,24.33167110028033,2919.7444220910534,27958,247218176,47.14939932990399,14558.850450103726,46255,374796288,71.48107043018432,9954.792013295859,15448,98029568,18.696178907856588,3115.7549027705854,12135,49704960,9.479719677718618,4552.458093366296,27583,147734528,28.175898585575208,3747.8251350832033,2849,29548544,5.635492192423743,1856.9259224289226,2840,11632640,2.2185746917775755,2104.064665492958,5689,41181184,7.854066884201318,1980.299807171735,0,0,0,0,12983,185880576,35.4511049604078,26636.117867287994,12983,185880576,35.4511049604078,26636.117867287994,
121,7611.746219927543,16811,117575680,20.129166252990434,22357.579601510915,25590,232402944,39.78779878169045,54063.47687499023,42401,349978624,59.91696503468088,41492.83375184548,14245,90062848,15.418920312515368,22911.002027799226,11175,45772800,7.836385050589378,25117.981404026847,25420,135835648,23.255305363104746,23881.222111565698,2566,27512832,4.710245940475065,19285.287137568197,2669,10932224,1.8716162595098926,21393.946909329337,5235,38445056,6.581862199984958,20360.3612408787,0,0,0,0,11746,175697920,30.079797471591174,89025.24150689595,11746,175697920,30.079797471591174,89025.24150689595,
126,10985.586185005483,21469,149544960,28.52028624794001,3002.656529321347,33465,302350336,57.66237879150753,37563.69825456447,54934,451895296,86.18266503944753,24056.74436809626,18214,115363840,22.00147527179486,3057.75089766114,14452,59195392,11.289377618603917,3800.8552564350953,32666,174559232,33.29085289039878,3386.513041572277,3255,34181120,6.518810976145149,2694.3650316436256,3287,13463552,2.5676850423713726,6126.300111043504,6542,47644672,9.086496018516522,4418.72617594008,0,0,0,0,15726,229691392,43.80531613053223,75162.28242769936,15726,229691392,43.80531613053223,75162.28242769936,
131,8729.319612058727,17753,123514880,22.931589479750127,29427.499695431758,27087,244133888,45.32553565781949,40682.59626082623,44840,367648768,68.25712513756962,36226.49168175736,14963,95854592,17.796221422819183,30101.241255162735,11668,47792128,8.873015620949245,32661.099705433662,26631,143646720,26.66923704376843,31222.80741481732,2790,27660288,5.135368056930944,25814.168169175628,2829,11587584,2.1513336640097203,27392.92440155532,5619,39247872,7.286701720940664,26609.0251510945,0,0,0,0,12590,184754176,34.30118637286053,51102.87453709293,12590,184754176,34.30118637286053,51102.87453709293,
136,7928.541166441629,15491,108261376,20.4970554766549,31754.7845004196,24446,222564352,42.13796312795571,63031.58002887998,39937,330825728,62.63501860461061,50899.751410521574,13085,82837504,15.68357042714497,32488.287064883454,10628,43532288,8.241939601448612,35011.99536432067,23713,126369792,23.925510028593582,33619.395393918945,2406,25423872,4.81348504950993,27765.640254364087,2502,10248192,1.940283485399363,29732.842237410074,4908,35672064,6.753768534909293,28768.480385085575,0,0,0,0,11316,168783872,31.95574004110773,96710.0519066808,11316,168783872,31.95574004110773,96710.0519066808,
141,10006.865638293857,19924,136417280,25.580527104919952,7124.4058095262,30969,277135360,51.96752631493421,37178.95324828054,50893,413552640,77.54805341985417,25412.957862476174,16817,104550400,19.604952840506886,7669.697510495332,13595,55685120,10.441893589292501,9214.34492945936,30412,160235520,30.046846429799384,8360.197367815335,3107,31866880,5.975574264413068,4172.950857740586,3234,13246464,2.4839340836904706,4660.871347557205,6341,45113344,8.459508348103538,4421.797232770857,0,0,0,0,14140,208203776,39.04169864195124,71503.02163309758,14140,208203776,39.04169864195124,71503.02163309758,
146,10183.190977877906,19801,139948032,26.691896632603097,1747.1716431998384,31117,284377088,54.23844643686504,48134.35987849086,50918,424325120,80.93034306946814,30095.302683648217,16644,107429888,20.48980199841701,1749.203582972843,13238,54222848,10.341772108244792,2667.6667158180994,29882,161652736,30.8315741066618,2156.0911725788096,3157,32518144,6.202094634186086,1736.4590662020905,3160,12943360,2.4686508431827723,1953.7096294303797,6317,45461504,8.670745477368857,1845.1359349374704,0,0,0,0,14719,217210880,41.42802348543747,98940.72844119846,14719,217210880,41.42802348543747,98940.72844119846,
151,9255.898440977613,18089,127029248,24.228116893105998,2321.979333130632,28192,253198336,48.292176631226916,35138.37625854853,46281,380227584,72.52029352433291,22312.03707002874,15240,98471936,18.78141934760137,839.7825070209974,12237,50122752,9.559844788344826,1517.9730862956606,27477,148594688,28.341264135946197,1141.8175952250974,2849,28557312,5.446697545504628,10250.613811863812,2895,11857920,2.2616450651514484,8698.943881519861,5744,40415232,7.708342610656076,9468.565683669918,0,0,0,0,13060,191217664,36.47068677773064,72500.93600972435,13060,191217664,36.47068677773064,72500.93600972435,
156,9168.584448408656,18089,126623744,24.145201214945992,4106.328567582508,27766,249233408,47.524979088019464,32369.83958481596,45855,375857152,71.67018030296545,21220.376041238687,15272,97599488,18.610721826671835,4487.936734808801,12097,49549312,9.448292006767215,7021.52571893858,27369,147148800,28.059013833439046,5607.773993788593,2817,29024256,5.534479388274157,2037.4894018459354,2889,11833344,2.2564367700711316,2723.231888196608,5706,40857600,7.790916158345289,2384.687096039257,0,0,0,0,12780,187850752,35.82025031118112,63065.27013810641,12780,187850752,35.82025031118112,63065.27013810641,
161,8284.718401464052,16458,114577408,21.842090823390105,25748.0274849921,24988,227774464,43.42104274113968,35062.49396530334,41446,342351872,65.26313356452978,31363.765756719586,13806,88444928,16.86041065132315,26056.260871650007,10710,43868160,8.362663737121796,27345.540983660132,24516,132313088,25.22307438844495,26619.49263864415,2652,26132480,4.981680172066953,24143.400736802414,2622,10739712,2.047330001749146,24369.32357170099,5274,36872192,7.029010173816098,24255.719597838455,0,0,0,0,11656,173166592,33.01104900226874,44558.55257935827,11656,173166592,33.01104900226874,44558.55257935827,
166,9391.767490323535,18445,128966656,24.597304744921885,32108.314355706152,28516,254451712,48.53057756984175,45881.70828552391,46961,383418368,73.12788231476364,40471.89480123932,15531,98975744,18.87725566462213,32479.748595132318,12509,51236864,9.77220622035914,33464.931940842594,28040,150212608,28.64946188498127,32919.25139368759,2914,29990912,5.720049080299754,30128.64888812629,2872,11763712,2.243646675583296,30962.185704038995,5786,41754624,7.96369575588305,30542.392015554786,0,0,0,0,13135,191451136,36.514724673899316,60968.90464255805,13135,191451136,36.514724673899316,60968.90464255805,
171,10005.855283165243,19828,138137600,26.345168834001303,1250.1529376639096,30206,275648512,52.57081770264746,48558.476618585715,50034,413786112,78.91598653664876,29810.636311088463,16709,107065344,20.41916584586983,851.4456614399426,12805,52449280,10.002961806356906,1842.0987508785631,29514,159514624,30.422127652226738,1281.2522891509113,3119,31072256,5.926002988131471,3386.0939054184037,3043,12464128,2.3771193109522892,3868.2915964508707,6162,43536384,8.30312229908376,3624.219120253165,0,0,0,0,14358,210735104,40.190736585338264,99693.41544142638,14358,210735104,40.190736585338264,99693.41544142638,
176,8238.608498756586,16323,114765824,21.887740946574233,14879.243430190529,24874,225132544,42.93649999598509,47347.31008671706,41197,339898368,64.82424094255931,34482.87209282229,13749,89464832,17.062423275458595,14858.919396465197,10858,44474368,8.481997615828652,16492.079173604714,24607,133939200,25.54442089128725,15579.561850245866,2574,25300992,4.825317671115637,14987.80409052059,2564,10502144,2.0029325738611776,16225.34321450858,5138,35803136,6.8282502449768145,15605.369352082522,0,0,0,0,11452,170156032,32.451569806295254,83570.05024694378,11452,170156032,32.451569806295254,83570.05024694378,
181,7070.461374972321,13874,95879168,18.173023527028295,33775.68077958772,21701,198840320,37.68837265548482,80355.83395686834,35575,294719488,55.86139618251311,62189.90155541813,11732,73510912,13.93332421563469,34231.79320576202,9311,38137856,7.228683444128523,37640.783246267856,21043,111648768,21.162007659763212,35740.18584308321,2142,22368256,4.239699311393606,31277.496380018674,2186,8953856,1.697121899781436,33394.043891125344,4328,31322112,5.936821211175041,32346.52892606285,0,0,0,0,10204,151748608,28.76256731157486,129393.30066111329,10204,151748608,28.76256731157486,129393.30066111329,
186,10079.918843442501,20097,141139968,26.82853804873356,31782.684094093645,30475,276525056,52.56316188426639,58769.70094218211,50572,417665024,79.39169993299996,48045.22736795065,16877,108077056,20.543786782572514,33656.353180482314,13324,54575104,10.37388823963451,37821.41639867908,30201,162652160,30.917675022207025,35493.885127081885,3220,33062912,6.284751266161045,21962.214165217392,3113,12750848,2.4237401748710767,24054.879470928365,6333,45813760,8.708491441032121,22990.868372809095,0,0,0,0,14038,209199104,39.765533469760804,86350.70838609488,14038,209199104,39.765533469760804,86350.70838609488,
191,6308.014924705715,12488,88489984,16.877094731001307,51048.13549055093,19054,172285952,32.858931613376086,88713.52565393093,31542,260775936,49.73602634437739,73801.17411121678,10513,67743744,12.920305024811638,51438.42965081328,8292,33964032,6.477729564407649,56293.2837234684,18805,101707776,19.398034589219286,53579.16083775592,1975,20746240,3.9567897061896695,48970.584854177214,1935,7925760,1.5116264721573565,51211.82706563307,3910,28672000,5.468416178347026,50079.741805370846,0,0,0,0,8827,130396160,24.869575576811084,127389.68208938483,8827,130396160,24.869575576811084,127389.68208938483,
196,10994.94671625015,21673,149372928,28.48634157718426,1707.5934921330688,33310,302592000,57.70616661222132,52258.94177415191,54983,451964928,86.19250818940557,32332.79421370242,18277,114831360,21.899050842282566,1611.2180331017125,14328,58687488,11.192067075734782,2618.530453587381,32605,173518848,33.091117918017346,2053.873219751572,3396,34541568,6.58729073490169,2226.2784935217906,3454,14147584,2.698031803432994,2059.4085576143602,6850,48689152,9.285322538334684,2142.1370689051096,0,0,0,0,15528,229756928,43.81606773305354,109229.38234157651,15528,229756928,43.81606773305354,109229.38234157651,
201,11648.342886409777,22916,158420992,30.21522052014417,1784.7192585529763,35328,319676416,60.971044825482124,41059.284484375,58244,478097408,91.1862653456263,25606.775441126985,19383,122642432,23.39126956108687,1329.6013262136923,15242,62431232,11.907345222432905,2148.4029149717885,34625,185073664,35.298614783519774,1690.039559162455,3533,35778560,6.823950959057304,4281.620159354656,3601,14749696,2.813170853298838,3956.9939494584837,7134,50528256,9.637121812356142,4117.759915194842,0,0,0,0,16485,242495488,46.25052874975038,85140.87411719745,16485,242495488,46.25052874975038,85140.87411719745,
206,7233.240482640468,16027,109891584,18.549177907598995,5815.524899918887,24840,224358400,37.870633265821866,45665.01143784219,40867,334249984,56.41981117342086,30037.054388308414,13467,84127744,14.200363973468104,5812.794003861291,10849,44437504,7.500839804671866,8904.551867914093,24316,128565248,21.70120377813997,7192.234745229479,2560,25763840,4.348813934130891,5829.890906640625,2554,10461184,1.7657982174515574,5675.724793657008,5114,36225024,6.114612151582448,5752.89828783731,0,0,0,0,11437,169459712,28.603995243698446,89465.5591307161,11437,169459712,28.603995243698446,89465.5591307161,
211,10538.546014717918,20760,144408576,27.543086195096848,5331.496218834297,31934,289972224,55.30647958065822,67101.86814454813,52694,434380800,82.84956577575507,42766.024952195694,17446,110223360,21.022930834753126,4811.833589877336,13907,56963072,10.86458190705729,6781.142744732868,31353,167186432,31.887512741810415,5685.344335789239,3314,34185216,6.520155360343723,8067.173414001207,3215,13168640,2.5116582175299627,11372.321058475894,6529,47353856,9.031813577873686,9694.68906371573,0,0,0,0,14812,219840512,41.930239456070964,135833.3576136916,14812,219840512,41.930239456070964,135833.3576136916,
217,8962.632162105509,17953,123293696,22.980603056542915,12559.279052358937,27905,252248064,47.016293765460915,39536.50355516932,45858,375541760,69.99689682200383,28975.159591216365,15154,94371840,17.58988387172349,12379.31426474858,11970,49029120,9.138494355231344,12557.921126482874,27124,143400960,26.728378226954835,12458.134650199085,2799,28921856,5.390719184819425,13533.622171847088,2866,11739136,2.1880471864739377,12829.587581646894,5665,40660992,7.578766371293363,13177.44156540159,0,0,0,0,13069,191479808,35.68975222375563,70103.16151304614,13069,191479808,35.68975222375563,70103.16151304614,
222,11727.238547183473,23111,158199808,30.163515118071697,4255.883596685561,35546,321257472,61.253264058737,42939.214630422546,58657,479457280,91.4167791768087,27697.888556455324,19541,122458112,23.34874586347486,4665.437072565376,15609,63934464,12.190205511689436,7094.5973522967515,35150,186392576,35.538951375164295,5744.150096927454,3570,35741696,6.814769254596837,2014.1232403361346,3602,14753792,2.813064274015334,3315.2895927262634,7172,50495488,9.627833528612172,2667.609185861684,0,0,0,0,16335,242569216,46.249994273032236,85928.13468429752,16335,242569216,46.249994273032236,85928.13468429752,
227,9043.558354006938,18023,125198336,23.877465324587597,2160.467931143539,27199,244629504,46.65503301202871,28956.93325317107,45222,369827840,70.5324983366163,18277.337160585557,15269,95989760,18.30689000463621,2482.280808435392,11843,48508928,9.251482753356372,4656.6838502913115,27112,144498688,27.55837275799258,3432.09842516229,2754,29208576,5.570575319951389,376.2410526506899,2829,11587584,2.2099505791813883,901.424574407918,5583,40796160,7.780525899132777,642.3603761418592,0,0,0,0,12527,184532992,35.19359967949095,58266.17630661771,12527,184532992,35.19359967949095,58266.17630661771,
232,8723.966146049537,17093,118358016,22.568703674719046,4288.697282220792,26539,240689152,45.89500849023535,41158.468713139155,43632,359047168,68.4637121649544,26714.59717232765,14446,91316224,17.412329724674226,4469.151420047072,11407,46723072,8.909233209354934,5919.43770439204,25853,138039296,26.32156293402916,5109.054551038565,2647,27041792,5.156373950044821,3303.8689954665656,2805,11489280,2.1907950514807215,4363.170226737968,5452,38531072,7.347169001525542,3848.868986977256,0,0,0,0,12327,182476800,34.79498022939969,82140.2517074714,12327,182476800,34.79498022939969,82140.2517074714,
237,7227.426733495272,14516,98627584,18.663049965236,8118.626370763295,21909,196673536,37.216039168186875,79681.26929531244,36425,295301120,55.87908913342287,51162.30362083734,12249,76656640,14.50554342370496,7673.177056331128,9482,38838272,7.349268647799649,10596.411203016241,21731,115494912,21.854812071504607,8948.686981270996,2267,21970944,4.157506541531039,10525.467417291575,2260,9256960,1.7516712870731077,10955.531265929203,4527,31227904,5.909177828604147,10740.166842500552,0,0,0,0,10167,148578304,28.11509923331412,159388.43880230156,10167,148578304,28.11509923331412,159388.43880230156,
242,8355.93038409051,16552,114462720,21.829236959230407,30970.246019695507,25233,228282368,43.53583336728532,75177.60720053106,41785,342745088,65.36507032651573,57666.054196697376,13939,88076288,16.797068610997727,32351.663347155463,11032,45187072,8.61764688259903,36714.73396854605,24971,133263360,25.414715493596756,34279.23513423571,2613,26386432,5.032168348232681,23601.100926903942,2583,10579968,2.0177104693394936,28465.763759194735,5196,36966400,7.049878817572175,26019.388859122402,0,0,0,0,11618,172515328,32.9004760153468,122085.77634360475,11618,172515328,32.9004760153468,122085.77634360475,
247,12700.02524261232,25118,176279552,33.613724128869194,3066.260149255514,38399,351649792,67.05405683276432,32897.77151743535,63517,527929344,100.66778096163353,21100.80531081443,21223,135634944,25.863439849510293,3335.131360693587,16579,67907584,12.948902858761587,5113.184897701912,37802,203542528,38.81234270827188,4114.940619200042,3895,40644608,7.750284279358901,1601.239938639281,3981,16306176,3.1093300127106507,1796.0704976136649,7876,56950784,10.859614292069551,1699.7189197562213,0,0,0,0,17839,267436032,50.99582396129209,65660.62444240147,17839,267436032,50.99582396129209,65660.62444240147,
252,8268.111722360587,16278,114311168,21.797092449771856,6889.871996744072,25074,225316864,42.96389058941881,58282.14788394353,41352,339628032,64.76098303919066,38051.8454344409,13692,87629824,16.709438005963133,8013.7001453403445,11019,45133824,8.606211899958295,12738.385677556947,24711,132763648,25.31564990592143,10120.507230423698,2586,26681344,5.087654443808725,939.580035962877,2483,10170368,1.9393070285503626,1842.5191425694723,5069,36851712,7.026961472359087,1381.8759131978695,0,0,0,0,11572,170012672,32.41837166091015,113759.7069849637,11572,170012672,32.41837166091015,113759.7069849637,
257,8707.44009089071,17232,122523648,23.350866762091858,1799.2869969243268,26340,240394240,45.81494234169663,66363.14967129841,43572,362917888,69.16580910378849,40829.21775160654,14493,93990912,17.91302576103105,1702.0662785482646,11458,46931968,8.94441317688124,2959.1591424332346,25951,140922880,26.857438937912292,2257.1034653385227,2739,28532736,5.437841001060806,2313.7155735669953,2728,11173888,2.129547839634493,2260.1964457478007,5467,39706624,7.5673888406952985,2287.0098518383024,0,0,0,0,12154,182288384,34.74098132518089,140524.39534178047,12154,182288384,34.74098132518089,140524.39534178047,
262,6774.387740754238,13301,92344320,17.601297621250403,17059.36574911661,20594,183853056,35.04332867719874,83976.2387099155,33895,276197376,52.64462629844914,57716.86926747308,11185,71159808,13.563421759768607,17568.991518551633,9093,37244928,7.0990729328023905,20252.52490300231,20278,108404736,20.662494692571,18772.333517999803,2116,21184512,4.037875861481796,14365.526320415878,2067,8466432,1.6137450513694647,15612.064864537979,4183,29650944,5.65162091285126,14981.494565861822,0,0,0,0,9434,138141696,26.33051069302688,160375.2716741573,9434,138141696,26.33051069302688,160375.2716741573,
267,13078.364860912825,25699,178155520,33.97725989000783,1375.38235946924,39699,364122112,69.44422284037304,37140.8951178871,65398,542277632,103.42148273038087,23086.368796308754,21666,137043968,26.13659412345975,1201.0991867442076,17083,69971968,13.344833445246666,2103.084562957326,38749,207015936,39.481427568706415,1598.7511566492037,4033,41111552,7.840665766548076,2311.662850483511,3981,16306176,3.109862550226949,2832.1140369253953,8014,57417728,10.950528316775024,2570.199932243574,0,0,0,0,18635,277843968,52.98952684489944,76590.00567292729,18635,277843968,52.98952684489944,76590.00567292729,
272,9468.863640562584,18567,127664128,24.348106535407926,1326.3707919965532,28781,261218304,49.81956321191944,43669.065389110874,47348,388882432,74.16766974732737,27064.841122307174,15657,99373056,18.952432387561977,1099.2905992207957,12460,51036160,9.733618051565156,1986.5769868378811,28117,150409216,28.686050439127133,1492.4900298040332,2910,28291072,5.395674147845949,2548.1558704467357,2922,11968512,2.282634987694493,2336.19564715948,5832,40259584,7.6783091355404425,2441.957692729767,0,0,0,0,13399,198213632,37.80331017265979,91444.15687939398,13399,198213632,37.80331017265979,91444.15687939398,
277,6329.7972873230165,12779,91054080,16.744977353530878,44030.510148759684,20046,179273728,32.9686985519271,68089.47181103461,32825,270327808,49.713675905457976,58723.151290632144,10714,68644864,12.62389003453999,43881.19397666604,8799,36040704,6.627937729811884,45097.070809069206,19513,104685568,19.251827764351873,44429.469498026956,2065,22409216,4.121087318990887,44805.21884987894,2041,8359936,1.5374043535113144,45729.398471337576,4106,30769152,5.658491672502202,45264.60769727229,0,0,0,0,9206,134873088,24.8033564686039,95022.67256082989,9206,134873088,24.8033564686039,95022.67256082989,
282,9765.582874199587,19402,133402624,25.422619052285263,41624.541059375326,29468,267542528,50.985742001816725,61646.03911297,48870,400945152,76.40836105410199,53697.254475445065,16414,103415808,19.708013320399715,42495.4021928232,12880,52756480,10.053834425172225,44987.547985015524,29294,156172288,29.76184774557194,43591.15005257049,2988,29986816,5.714605731885548,36840.63388253012,3009,12324864,2.348756815632238,36430.38629843802,5997,42311680,8.063362547517785,36634.7917980657,0,0,0,0,13579,202461184,38.58315076101226,83034.59976154356,13579,202461184,38.58315076101226,83034.59976154356,
287,10400.232345301705,20848,145133568,27.64915168064677,4240.426632051036,31215,283021312,53.91791363072983,55112.67923344546,52063,428154880,81.5670653113766,34741.4996580489,17643,112390144,21.411257103978404,4215.8628967862605,13446,55074816,10.49221046758605,5532.549794511378,31089,167464960,31.903467571564455,4785.330297693718,3205,32743424,6.237894576668368,4375.64597098284,3241,13275136,2.5290238082289447,5014.94655538414,6446,46018560,8.766918384897313,4697.081464939497,0,0,0,0,14528,214671360,40.89667935491484,112176.36122996971,14528,214671360,40.89667935491484,112176.36122996971,
292,9972.596035358163,19713,137064448,26.130905114535377,11491.855011565973,30173,275525632,52.528093546288474,52914.589129022635,49886,412590080,78.65899866082384,36545.94145918695,16670,107143168,20.426507365927034,11533.600229394122,13046,53436416,10.187484329684382,12680.976492411466,29716,160579584,30.613991695611418,12037.324510162875,3043,29921280,5.704397748608341,11263.16858987841,2990,12247040,2.334859584988219,12404.275047491637,6033,42168320,8.03925733359656,11828.709499585611,0,0,0,0,14137,209842176,40.00574963161587,98611.23973106034,14137,209842176,40.00574963161587,98611.23973106034,
297,9130.753951574341,18172,127135744,24.245909978553776,3294.099349328638,27488,244162560,46.56395804702441,15410.950890752329,45660,371298304,70.80986802557818,10588.624429719668,15323,98390016,18.763845600529663,3158.2147144814985,11905,48762880,9.299512171612575,4170.513489878203,27228,147152896,28.06335777214224,3600.8258839062732,2849,28745728,5.482064378024112,4024.9383313443313,2897,11866112,2.262972428489007,4814.079776320332,5746,40611840,7.745036806513118,4422.80515454229,0,0,0,0,12686,183533568,35.00147344692282,28379.305208576385,12686,183533568,35.00147344692282,28379.305208576385,
302,9976.258504170548,19527,134795264,25.702577855200424,1752.5830344138883,30369,275562496,52.543882457275025,56333.19207497777,49896,410357760,78.24646031247545,34972.85151190476,16451,103796736,19.79182063960114,1512.6372605312747,13189,54022144,10.300869042883054,2692.1953953294415,29640,157818880,30.092689682484195,2037.5087935897436,3076,30998528,5.910757215599284,3035.856092327698,3096,12681216,2.418037042745161,4106.7643217054265,6172,43679744,8.328794258344445,3573.045314322748,0,0,0,0,14084,208859136,39.82497637164681,118046.06665123545,14084,208859136,39.82497637164681,118046.06665123545,
307,9383.6705564166,18601,129077248,24.618142250101595,2444.174560077415,28320,254074880,48.458203400939354,44398.99821980932,46921,383152128,73.07634565104095,27766.75093405938,15731,99536896,18.984085133745403,2662.2782038649802,12286,50323456,9.597895969433193,4602.036657984698,28017,149860352,28.581981103178595,3512.900053717386,2870,29540352,5.6340571163561926,1248.708211498258,2935,12021760,2.292839383874851,1578.253475979557,5805,41562112,7.926896500231044,1415.3258430663222,0,0,0,0,13099,191729664,36.567468047631316,91320.46974982823,13099,191729664,36.567468047631316,91320.46974982823,
312,8364.934796876914,16789,116674560,22.2489452068965,23929.475949431173,25045,223453184,42.61081119245328,63372.61418390896,41834,340127744,64.85975639934979,47543.1250645647,14112,90238976,17.207881757175244,25020.31783198696,11107,45494272,8.675409317640844,29703.322129738004,25219,135733248,25.88329107481609,27082.815501804194,2677,26435584,5.041063449721258,18179.023709376168,2577,10555392,2.012832431039926,19814.240345362825,5254,36990976,7.053895880761184,18981.070392082223,0,0,0,0,11361,167403520,31.922569443772513,106169.44159589826,11361,167403520,31.922569443772513,106169.44159589826,
317,8837.042733136796,17513,122654720,23.386705020130563,2937.252984925484,26687,241463296,46.04006170117605,45039.22067137557,44200,364118016,69.4267667213066,28357.506642126697,14811,94867456,18.08847804211868,2522.089654783607,11592,47480832,9.053220390494355,4101.751100672878,26403,142348288,27.141698432613037,3215.6258241866453,2702,27787264,5.298226978011879,5212.968781643228,2714,11116544,2.119603186663361,7132.657667649226,5416,38903808,7.41783016467524,6174.939911004431,0,0,0,0,12381,182865920,34.86723812401833,91677.25954187868,12381,182865920,34.86723812401833,91677.25954187868,
322,10611.619904418656,20789,143187968,27.308415278379837,3068.635813988167,32274,288960512,55.10975378007502,31183.32051062775,53063,432148480,82.41816905845485,20168.561070746095,17600,110313472,21.03868185472069,2678.6573932386364,13817,56594432,10.793534352691065,3793.253505681407,31417,166907904,31.83221620741175,3168.8497886176274,3189,32874496,6.26973342365915,5220.915589840075,3275,13414400,2.5583574585701117,8401.628459541984,6464,46288896,8.828090882229262,6832.430851021039,0,0,0,0,15182,218951680,41.75786196881384,61025.14617751285,15182,218951680,41.75786196881384,61025.14617751285,
327,8140.636921369631,16362,113328128,21.606168187603497,5785.375104204865,24359,219262976,41.80279706703061,49415.81654037522,40721,332591104,63.40896525463411,31884.781379681244,13877,88293376,16.833257244903173,6542.055358218636,10618,43491328,8.291683309815452,10777.54048427199,24495,131784704,25.124940554718627,8378.037438987549,2485,25034752,4.7729109427003245,1559.8411464788733,2497,10227712,1.9499277853276686,3037.28463876652,4982,35262464,6.722838728027994,2300.3422304295464,0,0,0,0,11244,165543936,31.561185971887486,96202.40577214514,11244,165543936,31.561185971887486,96202.40577214514,
332,10484.92291513291,20614,139988992,26.69905710498933,1661.2753371009994,31814,290676736,55.43860744104728,20164.318517382282,52428,430665728,82.1376645460366,12889.165314545664,17447,108027904,20.603356997015204,1737.5248497736,13701,56119296,10.703215068480523,3146.4834752207867,31148,164147200,31.306572065495725,2357.2802795685116,3167,31961088,6.095700107974127,1241.2168440164191,3145,12881920,2.4568725925385917,1523.808144356121,6312,44843008,8.55257270051272,1382.0200188529784,0,0,0,0,14968,221675520,42.27851978002816,39658.289858631746,14968,221675520,42.27851978002816,39658.289858631746,
337,8998.058612615245,18240,124874752,23.19481794475403,1449.6020292214912,27959,251473920,46.70993694749151,9881.24404646089,46199,376348672,69.90475489224553,6552.315922595727,15409,96677888,17.957401120150532,1415.4809679408138,12040,49315840,9.16015377225829,1952.9807148671096,27449,145993728,27.117554892408823,1651.2453656599512,2831,28196864,5.2374168246034944,1635.3213627693394,2896,11862016,2.2033060900714294,1642.2246564226518,5727,40058880,7.440722914674923,1638.8121849135673,0,0,0,0,13023,190296064,35.34647708516179,19043.225975812027,13023,190296064,35.34647708516179,19043.225975812027,
342,9545.545269488048,18632,130859008,24.958708956884518,17721.00576513525,29097,265531392,50.64474225453714,27454.669504381895,47729,396390400,75.60345121142166,23654.933017347943,15820,101867520,19.429169017081446,17977.533041972187,12637,51761152,9.87239279730029,19215.342034422727,28457,153628672,29.301561814381735,18527.211231436904,2812,28991488,5.529539939803074,16277.811768136557,3008,12320768,2.3499372900434654,16710.09322174202,5820,41312256,7.87947722984654,16501.231460996565,0,0,0,0,13452,201449472,38.42241216719339,37597.40416807909,13452,201449472,38.42241216719339,37597.40416807909,
347,8441.557643036542,16903,114380800,21.804415112509492,1199.3584981364254,25328,223973376,42.69605094958394,35972.42277495262,42231,338354176,64.50046606209344,22054.469009448036,14270,88293376,16.831368743608046,839.7578238262088,11242,46047232,8.77798512783641,1474.2084916384983,25512,134340608,25.609353871444455,1119.3319225854498,2633,26087424,4.973046368901449,3148.276698822636,2581,10571776,2.015297955430152,6558.929643549012,5214,36659200,6.988344324331601,4836.595695818948,0,0,0,0,11505,167354368,31.902767866317383,76280.56277887875,11505,167354368,31.902767866317383,76280.56277887875,
352,10016.10048358694,19771,140144640,26.72646751451252,892.2270242274038,30317,272691200,52.00393320995678,15067.152626546163,50088,412835840,78.73040072446929,9471.951099564767,16649,108314624,20.65628253554783,730.6257509159709,13105,53678080,10.236748700210041,1285.928006486074,29754,161992704,30.893031235757874,975.2058429790953,3122,31830016,6.070184978964688,1754.0142117232542,3113,12750848,2.431667203643942,1335.7930642467074,6235,44580864,8.50185218260863,1545.2054816359264,0,0,0,0,14099,206262272,39.335517306102794,30908.6074079722,14099,206262272,39.335517306102794,30908.6074079722,
357,7516.551391776621,14911,104402944,19.908914619792874,4492.039099389713,22680,202944512,38.70010564034986,75355.78993209876,37591,307347456,58.609020260142735,47246.68433058445,12557,79986688,15.252904574338547,4014.4772665445566,9898,40542208,7.731116831052998,6351.340041220449,22455,120528896,22.984021405391545,5044.549310354042,2354,24416256,4.656010045454327,7039.508910365335,2343,9596928,1.830067360593774,8008.366039692702,4697,34013184,6.4860774060481,7522.802981903343,0,0,0,0,10439,152805376,29.138921448703087,155900.004818565,10439,152805376,29.138921448703087,155900.004818565,
362,10727.86540848615,21282,147357696,28.10275389938335,4655.792748989757,32364,290050048,55.31577473529668,33956.174911846494,53646,437407744,83.41852863468003,22332.368231200835,17989,113393664,21.62543470509586,5236.597006003669,13952,57147392,10.89864416289183,8054.664464879587,31941,170541056,32.52407886798769,6467.543976550515,3293,33964032,6.477319194287491,1482.9753243243242,3257,13340672,2.5442147390007666,1842.1196183604545,6550,47304704,9.021533933288257,1661.560509923664,0,0,0,0,15155,219561984,41.87291583340408,64703.3442847905,15155,219561984,41.87291583340408,64703.3442847905,
367,9424.66803215266,18313,128286720,24.467368958933008,2664.2869818708023,28813,259686400,49.528454406013815,15298.329882205948,47126,387973120,73.99582336494683,10388.784670776216,15440,98365440,18.760659819565014,2988.575742487046,12479,51113984,9.748668494205779,4993.132645163875,27919,149479424,28.50932831377079,3884.5557413589313,2873,29921280,5.706709139367995,921.5029707622695,2911,11923456,2.274090390787164,1290.020400893164,5784,41844736,7.98079953015516,1106.9722375518672,0,0,0,0,13423,196648960,37.505695521020876,27916.727052819788,13423,196648960,37.505695521020876,27916.727052819788,
372,9248.83262620677,18221,126672896,24.15893303815761,1074.644164370781,28027,251850752,48.0327334837094,21989.21879708852,46248,378523648,72.191666521867,13749.19837711901,15454,98684928,18.82109466753965,838.843651481817,12054,49373184,9.416406222658987,1462.0951464244235,27508,148058112,28.23750089019864,1111.9523296859095,2767,27987968,5.337838370617957,2391.6160205999277,2848,11665408,2.2248154075106017,3225.2125986657306,5615,39653376,7.562653778128559,2814.426894033838,0,0,0,0,13125,190812160,36.39151185353981,44912.93979809524,13125,190812160,36.39151185353981,44912.93979809524,
377,9237.77418664642,18246,127676416,24.351221285325096,666.6749664584019,27945,254414848,48.52354456691789,9972.197728180354,46191,382091264,72.87476585224299,6296.404428395142,15381,99246080,18.928814980059254,358.13451342565503,12103,49573888,9.45503292214846,644.7861683053789,27484,148819968,28.383847902207716,484.3659564110028,2865,28430336,5.42240630526584,2323.101042582897,2842,11640832,2.220210159856723,2023.1069549612948,5707,40071168,7.642616465122563,2173.7085076222183,0,0,0,0,13000,193200128,36.84830148491271,20393.811427153843,13000,193200128,36.84830148491271,20393.811427153843,
382,9239.385728118477,18184,125165568,23.872367120352006,3571.4973535525737,28015,251592704,47.985348452140244,12866.708360485454,46199,376758272,71.85771557249225,9208.098499880949,15329,95989760,18.307772873403014,3351.9092456128906,12242,50143232,9.56363368961808,4255.857743505963,27571,146132992,27.87140656302109,3753.2779849116823,2855,29175808,5.564594246948993,4750.504746409807,2859,11710464,2.233493605507114,5112.44396432319,5714,40886272,7.798087852456107,4931.601040427022,0,0,0,0,12914,189739008,36.18822115701505,22746.178328093545,12914,189739008,36.18822115701505,22746.178328093545,
387,8555.52640883564,16848,117719040,22.451882176062146,2002.8719034306741,25932,234196992,44.66705870496539,65987.03719069104,42780,351916032,67.11894088102754,40788.22426970547,14175,89767936,17.12092727107091,1069.7396886772488,11348,46481408,8.865134270492458,1973.4275046704265,25523,136249344,25.98606154156337,1471.5360815734828,2673,27951104,5.330954904991234,6951.30031500187,2667,10924032,2.0834784190521134,9156.44942144732,5340,38875136,7.414433324043348,8052.636020411985,0,0,0,0,11917,176791552,33.71844601542082,139662.7626499119,11917,176791552,33.71844601542082,139662.7626499119,
392,9942.669206899813,19722,136011776,25.9355858922768,3545.711178683703,30004,270340096,51.55015974450886,20364.37245643914,49726,406351872,77.48574563678567,13693.865322949765,16665,105009152,20.023809417584182,3667.294600960096,12733,52154368,9.945124831848476,5885.779756695201,29398,157163520,29.96893424943266,4628.175323729506,3057,31002624,5.911776474692619,2882.908518482172,3165,12963840,2.472027023702225,3004.626706793049,6222,43966464,8.383803498394844,2944.8239903567983,0,0,0,0,14106,205221888,39.133007888958154,37328.75046178931,14106,205221888,39.133007888958154,37328.75046178931,
397,9209.704976721463,18050,125034496,23.841978412407546,3429.7765010526314,28011,256057344,48.82583497586468,48442.696023990575,46061,381091840,72.66781338827222,30803.409048262085,15177,95404032,18.1919465760924,3674.9078004216904,12188,49922048,9.51929610464598,5899.498608959632,27365,145326080,27.711242680738376,4665.710386734881,2873,29630464,5.650031836315147,2134.8382029237728,2867,11743232,2.239237112899575,3568.325548657133,5740,41373696,7.889268949214722,2850.832666376307,0,0,0,0,12956,194392064,37.067301758319125,98394.17103535042,12956,194392064,37.067301758319125,98394.17103535042,
402,9040.786557851601,17874,123875328,23.619993340344447,4815.439673324382,27344,246177792,46.94008000996534,54754.04390114833,45218,370053120,70.56007335030979,35014.059559334775,15112,95457280,18.20136708649034,5007.623862758073,12020,49233920,9.387703599211065,8441.746755407654,27132,144691200,27.589070685701405,6529.006627377267,2762,28418048,5.418626253854107,3763.923572411296,2756,11288576,2.1524551680054653,4666.362285921626,5518,39706624,7.571081421859573,4214.652295578108,0,0,0,0,12568,185655296,35.39992124274881,110030.57654145449,12568,185655296,35.39992124274881,110030.57654145449,
407,8966.015350033442,17861,124772352,23.794232116933347,11753.21611124797,26977,248147968,47.322105060080524,34381.21715216666,44838,372920320,71.11633717701388,25367.462600405906,15034,96841728,18.467829753156558,12807.78010017294,11681,47845376,9.124168648082806,17248.691978169674,26715,144687104,27.591998401239366,14749.546585176866,2827,27930624,5.326402363776787,6145.039595684471,2782,11395072,2.173053435405048,7555.146476994968,5609,39325696,7.499455799181835,6844.436519165627,0,0,0,0,12514,188907520,36.02488297659267,56337.03904570881,12514,188907520,36.02488297659267,56337.03904570881,
412,8915.200862440699,17583,122089472,23.28097596647162,6139.02726809987,27004,247377920,47.17195771110992,43945.37981558288,44587,369467392,70.45293367758154,29036.345863031827,14877,95449088,18.20097906353166,7094.2224059286145,11646,47702016,9.096193716426626,10983.374420315988,26523,143151104,27.297172779958284,8801.912499792634,2706,26640384,5.0799969029399605,887.5719593495935,2772,11354112,2.165090930957806,1374.6735245310244,5478,37994496,7.245087833897767,1134.0570887185104,0,0,0,0,12586,188321792,35.91067306372549,83821.55275949468,12586,188321792,35.91067306372549,83821.55275949468,
417,10047.864469652191,19611,134397952,25.633519014772837,3123.6213689256033,30630,280600576,53.51852534517944,31719.57975726412,50241,414998528,79.15204435995227,20557.47430646285,16577,104648704,19.959489738767257,3465.153942209085,13188,54018048,10.30278095717494,5493.282290946315,29765,158666752,30.262270695942195,4363.75823124475,3034,29749248,5.67402927600558,1257.5747415952537,3049,12488704,2.3819517090101905,1333.609332568055,6083,42237952,8.05598098501577,1295.685783494986,0,0,0,0,14393,214093824,40.833792678994314,62187.11500430765,14393,214093824,40.833792678994314,62187.11500430765,
422,6259.113179999822,12433,85663744,16.337269791781022,2780.8853123140034,18866,168706048,32.17459444314224,89659.14722834728,31299,254369792,48.51186423492326,55148.22258532222,10496,66781184,12.736102452194597,1676.752569550305,8321,34082816,6.500067989739404,3194.9405317870446,18817,100864000,19.236170441934,2348.1051780305042,1937,18882560,3.6011673395864263,8763.836922044398,1923,7876608,1.5021789141051405,13966.273041601664,3860,26759168,5.103346253691567,11355.620512176165,0,0,0,0,8622,126746624,24.172347539297693,189986.92048086293,8622,126746624,24.172347539297693,189986.92048086293,
427,10956.139448347238,21708,149467136,28.501672500755603,1711.590453657638,33086,302272512,57.639909170432745,47952.27329257088,54794,451739648,86.14158167118835,29632.881697375626,18409,116166656,22.151652018139533,1564.0517979249282,14340,58736640,11.200405131699195,2691.210040655509,32749,174903296,33.35205714983873,2057.6073019328833,3299,33300480,6.350020482616071,2534.882091542892,3363,13774848,2.626705889672552,3646.858093369016,6662,47075328,8.976726372288622,3096.2113161212847,0,0,0,0,15383,229761024,43.812798149060995,99830.49979893389,15383,229761024,43.812798149060995,99830.49979893389,
432,10598.15677101373,20913,145211392,27.68944659156409,3409.7129775259405,32092,291323904,55.55072208559191,23425.168351582946,53005,436535296,83.24016867715599,15528.116785925857,17694,112717824,21.49345257681519,3775.925054312196,13937,57085952,10.885360971077194,5627.6069332711495,31631,169803776,32.378813547892385,4591.798417375359,3219,32493568,6.195994014748898,1396.7410959925442,3205,13127680,2.503234692710225,1652.5823784711388,6424,45621248,8.699228707459122,1524.3829562577832,0,0,0,0,14950,221110272,42.16212642180449,44684.415945618726,14950,221110272,42.16212642180449,44684.415945618726,
437,9275.21432894686,18205,126943232,24.20940525846512,6580.857896731667,28177,254935040,48.61878495375804,30141.642676615676,46382,381878272,72.82819021222316,20894.0016322927,15379,98062336,18.70151559411827,7467.424224461929,12197,49958912,9.527688304643103,11584.734393867344,27576,148021248,28.229203898761376,9288.530698796054,2826,28880896,5.50788966434685,1756.1928032554847,2801,11472896,2.1880015529478833,2204.890017136737,5627,40353792,7.695891217294733,1979.5446596765596,0,0,0,0,13179,193503232,36.90309509616705,53253.3700097883,13179,193503232,36.90309509616705,53253.3700097883,
442,6743.2425003198305,13343,90669056,17.290269250942394,5184.208376077344,20380,181645312,34.63912045859877,64769.94762551521,33723,272314368,51.92938970954116,41193.975179254514,11238,70565888,13.456666003579489,5140.557943228332,8906,36478976,6.956412086596176,8135.35671008309,20144,107044864,20.413078090175663,6464.608668884035,2105,20103168,3.833603247362905,5417.245698812351,2193,8982528,1.7129364143167993,6695.706461924305,4298,29085696,5.546539661679704,6069.56409190321,0,0,0,0,9281,136183808,25.969771957685793,132838.52618004524,9281,136183808,25.969771957685793,132838.52618004524,
447,10617.027801380442,20859,144982016,27.646947748464935,1496.5382702910015,32238,290418688,55.380594875392966,53528.983525094605,53097,435400704,83.0275426238579,33088.19072004068,17605,112148480,21.38584668756272,1577.1045969894917,14206,58187776,11.09595829231249,2924.3336785865126,31811,170336256,32.48180497987521,2178.7435373927256,3254,32833536,6.261101060902218,1060.6531499692685,3230,13230080,2.5228738057278153,1622.5554786377709,6484,46063616,8.783974866630034,1340.5643963602713,0,0,0,0,14802,219000832,41.76176277735266,113422.74236238346,14802,219000832,41.76176277735266,113422.74236238346,
452,10008.124253452032,19608,137838592,26.288849982106978,4457.891992860057,30436,278888448,53.19015861112861,47697.52298018794,50044,416727040,79.47900859323559,30755.57820360083,16527,106319872,20.27753711474952,4655.442672354329,13162,53911552,10.282118253431952,7027.742959048777,29689,160231424,30.559655368181474,5707.15261116912,3081,31518720,6.011312867357459,3398.1970626419993,3085,12636160,2.409993527719007,3751.3343341977306,6166,44154880,8.421306395076465,3574.8802418099253,0,0,0,0,14189,212340736,40.49804682997765,94978.48968757488,14189,212340736,40.49804682997765,94978.48968757488,
457,8331.219857325483,16476,116400128,22.196286944229442,8537.519255159019,25190,229048320,43.677118935931816,66860.2669162763,41666,345448448,65.87340588016126,43797.683743795904,13887,89858048,17.134989900151506,8466.397918412904,10883,44576768,8.50032341523151,9846.440276945696,24770,134434816,25.635313315383016,9072.736270771094,2589,26542080,5.061297044077936,8919.003227114717,2513,10293248,1.962814733297508,11338.878301233586,5102,36835328,7.024111777375444,10110.917390435125,0,0,0,0,11794,174178304,33.2139807874028,131300.38264507378,11794,174178304,33.2139807874028,131300.38264507378,
462,10482.883393859162,20466,142061568,27.09527541307292,2461.8309605687477,31950,287744000,54.881154968381416,23872.212622691706,52416,429805568,81.97643038145434,15512.458519039988,17237,110120960,21.003271904981272,2350.3481640656723,13878,56844288,10.841860051974338,3341.7015361723593,31115,166965248,31.845131956955612,2792.5143892977662,3229,31940608,6.092003508091648,3056.946774543202,3213,13160448,2.5100804400485335,3534.6790233426705,6442,45101056,8.602083948140182,3295.2196269791993,0,0,0,0,14859,217739264,41.52921447635855,47444.924670166234,14859,217739264,41.52921447635855,47444.924670166234,
467,9133.521854871009,18143,124510208,23.74251548033979,2592.491425618696,27536,251662336,47.98881155429821,15703.201461105462,45679,376172544,71.731327034638,10495.828003415136,15413,95973376,18.300904014074664,2952.5701481217156,11950,48947200,9.33360944766302,4800.906292301255,27363,144920576,27.634513461737683,3759.777578701166,2730,28536832,5.441611466265126,559.5634586080587,2854,11689984,2.2291314948644567,1157.1879814295723,5584,40226816,7.670742961129584,865.0112358524356,0,0,0,0,12732,191025152,36.42607061177073,29196.505713242226,12732,191025152,36.42607061177073,29196.505713242226,
472,7478.254231023616,14698,101732352,19.402490240740235,16650.492642808545,22696,205197312,39.135425115366736,76532.79087680648,37394,306929664,58.53791535610697,52995.591875808954,12343,77459456,14.773140594380909,17338.157867779308,9901,40554496,7.73459177330471,21658.6635029795,22244,118013952,22.50773236768562,19261.25291786549,2355,24272896,4.629349646359328,13046.30925774947,2340,9584640,1.8279915917112435,13923.47283846154,4695,33857536,6.457341238070572,13483.489828328007,0,0,0,0,10455,155058176,29.572841750350783,142512.18249210904,10455,155058176,29.572841750350783,142512.18249210904,
477,6263.160405207315,12942,90566656,16.354940577138983,39048.84710639778,20134,180252672,32.550851159068124,83069.39829735771,33076,270819328,48.90579173620711,65845.00678951506,11005,71168000,12.851842636144447,39744.796481417536,8816,36110336,6.520969477999968,41857.5611875,19821,107278336,19.372812114144413,40684.513632359616,1937,19398656,3.503097940994538,35094.83426587506,2022,8282112,1.4956216293688673,33363.37702917903,3959,27680768,4.998719570363406,34210.51839504925,0,0,0,0,9296,135860224,24.534260051699288,132964.95885725043,9296,135860224,24.534260051699288,132964.95885725043,
482,8248.776420420245,16276,113815552,21.696958300475245,39359.5017125215,24990,223870976,42.677113501665346,76392.48330080032,41266,337686528,64.37407180214059,61786.05650075123,13776,88977408,16.961997522626543,38876.03072568235,10688,43778048,8.345524537210906,39482.94374859655,24464,132755456,25.30752205983745,39141.18304700785,2500,24838144,4.734960777848702,42023.6202384,2567,10514432,2.0043938517047524,44188.77720451889,5067,35352576,6.739354629553454,43120.513455693705,0,0,0,0,11735,169578496,32.32719511274969,117053.41830575203,11735,169578496,32.32719511274969,117053.41830575203,
487,8526.221513037199,17004,118378496,22.487706313615558,31011.346663902612,25800,229781504,43.65031786054182,71906.8592603876,42804,348160000,66.13802417415738,55661.01083055322,14274,92012544,17.47911264762672,33044.531796343,11302,46292992,8.794022931956786,39008.055261458154,25576,138305536,26.273135579583506,35679.804794573036,2730,26365952,5.008593665988836,20380.692971428572,2654,10870784,2.0650625430378082,22688.660720798795,5384,37236736,7.073656209026644,21518.387326337295,0,0,0,0,11844,172617728,32.79123238554723,114328.96173590003,11844,172617728,32.79123238554723,114328.96173590003,
492,11072.343528862542,21783,150704128,28.713265903082227,24511.138523757058,33639,303611904,57.84638713342394,51727.058057433336,55422,454316032,86.55965303650616,41030.14392221501,18391,115503104,22.00650627024205,24638.22582453374,14525,59494400,11.335313435769558,26837.614661755597,32916,174997504,33.341819706011606,25608.7606058148,3392,35201024,6.7067596328401775,23822.08706485849,3448,14123008,2.6908200155961057,23805.45912935035,6840,49324032,9.397579648436283,23813.705029532164,0,0,0,0,15666,229994496,43.82025368205828,80949.12102349036,15666,229994496,43.82025368205828,80949.12102349036,
497,10135.38448943802,20060,139931648,26.656138859036506,11693.634019242274,30681,274456576,52.282330017521886,58222.395840878715,50741,414388224,78.93846887655839,39827.666487061746,16950,108511232,20.670738244697336,12761.604578702065,13294,54452224,10.372821766005073,16111.825050022566,30244,162963456,31.04356001070241,14234.221657981749,3110,31420416,5.985400614339169,5873.02277073955,3128,12812288,2.4406639449423704,7145.394490089514,6238,44232704,8.42606455928154,6511.044370310997,0,0,0,0,14259,207192064,39.46884430657444,108687.84140640999,14259,207192064,39.46884430657444,108687.84140640999,
502,11551.477022986059,22702,157405184,29.925448601336075,6807.257614086864,35243,320888832,61.00651836701114,44835.10796254575,57945,478294016,90.93196696834721,29936.35468597808,19067,121040896,23.01196834729195,7243.897288036922,15317,62738432,11.92766130335592,9414.814805314356,34384,183779328,34.93962965064787,8210.973358655188,3635,36364288,6.913480254044125,4516.911351856946,3558,14573568,2.770687400753435,5753.465402192242,7193,50937856,9.68416765479756,5128.569813012651,0,0,0,0,16368,243576832,46.30816966290178,86476.42727578201,16368,243576832,46.30816966290178,86476.42727578201,
507,8385.792694271944,16560,112627712,21.39831571928487,19259.83809009662,25533,234823680,44.614519408902844,71914.94790001174,42093,347451392,66.01283512818772,51199.6598841375,14064,87506944,16.62558159169371,20521.100472909555,11103,45477888,8.640415297349525,25755.741409979284,25167,132984832,25.265996889043237,22830.482533714785,2496,25120768,4.772734127591159,12153.10966386218,2508,10272768,1.9517393106144836,15748.389015948962,5004,35393536,6.724473438205643,13955.060226418864,0,0,0,0,11922,179073024,34.02236480093884,126718.7894819661,11922,179073024,34.02236480093884,126718.7894819661,
512,11812.401122587118,23136,159379456,30.397162977708952,4743.011257780083,35930,329695232,62.88012239217056,32517.988235346507,59066,489074688,93.27728536987952,21638.601323197778,19515,122245120,23.31482945875777,5223.609085472714,15447,63270912,12.067152643639849,6807.595253253058,34962,185516032,35.38198210239762,5923.449893598764,3621,37134336,7.082333518951179,2152.879634631317,3723,15249408,2.9083970539438826,2882.5688323932313,7344,52383744,9.990730572895062,2522.7915196078434,0,0,0,0,16760,251174912,47.90457269458683,62797.2905522673,16760,251174912,47.90457269458683,62797.2905522673,
517,9085.627630691206,18051,122114048,23.288913805235605,7497.691718187359,27382,247648256,47.23010155228759,29412.782659849534,45433,369762304,70.5190153575232,20705.69075335109,15223,94371840,17.99807379574777,8338.69148781449,11918,48816128,9.30994112403307,11497.576451585837,27141,143187968,27.308014919780845,9725.802905898825,2828,27742208,5.290840009487833,2970.626833804809,2834,11608064,2.213825570188767,3614.483830628087,5662,39350272,7.504665579676599,3292.8964786294596,0,0,0,0,12630,187224064,35.70633485806575,52106.829094695175,12630,187224064,35.70633485806575,52106.829094695175,
522,8934.88260378075,17694,121970688,23.261674089003574,8581.133253758335,26985,243097600,46.362427200697226,26937.684171428573,44679,365068288,69.6241012897008,19668.031494840976,14915,95252480,18.166103530787094,9347.33653751257,11781,48254976,9.20296132858322,12363.029660894661,26696,143507456,27.36906485937031,10678.168148486664,2779,26718208,5.095570558216479,4468.890728679381,2765,11325440,2.1599344769996263,6609.828342133816,5544,38043648,7.255505035216105,5536.656331349206,0,0,0,0,12439,183517184,34.99953139511438,45259.93886687033,12439,183517184,34.99953139511438,45259.93886687033,
527,9548.527252783288,18714,128462848,24.500617544290545,1709.090039221973,29032,262369280,50.039443191006306,22134.502246107742,47746,390832128,74.54006073529685,14128.781053973109,15871,99938304,19.06037583978398,1933.8204504442065,12578,51519488,9.82587021241866,3232.6427366830976,28449,151457792,28.886246052202644,2508.0616088790466,2843,28524544,5.440241704506564,454.5362733028491,2974,12181504,2.3232738123495866,783.9572242770679,5817,40706048,7.76351551685615,622.956061543751,0,0,0,0,13480,198668288,37.89029916623806,44481.98813664688,13480,198668288,37.89029916623806,44481.98813664688,
532,7222.018119360292,14227,100335616,18.959035906619697,46696.57293772405,22223,202375168,38.24004107096122,55837.78552769653,36450,302710784,57.199076977580916,52269.82855876543,11952,76103680,14.380261558825685,46592.3665397423,9627,39432192,7.4509568367499925,46949.5998553028,21579,115535872,21.83121839557568,46751.738388711245,2275,24231936,4.578774347794012,47244.03441846154,2194,8986624,1.6980782486578876,49471.96906016408,4469,33218560,6.2768525964519,48337.8112374133,0,0,0,0,10402,153956352,29.091005985553338,65406.442016631416,10402,153956352,29.091005985553338,65406.442016631416,
537,8023.461596394811,16005,111788032,21.310883106486447,45978.59320899719,24133,216358912,41.24591336108849,77311.12514130029,40138,328146944,62.55679646757494,64817.299500348796,13519,87404544,16.662499436073364,48298.13665677935,10569,43290624,8.25277456956087,53522.95991900842,24088,130695168,24.915274005634235,50590.61245628529,2486,24383488,4.648383670413081,33364.79277835881,2573,10539008,2.0091199704305156,35894.235457831324,5059,34922496,6.657503640843597,34651.263625222375,0,0,0,0,10991,162529280,30.984018821097106,109881.66243453736,10991,162529280,30.984018821097106,109881.66243453736,
542,7586.331543974135,15094,105725952,20.099208692415772,23466.762020869217,22963,208760832,39.68682664754202,80400.076042808,38057,314486784,59.78603533995779,57819.435376251415,12723,81592320,15.51124427215722,24779.88063349839,9950,40755200,7.747835366865679,30763.252403316583,22673,122347520,23.2590796390229,27405.671182154987,2371,24133632,4.587964420258551,16420.44902699283,2385,9768960,1.857144457283884,17553.316215932915,4756,33902592,6.445108877542435,16988.550003784694,0,0,0,0,10628,158236672,30.081846823392457,140973.64749557772,10628,158236672,30.081846823392457,140973.64749557772,
547,8857.320099263005,17369,120774656,22.968308555746265,37410.78054436065,27048,239800320,45.60400272658771,63865.629844350784,44417,360574976,68.57231128233397,53520.620557556795,14642,93810688,17.84043854209648,38479.56107369212,11774,48226304,9.171432711637948,41304.747879395276,26416,142036992,27.011871253734427,39738.78841508934,2727,26963968,5.127870013649789,31672.209033370003,2728,11173888,2.124993072647216,30760.124645894426,5455,38137856,7.252863086297005,31216.083238863426,0,0,0,0,12546,180400128,34.307576942302546,92236.71564355174,12546,180400128,34.307576942302546,92236.71564355174,
553,9731.436150788362,21440,146509824,24.94408563778069,35489.8670181903,33070,300937216,51.23617981753432,58150.9412851527,54510,447447040,76.18026545531501,49237.83484076316,18073,113786880,19.37282839938348,37231.487253693354,14166,58023936,9.878887224826002,41386.13951192997,32239,171810816,29.25171562420948,39057.06509079066,3367,32722944,5.571257238397214,26141.395822393824,3338,13672448,2.327807818471636,30394.351910425405,6705,46395392,7.89906505686885,28258.676571364653,0,0,0,0,15566,229240832,39.029484774236685,79360.09439143003,15566,229240832,39.029484774236685,79360.09439143003,
559,10245.950461716295,22285,153788416,26.673164096862905,24314.21432618353,34053,307363840,53.30938672105131,55962.28880119226,56338,461152256,79.98255081791422,43443.609762611384,18801,118145024,20.491150727372123,25181.94582219031,14936,61177856,10.610727612814797,28289.094631695232,33737,179322880,31.101878340186918,26557.538631828556,3484,35643392,6.182013369490785,19631.602427095295,3433,14061568,2.4388476094532137,20806.57787474512,6917,49704960,8.620860978943998,20214.758522480846,0,0,0,0,15684,232124416,40.2598114987833,90010.77029354757,15684,232124416,40.2598114987833,90010.77029354757,
564,8800.02753421003,17703,121597952,22.910307298573603,18376.468998644297,26840,240947200,45.39693558926777,64671.78429463487,44543,362545152,68.30724288784137,46272.350788025054,14977,94187520,17.7458994283929,17825.638608332774,11593,47484928,8.946649796623566,19903.967567583884,26570,141672448,26.692549225016467,18732.45334768536,2726,27410432,5.164407870180704,21402.803098312546,2765,11325440,2.1338296116332405,21713.190151175404,5491,38735872,7.298237481813945,21559.098891640868,0,0,0,0,12482,182136832,34.31645618101096,115767.26675925333,12482,182136832,34.31645618101096,115767.26675925333,
569,5518.19335803152,11209,77598720,14.132821039527162,89832.58185895263,17686,160661504,29.260795590098358,99351.15326365488,28895,238260224,43.39361662962552,95658.69204630559,9490,60055552,10.937736715837806,90411.60227913593,7607,31158272,5.6747621877900825,93576.4889865913,17097,91213824,16.612498903627888,91819.76120664444,1719,17543168,3.195084323689355,86636.01188365328,1779,7286784,1.3271200121044509,88496.26512141652,3498,24829952,4.5222043357938055,87582.0926469411,0,0,0,0,8300,122216448,22.258913390203823,106970.27581313252,8300,122216448,22.258913390203823,106970.27581313252,
574,11764.303331643425,23451,163987456,31.275209524968083,9611.931712080508,35376,315514880,60.17407807244209,51945.50876071348,58827,479502336,91.44928759741018,35069.50428373026,19892,127897600,24.392257403764823,9875.03647531671,15531,63614976,12.132462761821344,12059.880593651407,35423,191512576,36.52472016558617,10832.968158174068,3559,36089856,6.882952121203262,8141.383819331272,3575,14643200,2.792708413721673,7897.701386013986,7134,50733056,9.675660534924935,8019.269339500981,0,0,0,0,16270,237256704,45.24890689689907,99698.09649440688,16270,237256704,45.24890689689907,99698.09649440688,
579,10136.15109914092,20094,140357632,26.76621141638066,1612.4054880063702,30596,274882560,52.42012572309528,52802.338063210875,50690,415240192,79.18633713947594,32510.160016926417,16978,108867584,20.761056796217396,1046.139101425374,13315,54538240,10.400446639889937,2177.4395315058205,30293,163405824,31.161503436107335,1543.3914444261052,3116,31490048,6.005154620163262,4697.794034659821,3210,13148160,2.5073551418735787,5407.177682554517,6326,44638208,8.51250976203684,5057.756334650648,0,0,0,0,14071,207196160,39.512323941331765,111519.48601087343,14071,207196160,39.512323941331765,111519.48601087343,
584,10797.02539190485,22083,154689536,28.432957882695256,2266.3802572114296,33937,302755840,55.64852200125562,43104.06716306686,56020,457445376,84.08147988395088,27005.912219439484,18643,118288384,21.74218584690876,2305.9359372418603,14819,60698624,11.15680778646563,3673.680628180039,33462,178987008,32.89899363337439,2911.6561146076147,3440,36401152,6.690772035786494,2052.0091691860466,3584,14680064,2.698292672021919,2919.309818080357,7024,51081216,9.389064707808412,2494.549819191344,0,0,0,0,15534,227377152,41.79342154276807,89990.96483172396,15534,227377152,41.79342154276807,89990.96483172396,
589,9334.12158092336,18169,126513152,24.123029786566537,1794.3345791182783,28516,255774720,48.77011671648743,62678.449811263854,46685,382287872,72.89314650305397,38983.398089022165,15369,98430976,18.76843101631691,1256.1496550849113,12420,50872320,9.700133711566561,2529.2885225442833,27789,149303296,28.46856472788347,1825.165623052287,2800,28082176,5.354598770249625,4748.393185357143,3037,12439552,2.3719248053162354,6804.295083305894,5837,40521728,7.726523575565861,5818.082077608361,0,0,0,0,13059,192462848,36.69805819960464,132878.49507619266,13059,192462848,36.69805819960464,132878.49507619266,
594,8377.933934145194,16465,114151424,21.77092540917975,3856.1754294564225,25428,229122048,43.69808839709702,67109.70886750826,41893,343273472,65.46901380627676,42249.48333919748,13830,87273472,16.644770450801712,4044.530502096891,11100,45465600,8.67118561993237,6057.128475315316,24930,132739072,25.31595607073408,4940.633089450461,2635,26877952,5.126154958378037,2867.579355597723,2538,10395648,1.982654874179131,3562.742943656422,5173,37273600,7.108809832557168,3208.6435710419487,0,0,0,0,11790,173260800,33.04424790298552,138268.81335165392,11790,173260800,33.04424790298552,138268.81335165392,
599,7503.712823607436,14806,102408192,19.52946244335371,3433.0754509658245,22719,204206080,38.94253860144786,76454.15947370043,37525,306614272,58.47200104480157,47642.69591499001,12488,79048704,15.07475784714356,2281.3267891575915,9903,40562688,7.735391831714735,3366.8787877410887,22391,119611392,22.810149678858295,2761.440291992318,2318,23359488,4.454704596210152,9638.00957031924,2282,9347072,1.7825067312908236,8041.354327344435,4600,32706560,6.237211327500976,8845.92973021739,0,0,0,0,10534,154296320,29.4246400384423,159983.81221501803,10534,154296320,29.4246400384423,159983.81221501803,
