5,2728.3268033571885,5444,38612992,7.364646168326737,116.97200753122704,8198,73707520,14.058216590542022,189.53561063674067,13642,112320512,21.42286275886876,160.57825428822753,4586,29646848,5.654535797851801,112.60260793720018,3544,14516224,2.76867572086029,184.55185835214448,8130,44163072,8.42321151871209,143.9664632226322,858,8966144,1.7101103704749367,140.32639743589743,818,3350528,0.6390453554355862,183.2067457212714,1676,12316672,2.349155725910523,161.25487291169452,0,0,0,0,3836,55840768,10.650495514246145,195.48958081334723,3836,55840768,10.650495514246145,195.48958081334723,
10,2720.5280026985015,5383,37744640,7.1984990469446855,116.36035835036225,8221,73469952,14.011880347807578,183.7257905364311,13604,111214592,21.210379394752263,157.06979807409587,4563,29396992,5.606470717300272,109.08613675213675,3538,14491648,2.763786177763462,178.60778942905597,8101,43888640,8.370256895063735,139.44875953585978,820,8347648,1.5920283296444133,156.83874024390244,835,3420160,0.6522785354529368,183.91851497005987,1655,11767808,2.24430686509735,170.50134561933532,0,0,0,0,3848,55558144,10.59581563459118,188.38965826403327,3848,55558144,10.59581563459118,188.38965826403327,
15,2721.5039047857235,5337,37171200,7.0895934192922025,120.01134495034664,8271,74575872,14.223716516259298,189.88275359690485,13608,111747072,21.3133099355515,162.479482877719,4509,28942336,5.520117586856055,112.56988644932358,3624,14843904,2.831150033224787,184.38544757174392,8133,43786240,8.351267620080842,144.57032829214313,828,8228864,1.569475832436147,160.53493961352657,838,3432448,0.6546643840624645,183.693669451074,1666,11661312,2.2241402164986117,172.18380852340937,0,0,0,0,3809,56299520,10.737902098972047,196.47469099501183,3809,56299520,10.737902098972047,196.47469099501183,
20,2738.3833391102094,5356,37322752,7.118186809059667,120.32826157580284,8337,74440704,14.197314208499824,181.04773707568668,13693,111763456,21.31550101755949,157.29738939604178,4550,28917760,5.51518863827494,107.91353142857143,3561,14585856,2.781811153101567,174.10686689132265,8111,43503616,8.296999791376507,136.97461730982616,806,8404992,1.6029981707847274,190.41141563275434,853,3493888,0.6663535281088561,177.18349237983585,1659,11898880,2.2693516988935833,183.61007836045812,0,0,0,0,3923,56360960,10.7491495272894,188.18835381085904,3923,56360960,10.7491495272894,188.18835381085904,
25,2759.580275509817,5307,36069376,6.877644517704479,117.1473606557377,8495,77676544,14.811225372898903,188.87338987639788,13802,113745920,21.68886989060338,161.2940508621939,4522,28557312,5.445257503683355,111.18055970809375,3696,15138816,2.886642532073104,182.03370238095238,8218,43696128,8.33190003575646,143.0463683377951,785,7512064,1.4323870140211237,151.519174522293,854,3497984,0.6669893729411339,184.42916861826697,1639,11010048,2.0993763869622577,168.66690787065284,0,0,0,0,3945,59039744,11.257593467884664,196.24344055766792,3945,59039744,11.257593467884664,196.24344055766792,
30,2735.964568502958,5302,35995648,6.8645325027876485,119.9063195020747,8380,77266944,14.735154885364839,192.1084471360382,13682,113262592,21.599687388152486,164.1289353164742,4465,27779072,5.297594382556421,115.06889160134378,3686,15097856,2.879229267782803,185.29117797069995,8151,42876928,8.176823650339225,146.82442436510857,837,8216576,1.566938120231227,145.71171445639186,865,3543040,0.6756737158524483,180.4451965317919,1702,11759616,2.2426118360836753,163.3641598119859,0,0,0,0,3829,58626048,11.180251901729587,201.30593105249412,3829,58626048,11.180251901729587,201.30593105249412,
35,2719.31611127342,5427,37093376,7.07478174864288,121.71533720287452,8170,76132352,14.520645799693595,189.68504088127295,13597,113225728,21.595427548336474,162.55614613517687,4543,27598848,5.263900112892637,118.85540171692713,3568,14614528,2.7874140105077068,184.81709725336324,8111,42213376,8.051314123400344,147.87171655776106,884,9494528,1.8108816357502424,136.4129468325792,790,3235840,0.6171684608467176,186.4452582278481,1674,12730368,2.42805009659696,160.02437216248507,0,0,0,0,3812,58281984,11.116063328339171,194.91280876180483,3812,58281984,11.116063328339171,194.91280876180483,
40,2781.564407057851,5353,37306368,7.11502237183515,134.59135139174293,8556,75673600,14.432371357010803,191.61278155680225,13909,112979968,21.547393728845954,169.66758667050112,4464,27992064,5.338610330382237,115.46412186379929,3804,15581184,2.9716233094489364,185.5400233964248,8268,43573248,8.310233639831173,147.70513896952104,889,9314304,1.776412041452913,230.6362924634421,873,3575808,0.6819734882094957,184.66010882016036,1762,12890112,2.4583855296624084,207.85694608399547,0,0,0,0,3879,56516608,10.778774559352371,199.13287831915443,3879,56516608,10.778774559352371,199.13287831915443,
45,2699.377361833702,5293,36577280,6.9759871373232825,118.83014604194219,8205,74678272,14.242575306570895,197.88191090798293,13498,111255552,21.21856244389418,166.88317098829455,4435,27881472,5.317530172873414,113.9772166854566,3562,14589952,2.7825829992324227,189.69280095451995,7997,42471424,8.100113172105836,147.70222746029762,858,8695808,1.6584569644498688,143.91492657342658,841,3444736,0.6569770641084973,193.73700237812128,1699,12140544,2.315434028558366,168.57670747498528,0,0,0,0,3802,56643584,10.803015243229975,206.47093713834823,3802,56643584,10.803015243229975,206.47093713834823,
50,2707.5093434569612,5270,35827712,6.832860228788719,120.3420320683112,8269,73076736,13.93678510824506,194.19117148385538,13539,108904448,20.76964533703378,165.44569805746363,4438,27586560,5.261153954600665,112.54953808021631,3596,14729216,2.8090734403480315,189.02889877641823,8034,42315776,8.070227394948697,146.78152476972866,832,8241152,1.5717062741880534,161.90824399038462,861,3526656,0.6725840467574125,189.73308362369337,1693,11767808,2.2442903209454657,176.05897460129947,0,0,0,0,3812,54820864,10.455127621139615,200.06786253934942,3812,54820864,10.455127621139615,200.06786253934942,
55,2763.697064997335,5534,38404096,7.3247271876060065,130.87298012287675,8285,73580544,14.033852303557412,205.44958225709112,13819,111984640,21.358579491163418,175.5844027064187,4666,28741632,5.48182707715778,120.52602293184741,3646,14934016,2.848331412757199,199.47392539769612,8312,43675648,8.330158489914979,155.15596186236766,868,9662464,1.842900110448226,186.49383525345624,843,3452928,0.658569221325924,201.3653262158956,1711,13115392,2.50146933177415,193.820934541204,0,0,0,0,3796,55193600,10.52695166947429,212.09612407797684,3796,55193600,10.52695166947429,212.09612407797684,
60,2749.7095070601226,5370,37167104,7.08882920663081,232.06590484171323,8379,75935744,14.48311711061589,189.00778111946533,13749,113102848,21.5719463172467,205.8251587024511,4479,28008448,5.342011694395137,110.5407742799732,3640,14909440,2.8436564152673736,183.69362142857145,8119,42917888,8.185668109662512,143.33746890011088,891,9158656,1.7468175122356724,842.9649618406286,821,3362816,0.6413851420149763,187.0230304506699,1712,12521472,2.3882026542506485,528.4040239485981,0,0,0,0,3918,57663488,10.998075553333539,194.36077284328738,3918,57663488,10.998075553333539,194.36077284328738,
65,2746.7178269921137,5370,37400576,7.133380342086982,122.95151936685288,8364,75784192,14.454255074941774,195.89172584887615,13734,113184768,21.587635417028757,167.37207324887143,4523,28413952,5.419369119817916,118.54261574176431,3574,14639104,2.792103969183975,190.59123055400113,8097,43053056,8.211473089001892,150.34473372854143,847,8986624,1.7140112222690658,146.49516883116883,900,3686400,0.7031039653792885,196.67396333333335,1747,12673024,2.417115187648354,172.34572123640527,0,0,0,0,3890,57458688,10.95904714037851,200.58066066838046,3890,57458688,10.95904714037851,200.58066066838046,
70,2747.210386989648,5457,38092800,7.265123559718884,159.8766498075866,8280,74473472,14.203707157291262,271.28663309178745,13737,112566272,21.468830717010146,227.02920579456944,4549,28618752,5.458217022769445,155.02327852275226,3679,15069184,2.8740203845382553,265.5153862462626,8228,43687936,8.332237407307701,204.427807486631,908,9474048,1.8069065369494386,184.19161233480176,793,3248128,0.6194884927803307,262.6368738965952,1701,12722176,2.426395029729769,220.76250734861847,0,0,0,0,3808,56156160,10.710198279972678,278.6636488970588,3808,56156160,10.710198279972678,278.6636488970588,
75,2759.179176201558,5488,38215680,7.286894733344808,148.42931450437317,8312,73859072,14.083310378528788,206.1120867420597,13800,112074752,21.370205111873595,183.172735,4647,29024256,5.534291112591781,124.4109675059178,3630,14868480,2.835094092394604,199.83749256198348,8277,43892736,8.369385204986385,157.49037863960373,841,9191424,1.752603620753028,281.14424732461356,830,3399680,0.6482446547348544,200.37841686746987,1671,12591104,2.400848275487882,241.02716816277677,0,0,0,0,3852,55590912,10.59997163139933,213.26050908618902,3852,55590912,10.59997163139933,213.26050908618902,
80,2768.4817736469454,5549,38010880,7.249690406321012,126.0970668588935,8294,75542528,14.4079784659244,205.74859392331805,13843,113553408,21.657668872245413,173.82008683088927,4682,28901376,5.512264602047528,118.39944767193506,3669,15028224,2.866283847068081,198.71173344235487,8351,43929600,8.378548449115609,153.6845364626991,867,9109504,1.737425804273484,167.66598615916956,835,3420160,0.6523158932411687,193.00442634730538,1702,12529664,2.3897416975146526,180.09700705052882,0,0,0,0,3790,57094144,10.889378725615149,215.36854670184695,3790,57094144,10.889378725615149,215.36854670184695,
85,2729.7797755175334,5410,38535168,7.3488687092718,260.0652316081331,8241,75497472,14.397783593675364,331.48840383448606,13651,114032640,21.746652302947165,303.18283195370304,4582,29544448,5.634288903058833,258.6267536010476,3527,14446592,2.755044636224664,292.9982421321236,8109,43991040,8.389333539283497,273.5765920582069,828,8990720,1.7145798062129678,268.02550483091784,835,3420160,0.6522433431379627,329.2612239520958,1663,12410880,2.3668231493509304,298.7722429344558,0,0,0,0,3879,57630720,10.990495614312737,366.9652008249549,3879,57630720,10.990495614312737,366.9652008249549,
90,2740.7805572120624,5436,38154240,7.276761130298694,121.54969977924945,8269,74620928,14.231673029713539,191.83058749546498,13705,112775168,21.508434160012232,163.95412593943814,4600,29683712,5.661265476250632,115.73301152173913,3567,14610432,2.7864956469968267,184.42362881973648,8167,44294144,8.447761123247458,145.73416640137137,836,8470528,1.6154956540480623,153.55540071770335,853,3493888,0.6663528979221456,190.44518405627198,1689,11964416,2.281848551970208,172.1859425695678,0,0,0,0,3849,56516608,10.778824484794566,199.00189711613405,3849,56516608,10.778824484794566,199.00189711613405,
95,2792.6017481752137,5587,39186432,7.473688179423504,130.5270100232683,8377,77045760,14.694269327370765,208.02823397397637,13964,116232192,22.16795750679427,177.0199742910341,4721,30064640,5.733967935295131,126.05555983901715,3606,14770176,2.816987516985592,202.2845191347754,8327,44834816,8.550955452280723,159.0664433769665,866,9121792,1.7397202441283728,154.9031258660508,810,3317760,0.6327675786906071,200.06496172839505,1676,12439552,2.37248782281898,176.72955011933175,0,0,0,0,3961,58957824,11.244514231694566,214.8856149962131,3961,58957824,11.244514231694566,214.8856149962131,
100,2765.311372876624,5423,37462016,7.145083502931764,243.9429227364927,8404,76587008,14.607344340456825,444.55943503093766,13827,114049024,21.75242784338859,365.87690475157297,4560,29122560,5.554509480192963,237.7711831140351,3723,15249408,2.9085005337212944,433.02935723878596,8283,44371968,8.463010013914257,325.5348173367138,863,8339456,1.5905740227388008,276.5537369640788,860,3522560,0.6718534673651123,422.39437558139537,1723,11862016,2.262427490103913,349.3470911201393,0,0,0,0,3821,57815040,11.02699033937042,460.7825260403036,3821,57815040,11.02699033937042,460.7825260403036,
105,2782.2448169573204,5424,37990400,7.245168827400393,271.88995888643063,8489,74928128,14.28958203338387,273.0077598068088,13913,112918528,21.534750860784264,272.57198375619924,4583,29143040,5.55788422716483,136.2504078114772,3639,14905344,2.842605861230192,236.11465457543284,8222,44048384,8.400490088395022,180.44962867915348,841,8847360,1.6872846002355633,1011.0529346016647,907,3715072,0.7085033020433592,528.7873836824697,1748,12562432,2.3957879022789226,760.8156035469108,0,0,0,0,3943,56307712,10.738472870110318,248.22000710119198,3943,56307712,10.738472870110318,248.22000710119198,
110,2761.915585916798,5450,37097472,7.07556499526171,125.22409926605503,8360,75800576,14.457370630706992,211.7069157894737,13810,112898048,21.5329356259687,177.5772018102824,4624,28860416,5.504519262075082,121.29014511245676,3642,14917632,2.8452255396646957,211.01943108182317,8266,43778048,8.349744801739778,160.8248728526494,826,8237056,1.5710457331866292,147.24662227602906,823,3371008,0.6429490991609129,199.11788456865128,1649,11608064,2.213994832347542,173.13506913280776,0,0,0,0,3895,57511936,10.969195991881382,215.00976354300386,3895,57511936,10.969195991881382,215.00976354300386,
115,2750.440156063766,5341,37076992,7.070949897725551,128.1761177682082,8413,77090816,14.701982769011556,216.5557811719957,13754,114167808,21.772932666737105,182.23589006834376,4498,28524544,5.439913288528584,126.84334771009338,3621,14831616,2.8285361886504883,209.04347997790666,8119,43356160,8.268449477179072,163.50385749476536,843,8552448,1.6310366091969677,135.28738671411625,874,3579904,0.6827231783707614,220.01687986270025,1717,12132352,2.313759787567729,178.41701805474665,0,0,0,0,3918,58679296,11.190723401990306,222.72654236855539,3918,58679296,11.190723401990306,222.72654236855539,
120,2756.612626423912,5435,36876288,7.033115692246921,148.13943311867524,8349,75403264,14.381053735263086,239.91020253922625,13784,112279552,21.414169427510007,203.72519587928034,4537,27963392,5.333231237473035,133.84459620894864,3651,14954496,2.8521498825273253,228.49052780060256,8188,42917888,8.18538112000036,176.046879579873,898,8912896,1.6998844547738865,220.36178841870824,827,3387392,0.6460498364420975,264.2361837968561,1725,12300288,2.345934291215984,241.39606376811594,0,0,0,0,3871,57061376,10.882854016293663,245.48386463446138,3871,57061376,10.882854016293663,245.48386463446138,
125,2745.4792725622833,5294,35262464,6.724995634664959,125.08979939554213,8435,76599296,14.60844968798576,196.20331630112628,13729,111861760,21.333445322650718,168.78143863354944,4489,27820032,5.305630195219468,115.63765537981733,3683,15085568,2.877007657390062,188.44382731468912,8172,42905600,8.18263785260953,148.45032440039157,805,7442432,1.4193654394454909,177.79871180124223,850,3481600,0.6639849331473127,205.93673529411765,1655,10924032,2.0833503725928035,192.25026465256798,0,0,0,0,3902,58032128,11.067457097448385,201.40700461301898,3902,58032128,11.067457097448385,201.40700461301898,
130,2763.2973614623347,5450,38199296,7.285139625680084,134.11094018348624,8368,74170368,14.145325792602932,194.4507260994264,13818,112369664,21.430465418283017,170.6519250253293,4603,29446144,5.615791204054698,116.16082098631328,3705,15175680,2.8942142733374125,187.78770985155194,8308,44621824,8.510005477392111,148.10324073182474,847,8753152,1.6693484216253847,231.66040731995275,863,3534848,0.6741449171093622,188.6732398609502,1710,12288000,2.343493338734747,209.96571403508773,0,0,0,0,3800,55459840,10.576966602156158,202.25926447368423,3800,55459840,10.576966602156158,202.25926447368423,
135,2747.6370003339202,5379,36368384,6.935802437558246,233.67288008923592,8361,75984896,14.491054287548488,286.1595774428896,13740,112353280,21.426856725106735,265.6118376273654,4527,27877376,5.316485121074606,145.6955478241661,3613,14798848,2.8222833885457757,251.06860420703018,8140,42676224,8.138768509620382,192.46616855036854,852,8491008,1.6193173164836405,701.1299025821596,811,3321856,0.6335100548327219,488.35484093711466,1663,11812864,2.2528273713163625,597.3652754058929,0,0,0,0,3937,57864192,11.03526084416999,276.71160375920755,3937,57864192,11.03526084416999,276.71160375920755,
140,2762.4984544243134,5390,37097472,7.075521163747751,115.62562745825603,8423,76877824,14.662742268122065,191.77340199453874,13813,113975296,21.738263431869814,162.05961753420692,4574,28962816,5.524015694916677,111.18225032794054,3618,14819328,2.8264586033387835,184.6229729132117,8192,43782144,8.350474298255461,143.61737414550782,816,8134656,1.5515054688310734,140.53249877450978,895,3665920,0.6991930486424022,186.66129608938547,1711,11800576,2.250698517473476,164.6618229105786,0,0,0,0,3910,58392576,11.137090616140878,199.55999718670074,3910,58392576,11.137090616140878,199.55999718670074,
145,2743.1663946929943,5455,37646336,7.1798573205304415,121.17080311640697,8262,73183232,13.957405151334717,187.78372536916,13717,110829568,21.13726247186516,161.29298461762775,4573,28815360,5.495625748006925,108.33118324950799,3596,14729216,2.809135776806383,180.77065906562848,8169,43544576,8.304761524813308,140.21909548292322,882,8830976,1.6842315725235155,187.74175736961453,870,3563520,0.679629623420899,190.53951724137931,1752,12394496,2.3638611959444145,189.13105593607307,0,0,0,0,3796,54890496,10.468639751107435,193.7956978398314,3796,54890496,10.468639751107435,193.7956978398314,
150,2739.983414017726,5411,37564416,7.163754575619825,125.95498225836259,8291,74530816,14.213463990620252,207.23715679652636,13702,112095232,21.377218566240074,175.1383503138228,4610,29720576,5.6678882565366315,116.79901344902386,3518,14409728,2.748019692185208,201.2802003979534,8128,44130304,8.41590794872184,153.36456656003938,801,7843840,1.4958663190831931,178.65038327091136,881,3608576,0.6881766199019808,194.11056526674236,1682,11452416,2.184042938985174,186.74813614744352,0,0,0,0,3892,56512512,10.777267678533063,215.59304059609457,3892,56512512,10.777267678533063,215.59304059609457,
155,2725.23995374314,5354,36319232,6.926936949003021,179.80444639521852,8273,75583488,14.415559661661524,242.31924162939683,13627,111902720,21.342496610664544,217.75740016144417,4534,27918336,5.324687294959354,142.51691927657697,3553,14553088,2.775618245157069,239.89498930481284,8087,42471424,8.100305540116423,185.29969197477433,820,8400896,1.602249654043667,385.97718780487804,804,3293184,0.6280881140180927,235.32414800995025,1624,11694080,2.2303377680617595,311.3928011083744,0,0,0,0,3916,57737216,11.011853302486363,245.95494739530133,3916,57737216,11.011853302486363,245.95494739530133,
160,2760.1850908847496,5466,37498880,7.151786909010549,136.31232747896087,8336,74407936,14.19108257663415,223.0811767034549,13802,111906816,21.342869485644698,188.71814744239964,4586,28655616,5.465199477382611,130.543873964239,3598,14737408,2.8107186563211313,214.63367398554755,8184,43393024,8.275918133703742,167.5129722629521,880,8843264,1.6865874316279383,166.37383636363637,872,3571712,0.6811969617320807,222.64159059633027,1752,12414976,2.367784393360019,194.37924828767126,0,0,0,0,3866,56098816,10.699166958580937,231.04223047077082,3866,56098816,10.699166958580937,231.04223047077082,
165,2742.1066963450958,5360,37273600,7.106023472453312,127.80375447761195,8357,74936320,14.286230706432235,212.25802106018907,13717,112209920,21.392254178885548,179.2570099876066,4522,28680192,5.467733665287702,123.0287529854047,3679,15069184,2.872863775291839,206.17946398477847,8201,43749376,8.340597440579542,160.3304803072796,838,8593408,1.6382898071656098,153.57052863961815,844,3457024,0.6590641550275379,213.26669075829383,1682,12050432,2.2973539621931476,183.52508323424496,0,0,0,0,3834,56410112,10.754302776112858,217.8687916014606,3834,56410112,10.754302776112858,217.8687916014606,
170,2714.12681954139,5273,36265984,6.917000998285483,127.73212459700359,8298,76726272,14.633980426912546,206.08935297662086,13571,112992256,21.550981425198028,175.64372146488836,4512,28389376,5.414697754587383,123.17914273049647,3605,14766080,2.8163303138490137,197.2908560332871,8117,43155456,8.231028068436396,156.09434865097944,761,7876608,1.5023032436981008,154.72693955321944,830,3399680,0.6484200167807715,203.43425421686746,1591,11276288,2.1507232604788724,180.1367894406034,0,0,0,0,3863,58560512,11.16923009628276,214.8706922081284,3863,58560512,11.16923009628276,214.8706922081284,
175,2760.702656655701,5427,36769792,7.012018027940249,130.2476460291137,8379,73424896,14.00216499597381,201.61796109320923,13806,110194688,21.014183023914057,173.56300673620163,4570,28639232,5.461516102412634,122.7348341356674,3707,15183872,2.8955721097888496,193.63469759913676,8277,43823104,8.357088212201484,154.4885847529298,857,8130560,1.5505019255276142,170.3101318553092,809,3313664,0.6319174094467708,200.36823114956738,1666,11444224,2.182419334974385,184.90617166866747,0,0,0,0,3863,54927360,10.47467547673819,209.54055733885582,3863,54927360,10.47467547673819,209.54055733885582,
180,2761.1569618597546,5450,38449152,7.332948300957371,148.39724568807338,8357,75923456,14.479975466767426,203.97600131626183,13807,114372608,21.812923767724797,182.03754848989644,4587,29450240,5.616693116425215,121.19418988445608,3652,14958592,2.8528738888991496,196.15280147864183,8239,44408832,8.469567005324365,154.42016992353442,863,8998912,1.7162551845321554,292.9863731170336,868,3555328,0.6780653164196226,207.69760368663594,1731,12554240,2.3943205009517783,250.2188099364529,0,0,0,0,3837,57409536,10.949036261448652,210.58011258795932,3837,57409536,10.949036261448652,210.58011258795932,
185,2745.4942534451366,5403,38244352,7.294250301737677,141.87861984082917,8325,75296768,14.361165609600913,227.05381885885888,13728,113541120,21.65541591133859,193.53097501456878,4535,29249536,5.5786913788913735,132.51892502756337,3610,14786560,2.820203875899434,228.26294709141274,8145,44036096,8.398895254790808,174.95427427869856,868,8994816,1.715558922846304,190.77979032258062,829,3395584,0.647631305573582,213.96739806996382,1697,12390400,2.363190228419886,202.10714849734828,0,0,0,0,3886,57114624,10.893330428127896,228.72229284611427,3886,57114624,10.893330428127896,228.72229284611427,
190,2740.3037079199466,5391,37150720,7.085688514574148,134.62985642737894,8311,73961472,14.106535557625733,206.30882083985082,13702,111112192,21.19222407219988,178.10700379506642,4528,28311552,5.399810254987488,128.36896863957597,3658,14983168,2.857712082283598,196.2689628212138,8186,43294720,8.257522337271086,158.71079354996337,863,8839168,1.6858782595866606,167.4795666280417,876,3588096,0.6843509524550114,223.54886757990866,1739,12427264,2.370229212041672,195.72379183438758,0,0,0,0,3777,55390208,10.564472522887122,212.03387238549112,3777,55390208,10.564472522887122,212.03387238549112,
195,2737.045781702839,5434,36982784,7.053508821456157,154.3092977548767,8252,74514432,14.2116992446484,235.80974733397963,13686,111497216,21.26520806610456,203.45015044571096,4562,28733440,5.480159971482439,146.65281499342393,3489,14290944,2.725627675053775,231.07400315276584,8051,43024384,8.205787646536214,183.23777654949694,872,8249344,1.573348849973718,194.36534633027523,848,3473408,0.6624626736731445,231.05550235849057,1720,11722752,2.2358115236468628,212.4544465116279,0,0,0,0,3915,56750080,10.823608895921481,241.05996730523626,3915,56750080,10.823608895921481,241.05996730523626,
200,2782.6719312345413,5458,38432768,7.329077907953777,220.86809600586295,8458,76570624,14.601916488467218,326.2816229605108,13916,115003392,21.930994396420996,284.9373408306985,4586,28921856,5.515359598002943,158.30234801569995,3678,15065088,2.87289231007716,273.98457748776514,8264,43986944,8.388251908080104,209.7882192642788,872,9510912,1.8137183099508334,549.9122706422019,865,3543040,0.6756530310540357,713.1420312138729,1737,13053952,2.489371341004869,631.198248128958,0,0,0,0,3915,57962496,11.053371147336023,289.93788863346106,3915,57962496,11.053371147336023,289.93788863346106,
205,2738.142753131229,5390,37376000,7.128236556452463,139.14860408163267,8302,75911168,14.477546093231068,214.94945639604916,13692,113287168,21.60578264968353,185.10965257084428,4573,28852224,5.502608033276838,129.52400918434287,3664,15007744,2.8622310951059533,207.89501173580788,8237,43859968,8.36483912838279,164.38516656549714,817,8523776,1.6256285231756247,193.02041860465118,787,3223552,0.614785991224996,207.50048919949174,1604,11747328,2.2404145144006207,200.12504177057355,0,0,0,0,3851,57679872,11.000529006900118,223.18363515969878,3851,57679872,11.000529006900118,223.18363515969878,
210,2768.512522756116,5458,36298752,6.92321874567265,126.06097728105533,8385,76906496,14.66828652321707,199.09623744782348,13843,113205248,21.59150526888972,170.29999024777865,4621,28299264,5.397485704564696,119.58873230902402,3551,14544896,2.7741310952249583,193.45512193748237,8172,42844160,8.171616799789655,151.68608296622614,837,7999488,1.5257330411079537,161.79364635603346,859,3518464,0.67107254598655,194.73679860302678,1696,11517952,2.1968055870945036,178.47888679245284,0,0,0,0,3975,58843136,11.223082882005562,205.07771144654086,3975,58843136,11.223082882005562,205.07771144654086,
215,2736.8206676362965,5430,38187008,7.283116517963667,128.20725966850827,8255,75755520,14.448272015417572,200.15352513628105,13685,113942528,21.73138853338124,171.60634051881624,4569,29310976,5.59025869382688,120.34709433136354,3575,14643200,2.7927857504794713,193.29820811188813,8144,43954176,8.383044444306352,152.37069842829078,861,8876032,1.692857824136787,169.9181718931475,769,3149824,0.6007418859073325,195.31845643693106,1630,12025856,2.2935997100441194,181.90149631901838,0,0,0,0,3911,57962496,11.054744379030769,207.3705862950652,3911,57962496,11.054744379030769,207.3705862950652,
220,2743.154358208055,5411,36659200,6.991561425250741,130.3832171502495,8306,74489856,14.2065403440905,207.793386226824,13717,111149056,21.19810176934124,177.25708638915216,4605,28667904,5.467479152550831,123.42043843648209,3580,14663680,2.7966245701002963,201.74725810055867,8185,43331584,8.264103722651127,157.67945058032987,806,7991296,1.5240822726999101,170.16435359801488,856,3506176,0.6686901206720262,203.7176273364486,1662,11497472,2.192772393371936,187.4457027677497,0,0,0,0,3870,56320000,10.741225653318176,214.28795684754522,3870,56320000,10.741225653318176,214.28795684754522,
225,2776.5237647612535,5403,36929536,7.043049289843373,133.05920192485655,8481,77021184,14.689163580990993,207.6858424714067,13884,113950720,21.732212870834367,178.6446627772976,4556,28835840,5.499452861634577,129.668426690079,3708,15187968,2.8965868197359392,200.68816316073355,8264,44023808,8.396039681370516,161.53449431268152,847,8093696,1.5435964282087962,151.29812987012986,827,3387392,0.6460294767857664,201.7773216444982,1674,11481088,2.1896259049945623,176.23617741935485,0,0,0,0,3946,58445824,11.146547284469287,215.49976583882412,3946,58445824,11.146547284469287,215.49976583882412,
230,2765.470828729249,5384,38453248,7.334032437612485,130.7217646731055,8444,77467648,14.775091126178623,215.488029843676,13828,115920896,22.10912356379111,182.48386643043102,4494,29302784,5.588801454908363,125.1156577659101,3648,14942208,2.8498668867075354,207.59982675438596,8142,44244992,8.438668341615898,162.0724556619995,890,9150464,1.7452309827041212,159.02945505617978,873,3575808,0.6819993947630697,216.4833298969072,1763,12726272,2.427230377467191,187.4793885422575,0,0,0,0,3923,58949632,11.243224844708019,222.60178664287534,3923,58949632,11.243224844708019,222.60178664287534,
235,2769.5085851684244,5386,36167680,6.898209806649986,126.54827868548088,8462,74637312,14.235467621378941,202.1911311746632,13848,110804992,21.13367742802893,172.77082474003467,4564,28332032,5.403727885911433,122.20615907099035,3711,15200256,2.899123056905787,193.96660172460255,8275,43532288,8.302850942817221,154.38779081570996,822,7835648,1.4944819207385531,150.6570790754258,855,3502080,0.6679467026824166,202.92525497076022,1677,11337728,2.1624286234209698,177.3054335122242,0,0,0,0,3896,55934976,10.668397861790739,209.86401437371663,3896,55934976,10.668397861790739,209.86401437371663,
240,2725.898544782062,5399,38428672,7.329414706514038,722.5452418966474,8231,74002432,14.114318429182385,767.7475309196939,13630,112431104,21.443733135696423,749.8423835656639,4521,29007872,5.532606581915627,649.4391196637912,3607,14774272,2.817863871924551,774.4314732464652,8128,43782144,8.350470453840177,704.9075521653543,878,9420800,1.7968081245984104,1098.9834863325739,873,3575808,0.6820058664236576,815.0832084765177,1751,12996608,2.478813991022068,957.4386876070818,0,0,0,0,3751,55652352,10.614448690834175,750.3033756331646,3751,55652352,10.614448690834175,750.3033756331646,
245,2751.9894403343387,5442,37208064,7.096332046861697,137.0785716648291,8319,74805248,14.266877165547685,210.33281620387066,13761,112013312,21.36320921240938,181.36329372865342,4568,28606464,5.455832564429997,122.14549912434326,3552,14548992,2.774787695998761,204.367915259009,8120,43155456,8.230620260428758,158.112743226601,874,8601600,1.6404994824317,215.12694164759728,830,3399680,0.6483878906753862,247.47544578313253,1704,12001280,2.288887373107086,230.8835487089202,0,0,0,0,3937,56856576,10.843701578873537,207.883983489967,3937,56856576,10.843701578873537,207.883983489967,
250,2738.6870359912245,5364,38895616,7.4179023177290615,120.89730387770321,8331,75825152,14.460847483761624,196.04638722842395,13695,114720768,21.878749801490684,166.61231033223802,4521,29609984,5.647010936695807,117.51758770183588,3590,14704640,2.804367030396728,193.26810389972144,8111,44314624,8.451377967092535,151.04543299223275,843,9285632,1.7708913810332543,139.02268564650058,813,3330048,0.6350836756859443,194.37246494464947,1656,12615680,2.4059750567191984,166.1962185990338,0,0,0,0,3928,57790464,11.021396777678952,198.9320633910387,3928,57790464,11.021396777678952,198.9320633910387,
255,2741.647097927202,5374,37179392,7.0904935687583235,119.474810197246,8336,74866688,14.277849669468397,188.07714575335893,13710,112046080,21.36834323822672,161.18663143690736,4539,28913664,5.514133976188719,111.58501718440185,3600,14745600,2.8121380244056366,182.2085661111111,8139,43659264,8.326272000594356,142.82285673915715,835,8265728,1.5763595925696041,162.36315808383233,864,3538944,0.6749131258573529,188.45303935185186,1699,11804672,2.2512727184269568,175.63076103590348,0,0,0,0,3872,56582144,10.790798519205406,193.44959271694216,3872,56582144,10.790798519205406,193.44959271694216,
260,2742.5328103864676,5389,37031936,7.062593181096887,126.5881074410837,8325,75997184,14.49390044044593,189.31339771771772,13714,113029120,21.556493621542817,164.66511207525156,4563,28647424,5.463530218846547,119.00595507341662,3582,14671872,2.7981648904644456,184.47010831937465,8145,43319296,8.261695109310992,147.79571528545122,826,8384512,1.5990629622503405,168.47353268765136,869,3559424,0.6788401144091577,183.52379056386653,1695,11943936,2.277903076659498,176.18956460176992,0,0,0,0,3874,57765888,11.016895435572327,195.09032885906038,3874,57765888,11.016895435572327,195.09032885906038,
265,2756.143352985666,5481,38432768,7.330318089972296,127.68801185914978,8300,76435456,14.578606615898222,184.9973455421687,13781,114868224,21.90892470587052,162.20419135040999,4616,29659136,5.656914983426345,114.27941182842288,3608,14778368,2.8186920674219382,180.30186640798226,8224,44437504,8.475607050848284,143.2445159289883,865,8773632,1.6734031065459511,199.24188208092485,842,3448832,0.6577989802575587,177.49616983372923,1707,12222464,2.33120208680351,188.5155260691271,0,0,0,0,3850,58208256,11.102115568218725,191.03819714285714,3850,58208256,11.102115568218725,191.03819714285714,
270,2705.778674544095,5399,38432768,7.329327476964714,121.4252670864975,8132,72835072,13.890024639815255,181.95914854894244,13531,111267840,21.21935211677997,157.80554378833787,4536,28958720,5.522577561775607,113.41643231922399,3507,14364672,2.739417186583742,175.10080153977756,8043,43323392,8.26199474835935,140.31274996891707,863,9474048,1.8067499151891062,163.5203707995365,822,3366912,0.6420875184978146,180.70741605839416,1685,12840960,2.4488374336869208,171.90479287833827,0,0,0,0,3803,55103488,10.508519934733698,188.55424375493033,3803,55103488,10.508519934733698,188.55424375493033,
275,2781.514415582947,5559,38817792,7.403678446217889,255.79019391976976,8349,75464704,14.393307132332845,364.3263620792909,13908,114282496,21.796985578550736,320.9446710526316,4675,30158848,5.752166761580913,163.07569005347594,3642,14917632,2.8452249552733515,287.0525626029654,8317,45076480,8.597391716854265,217.36494938078633,884,8658944,1.6515116846369755,746.1072816742081,889,3641344,0.694509880625483,906.3689032620923,1773,12300288,2.3460215652624585,826.4640676818951,0,0,0,0,3818,56905728,10.853572296434011,311.82645599790465,3818,56905728,10.853572296434011,311.82645599790465,
280,2718.581564689859,5388,36622336,6.984595044772748,127.84214903489236,8206,73805824,14.076212740382525,208.57847489641725,13594,110428160,21.060807785155273,176.57852464322497,4526,27402240,5.226142584669465,118.52652452496685,3616,14811136,2.824773032311627,201.79259043141593,8142,42213376,8.050915616981092,155.5063936379268,862,9220096,1.7584524601032834,176.7545812064965,814,3334144,0.6358864071630709,205.99718427518425,1676,12554240,2.394338867266354,190.95713424821002,0,0,0,0,3776,55660544,10.615553300907827,215.6332759533898,3776,55660544,10.615553300907827,215.6332759533898,
285,2754.8576445638564,5467,37740544,7.197020605280589,128.41211249314065,8310,75411456,14.380762574758078,209.1343600481348,13777,113152000,21.57778318003867,177.10209414241126,4625,29560832,5.637171446528111,122.90053945945945,3623,14839808,2.8299116185078765,204.74672702180513,8248,44400640,8.467083065035988,158.85213227449077,842,8179712,1.5598491587524785,158.68648931116388,855,3502080,0.6678372712735949,203.2676035087719,1697,11681792,2.2276864300260737,181.1478049499116,0,0,0,0,3832,57069568,10.883013684976607,214.5916855427975,3832,57069568,10.883013684976607,214.5916855427975,
290,2726.636147311285,5264,36413440,6.944385814768211,281.34232142857144,8371,76660736,14.619924061777484,215.74739039541274,13635,113074176,21.564309876545696,241.0713153648698,4404,27656192,5.274296177875699,128.5594187102634,3650,14950400,2.851182027435767,210.29580575342464,8054,42606592,8.125478205311465,165.60161050409732,860,8757248,1.6700896368925124,1063.7329069767443,833,3411968,0.650694418864108,208.82202521008404,1693,12169216,2.3207840557566204,643.0945345540462,0,0,0,0,3888,58298368,11.11804761547761,222.34901414609055,3888,58298368,11.11804761547761,222.34901414609055,
295,2729.5436581827944,5353,36716544,7.002467371679749,148.21771399215393,8296,75624448,14.422864244011961,229.28100518322083,13649,112340992,21.42533161569171,197.48880079126675,4548,28299264,5.397149383192257,140.6622755057168,3593,14716928,2.8067676557837284,221.8880161424993,8141,43016192,8.203917038975986,176.5109533226876,805,8417280,1.6053179884874929,190.90359503105591,879,3600384,0.6866542636888108,224.11216268486916,1684,12017664,2.2919722521763037,208.23752078384797,0,0,0,0,3824,57307136,10.929442324539423,237.4155298117155,3824,57307136,10.929442324539423,237.4155298117155,
300,2724.639926831136,5376,37494784,7.150092736947123,135.36805059523812,8250,74448896,14.197081667768286,201.76652824242424,13626,111943680,21.34717440471541,175.56968281227066,4500,28225536,5.38248733343922,131.63615133333334,3670,15032320,2.8665982460777735,194.06702016348774,8170,43257856,8.249085579516994,159.68037270501836,876,9269248,1.7676054035079023,154.53876598173517,848,3473408,0.6623638454152457,198.19631132075472,1724,12742656,2.429969248923148,176.01301102088166,0,0,0,0,3732,55943168,10.668119576275267,210.14936280814575,3732,55943168,10.668119576275267,210.14936280814575,
305,2725.354397882607,5407,37449728,7.141277071441866,130.18584963935638,8223,75366400,14.371595550096286,217.694617536179,13630,112816128,21.512872621538154,182.98002413793103,4543,28684288,5.469798023767624,123.91661237068017,3542,14508032,2.766532143393535,211.33199040090346,8085,43192320,8.23633016716116,162.2128732220161,864,8765440,1.671479047674242,163.1501377314815,824,3375104,0.6435975398521381,205.11824514563108,1688,12140544,2.31507658752638,183.63693898104265,0,0,0,0,3857,57483264,10.961465866850613,226.22439616282082,3857,57483264,10.961465866850613,226.22439616282082,
310,2725.2435252375603,5370,37830656,7.215210725688805,132.6903862197393,8257,74137600,14.139813137177065,205.8938505510476,13627,111968256,21.35502386286587,177.04651779555294,4463,28631040,5.460623968445729,121.81009029800583,3537,14487552,2.763122600342281,200.1972267458298,8000,43118592,8.223746568788009,156.467003,907,9199616,1.7545867572430767,186.2281598676957,844,3457024,0.6593371429711294,204.67112559241704,1751,12656640,2.4139239002142063,195.11785893774984,0,0,0,0,3876,56193024,10.717353393863656,211.35848890608875,3876,56193024,10.717353393863656,211.35848890608875,
315,2767.809956079234,5342,38047744,7.2565330004798145,210.4283545488581,8498,75120640,14.3271412669609,195.28509637561777,13840,113168384,21.583674267440713,201.13013143063583,4442,28540928,5.4433762458115345,116.15905447996397,3672,15040512,2.8685530388375367,184.79249863834423,8114,43581440,8.311929284649072,147.2191982992359,900,9506816,1.8131567546682796,675.6997222222222,881,3608576,0.6882339943398339,229.27607604994324,1781,13115392,2.5013907490081135,454.86915946097696,0,0,0,0,3945,56471552,10.770354233783529,197.46070240811153,3945,56471552,10.770354233783529,197.46070240811153,
320,2770.7743199094484,5404,38920192,7.423368698734226,249.41325370096226,8450,78168064,14.90923681821132,192.9887723076923,13854,117088256,22.33260551694555,214.99814847697417,4585,30044160,5.730415639361771,113.97875594329335,3673,15044608,2.869504654856958,186.46861121698885,8258,45088768,8.599920294218729,146.22085311213368,819,8876032,1.692953059372455,1007.6149291819293,848,3473408,0.6624938598744079,189.05412382075474,1667,12349440,2.3554469192468632,591.2144715056988,0,0,0,0,3929,59650048,11.377238303479956,199.9333214558412,3929,59650048,11.377238303479956,199.9333214558412,
325,2796.5269194806237,5627,39243776,7.484960648517356,124.99834796516794,8356,75042816,14.312907216520873,227.5038075634275,13983,114286592,21.797867865038228,186.2538453836802,4772,30543872,5.825629011167303,121.27491240569991,3654,14966784,2.854612901542889,225.81447318007662,8426,45510656,8.680241912710192,166.60930061713742,855,8699904,1.6593316373500537,145.77990877192983,843,3452928,0.658576539682719,216.97193712930013,1698,12152832,2.317908177032773,181.12436101295643,0,0,0,0,3859,56623104,10.799717775295266,231.40409121534077,3859,56623104,10.799717775295266,231.40409121534077,
330,2806.0182833783756,5589,37806080,7.210470552811188,119.9854211844695,8442,75665408,14.431096697950279,200.56069071310117,14031,113471488,21.64156725076147,168.4649611574371,4713,28835840,5.499643845264438,117.33481582855931,3763,15413248,2.9396533792230226,196.11282407653468,8476,44249088,8.439297224487461,152.30905427088248,876,8970240,1.7108267075467498,134.24604109589043,830,3399680,0.6483955101661198,204.29556987951807,1706,12369920,2.35922221771287,168.32640973036342,0,0,0,0,3849,56852480,10.843047808561137,204.10378565861262,3849,56852480,10.843047808561137,204.10378565861262,
335,2764.709352741049,5443,36577280,6.97582914782368,119.81476722395738,8382,75112448,14.32505654118596,190.97901896921977,13825,111689728,21.30088568900964,162.96115117540688,4566,28151808,5.368966823403376,113.71932544897066,3630,14868480,2.8356393960358295,184.8418859504132,8196,43020288,8.204606219439205,145.219434602245,877,8425472,1.6068623244203033,151.54998631698973,894,3661824,0.6983640826600638,187.5679977628635,1771,12087296,2.305226407080367,169.7318622247318,0,0,0,0,3858,56582144,10.791053062490068,197.54388310005183,3858,56582144,10.791053062490068,197.54388310005183,
340,2730.7100848167534,5330,37355520,7.1247653999997675,129.42870938086304,8324,73269248,13.974539854736387,186.0253847909659,13654,110624768,21.099305254736155,163.93220477515746,4517,29057024,5.54200501618403,112.90224950188178,3588,14696448,2.8030327034209614,178.60108890746935,8105,43753472,8.345037719604992,141.98644885872918,813,8298496,1.5827603838157378,221.2491512915129,832,3407872,0.6499785978947157,182.65588581730768,1645,11706368,2.2327389817104537,201.7296395136778,0,0,0,0,3904,55164928,10.52152855342071,193.5668286372951,3904,55164928,10.52152855342071,193.5668286372951,
345,2732.942942666344,5364,35549184,6.7798310472274945,162.28893717375092,8302,75534336,14.405676269376913,224.47930330040955,13666,111083520,21.185507316604408,200.06915227572077,4503,27484160,5.241694472507949,122.10837330668443,3559,14577664,2.7802072470425916,221.0949384658612,8062,42061824,8.02190171955054,165.8063620689655,861,8065024,1.5381365747195457,372.43188617886176,862,3530752,0.6733741632342551,226.55279350348027,1723,11595776,2.211510737953801,299.45000696459664,0,0,0,0,3881,57425920,10.952094859100066,227.12233496521515,3881,57425920,10.952094859100066,227.12233496521515,
350,2773.76416287511,5538,37978112,7.242611979967767,148.3584711087035,8333,76177408,14.527404832122576,244.5289377175087,13871,114155520,21.770016812090343,206.13285639103165,4644,28880896,5.507728329459957,141.79135745047373,3690,15114240,2.882359599447914,235.5017075880759,8334,43995136,8.390087928907871,183.28298116150708,894,9097216,1.7348836505078093,182.47220246085013,844,3457024,0.6592714097382221,250.18092535545026,1738,12554240,2.3941550602460313,215.3526179516686,0,0,0,0,3799,57606144,10.985773822936439,252.0414940773888,3799,57606144,10.985773822936439,252.0414940773888,
355,2776.893920755236,5429,37339136,7.121090087814597,175.9559058758519,8457,75497472,14.398412955089803,284.1449297623271,13886,112836608,21.5195030429044,241.84634048682125,4620,29356032,5.598601651970954,165.34185021645024,3662,14999552,2.8606221919237664,273.9245316766794,8282,44355584,8.459223843894721,213.3531735088143,809,7983104,1.522488435843643,236.5701668726823,871,3567616,0.680393754550956,278.5677175660161,1680,11550720,2.202882190394599,258.3438970238095,0,0,0,0,3924,56930304,10.857397008615083,294.92088532110097,3924,56930304,10.857397008615083,294.92088532110097,
360,2763.400884807286,5471,37855232,7.2197922821989815,167.83535898373242,8347,75333632,14.367714742934826,236.62150640948843,13818,113188864,21.587507025133807,209.38681162252135,4610,29204480,5.569911163393068,152.01658915401302,3581,14667776,2.7974546810814274,228.34963920692545,8191,43872256,8.367365844474495,185.38841826394824,861,8650752,1.649881118805913,252.532837398374,831,3403776,0.6491719743028947,240.0612683513839,1692,12054528,2.299053093108808,246.40761643026005,0,0,0,0,3935,57262080,10.921088087550505,243.42280609911055,3935,57262080,10.921088087550505,243.42280609911055,
365,2726.660385717606,5354,37617664,7.174632634415367,137.0598623459096,8280,75259904,14.353952528827087,206.20151400966182,13634,112877568,21.528585163242454,179.04995151826319,4544,29081600,5.546590995682612,129.1525968309859,3580,14663680,2.7967317978230635,199.62386145251395,8124,43745280,8.343322793505676,160.20714229443624,810,8536064,1.6280416387327554,181.41864567901234,838,3432448,0.6546539794904266,202.7150644391408,1648,11968512,2.282695618223182,192.24777123786407,0,0,0,0,3862,57163776,10.902566751513596,213.05538270326255,3862,57163776,10.902566751513596,213.05538270326255,
370,2788.640331378274,5524,37949440,7.237866832906321,133.80877516292543,8420,75497472,14.399175549285408,211.6040648456057,13944,113446912,21.63704238219173,180.78498995983935,4666,28983296,5.527808495374542,128.47691941705958,3648,14942208,2.8498368274627373,202.2468514254386,8314,43925504,8.377645322837278,160.8455400529228,858,8966144,1.7100583375317795,162.80462470862471,856,3506176,0.6687117117072651,215.8094918224299,1714,12472320,2.3787700492390447,189.27613360560093,0,0,0,0,3916,57049088,10.880627010115406,219.40163100102146,3916,57049088,10.880627010115406,219.40163100102146,
375,2727.7007929766196,5337,36331520,6.929435475045886,132.24746655424397,8302,79228928,15.111169153755645,192.9103800289087,13639,115560448,22.040604628801532,169.17271823447464,4550,28680192,5.470113550876132,117.98064285714285,3631,14872576,2.8366155817239695,185.8454535940512,8181,43552768,8.306729132600102,148.10130387483193,787,7651328,1.4593219241697537,214.73037357052095,822,3366912,0.6421641443616367,189.38063138686132,1609,11018240,2.1014860685313903,201.77979055313858,0,0,0,0,3849,60989440,11.632389427670038,200.3289825928813,3849,60989440,11.632389427670038,200.3289825928813,
380,2763.7205115775932,5423,38645760,7.370348404354704,165.40328084086298,8397,73732096,14.061859207926764,201.2345259021079,13820,112377856,21.43220761228147,187.17426237337193,4570,29286400,5.585372664667316,123.34346433260394,3646,14934016,2.848149473479306,195.5370828304992,8216,44220416,8.433522138146623,155.3807005842259,853,9359360,1.7849757396873873,390.7413364595545,857,3510272,0.6694635487580266,197.81119953325555,1710,12869632,2.454439288445414,294.05061871345026,0,0,0,0,3894,55287808,10.544246185689433,207.32252491011815,3894,55287808,10.544246185689433,207.32252491011815,
385,2745.6935796625457,5447,38768640,7.3942446564713595,109.41234312465578,8282,73842688,14.083829124866948,182.8672045399662,13729,112611328,21.478073781338306,153.72388527933572,4619,29925376,5.707591279469598,105.2228216064083,3610,14786560,2.8202031917444907,178.14556454293628,8229,44711936,8.52779447121409,137.21347685016406,828,8843264,1.6866533770017607,132.78359903381642,870,3563520,0.6796611570132153,180.20666321839082,1698,12406784,2.366314534014976,157.0816354534747,0,0,0,0,3802,55492608,10.583964776109243,187.9592064702788,3802,55492608,10.583964776109243,187.9592064702788,
390,2746.9618581850204,5426,38211584,7.2876494632626105,108.6807091780317,8310,74878976,14.280793208050572,178.24293838748497,13736,113090560,21.568442671313182,150.76443986604542,4551,29061120,5.542488256174105,106.14683542078663,3673,15044608,2.869282503865749,170.97286332698067,8224,44105728,8.411770760039854,135.0994133025292,875,9150464,1.745161207088506,121.85974857142857,804,3293184,0.6280705508053531,181.80365049751242,1679,12443648,2.3732317578938593,150.56427337701012,0,0,0,0,3833,56541184,10.78344015337947,184.46265483955125,3833,56541184,10.78344015337947,184.46265483955125,
395,2739.126036996381,5497,40128512,7.653140795102699,129.13598963070766,8200,73789440,14.07281120993928,183.81362158536584,13697,113917952,21.72595200504198,161.86991545593924,4589,30695424,5.8541019820863145,110.36828415776857,3512,14385152,2.7434756019598527,175.28477932801823,8101,45080576,8.597577584046167,138.51131971361562,908,9433088,1.7990388130163841,223.98731167400882,847,3469312,0.6616525725683358,191.67714994096812,1755,12902400,2.46069138558472,208.39374643874643,0,0,0,0,3841,55934976,10.667683035411091,189.87789794324394,3841,55934976,10.667683035411091,189.87789794324394,
400,2690.8706676067545,5297,37330944,7.119970290019962,127.19088484047575,8158,73814016,14.078229602419327,183.29828119637165,13455,111144960,21.198199892439288,161.2097729468599,4474,28372992,5.41145865689799,108.53951966919983,3519,14413824,2.74908661955017,178.23666894003978,7993,42786816,8.16054527644816,139.22440247716753,823,8957952,1.7085116331219725,228.58360388821384,841,3444736,0.6569996723619473,182.14146730083232,1664,12402688,2.36551130548392,205.11134615384614,0,0,0,0,3798,55955456,10.67214331050721,188.24422485518693,3798,55955456,10.67214331050721,188.24422485518693,
405,2771.0933140158477,5510,39104512,7.4583066081789084,124.73989764065337,8346,75333632,14.368196830169317,192.51848514258327,13856,114438144,21.826503438348226,165.5655393331409,4637,29913088,5.705249100191742,114.29518977787363,3596,14729216,2.8092668443501996,184.08999527252504,8233,44642304,8.514515944541943,144.78008235151222,873,9191424,1.7530575079871655,180.21768728522338,844,3457024,0.6593496153035507,189.777327014218,1717,12648448,2.4124071232907163,184.916776354106,0,0,0,0,3906,57147392,10.899580370515569,200.8703507424475,3906,57147392,10.899580370515569,200.8703507424475,
410,2753.2473919022627,5385,35491840,6.769156046510992,126.92506035283193,8382,76259328,14.544506321285821,186.2286395848246,13767,111751168,21.313662367796812,163.0318810924675,4540,27254784,5.198149374897189,113.0774667400881,3676,15056896,2.871715825386544,179.64561126224154,8216,42311680,8.069865200283733,142.86136392405064,845,8237056,1.5710066716138031,201.32514911242603,852,3489792,0.6655881075161414,180.79864201877936,1697,11726848,2.2365947791299448,191.01956040070712,0,0,0,0,3854,57712640,11.007202388383137,193.70802983912816,3854,57712640,11.007202388383137,193.70802983912816,
415,2780.9323024508876,5511,38064128,7.259457441559651,228.59805098893125,8395,74088448,14.12988983137103,238.353633710542,13906,112152576,21.38934727293068,234.48745965770172,4640,29667328,5.658049096009529,121.53885064655172,3659,14987264,2.8583186031062913,209.54215277398197,8299,44654592,8.51636769911582,160.33919797565972,871,8396800,1.6014083455501222,798.924904707233,866,3547136,0.6764973791445882,468.7329676674365,1737,11943936,2.2779057246947105,634.3041692573403,0,0,0,0,3870,55554048,10.59507384912015,214.04167131782947,3870,55554048,10.59507384912015,214.04167131782947,
420,2750.5122306046187,5379,38195200,7.284923786624984,120.75109351180517,8374,76398592,14.57141002339187,184.93529949844756,13753,114593792,21.856333810016853,159.83191521849778,4578,29782016,5.680287490890108,112.85081280034949,3601,14749696,2.8131914804972187,178.42199888919745,8179,44531712,8.493478971387328,141.72009279863065,801,8413184,1.6046362957348757,165.90400873907615,847,3469312,0.6616976350961246,180.4132349468713,1648,11882496,2.266333930831,173.3611171116505,0,0,0,0,3926,58179584,11.096520907798528,191.8850152827305,3926,58179584,11.096520907798528,191.8850152827305,
425,2786.4613791193115,5547,38391808,7.322291980618548,122.59746655850009,8386,75530240,14.405533353526728,190.42737932268065,13933,113922048,21.727825334145276,163.42296346802556,4655,29544448,5.634875926192424,114.3799767991407,3676,15056896,2.871732137069645,185.4768922742111,8331,44601344,8.50660806326207,145.7510320489737,892,8847360,1.6874160544261245,165.48133968609866,826,3383296,0.6452803985907309,177.46291404358354,1718,12230656,2.3326964530168555,171.241980209546,0,0,0,0,3884,57090048,10.888520817866352,197.86987126673532,3884,57090048,10.888520817866352,197.86987126673532,
430,2757.6019220054627,5393,36392960,6.940907685989097,128.5644750602633,8396,74997760,14.303660070957834,196.3943798237256,13789,111390720,21.244567756946932,169.86550344477484,4538,28418048,5.41992318800139,121.5990209343323,3658,14983168,2.8576072386435696,191.14180809185348,8196,43401216,8.27753042664496,152.63702916056613,855,7974912,1.5209844979877063,165.53433567251463,862,3530752,0.6733891305934273,192.9326229698376,1717,11505664,2.1943736285811335,179.289329062318,0,0,0,0,3876,56483840,10.772663701720838,202.12140299277607,3876,56483840,10.772663701720838,202.12140299277607,
435,2725.940003113631,5376,37031936,7.06260762695967,131.44439248511907,8255,74207232,14.152556396154003,211.13945863113264,13631,111239168,21.215164023113672,179.7081127576847,4593,29122560,5.554157751098689,127.16993533638144,3601,14749696,2.813012948200616,211.3672826992502,8194,43872256,8.367170699299306,164.1719670490603,783,7909376,1.5084498758609801,156.51793231162196,869,3559424,0.678841502912062,203.78617721518987,1652,11468800,2.1872913787730424,181.3824025423729,0,0,0,0,3785,55898112,10.660701945041325,212.6109532364597,3785,55898112,10.660701945041325,212.6109532364597,
440,2741.29025573416,5385,37498880,7.15205742596342,126.05625608170844,8322,74907648,14.286928039980232,197.81683681807257,13707,112406528,21.438985465943652,169.6246191726855,4502,28258304,5.389627982711265,120.6377336739227,3536,14483456,2.7623894110547957,189.44912245475115,8038,42741760,8.15201739376606,150.9085809902961,883,9240576,1.7624294432521546,153.6827429218573,854,3497984,0.6671607910183245,196.11186768149884,1737,12738560,2.429590234270479,174.54311859527922,0,0,0,0,3932,56926208,10.857377837907112,205.71212716174975,3932,56926208,10.857377837907112,205.71212716174975,
445,2794.6232087822646,5493,37249024,7.10423807737414,141.9141409066084,8481,79093760,15.084983205860416,209.90897795071336,13974,116342784,22.189221283234556,183.18108043509375,4621,29048832,5.540274515585814,124.95059640770396,3665,15011840,2.8631001268502554,203.3619118690314,8286,44060672,8.40337464243607,159.63288836591843,872,8200192,1.563963561788325,231.80925458715598,889,3641344,0.6944873158990115,201.15643419572555,1761,11841536,2.2584508776873364,216.33488926746168,0,0,0,0,3927,60440576,11.52739576311115,218.00065317035907,3927,60440576,11.52739576311115,218.00065317035907,
450,2739.3023920814444,5389,37642240,7.179431679618619,134.1319138986825,8308,74514432,14.211993592559512,211.76125324987964,13697,112156672,21.391425272178132,181.21846944586406,4585,29331456,5.5943319105276315,128.88177993456924,3577,14651392,2.7944316776926876,206.4412390271177,8162,43982848,8.38876358822032,162.8722461406518,804,8310784,1.5850997690909878,164.0720435323383,883,3616768,0.6898191700874038,212.8936851642129,1687,11927552,2.2749189391783915,189.6259911084766,0,0,0,0,3848,56246272,10.727742744779421,216.4467401247401,3848,56246272,10.727742744779421,216.4467401247401,
455,2732.395514201888,5417,37277696,7.109103865183884,135.34317408159498,8247,73986048,14.10963005349044,205.43648369103917,13664,111263744,21.218733918674324,177.64846713992975,4612,28917760,5.514808624129021,124.77810732870772,3564,14598144,2.7839628805093244,200.124515993266,8176,43515904,8.298771504638346,157.62235885518592,805,8359936,1.5942952410548628,195.8724757763975,901,3690496,0.7038020637875705,203.2948512763596,1706,12050432,2.2980973048424334,199.79249941383353,0,0,0,0,3782,55697408,10.621865109193545,210.95247091485984,3782,55697408,10.621865109193545,210.95247091485984,
460,2741.941962970914,5398,37068800,7.069647193883666,136.77051926639496,8313,73953280,14.104141445919293,204.0909680019247,13711,111022080,21.173788639802957,177.58700897089926,4536,28364800,5.409647162170651,121.4373635361552,3632,14876672,2.8372329953796105,199.1623970264317,8168,43241472,8.246880157550262,155.99873983839373,862,8704000,1.6600000317130155,217.4563596287703,849,3477504,0.6632188361996942,199.93173144876326,1711,12181504,2.32321886791271,208.76062068965516,0,0,0,0,3832,55599104,10.603689614339988,209.68380767223383,3832,55599104,10.603689614339988,209.68380767223383,
465,2771.269871368065,5432,35872768,6.841372518762153,127.28881866715759,8426,75194368,14.340479184680934,196.48650985046285,13858,111067136,21.181851703443087,169.36269266849473,4641,28143616,5.367329364742493,118.8387334626158,3684,15089664,2.8777821830463317,192.51434039087948,8325,43233280,8.245111547788825,151.4418488888889,791,7729152,1.4740431540196601,176.8676371681416,823,3371008,0.6428921652136621,191.4075042527339,1614,11100160,2.1169353192333222,184.28170817843866,0,0,0,0,3919,56733696,10.81980483642094,201.28709517734117,3919,56733696,10.81980483642094,201.28709517734117,
470,2781.0869649451797,5473,39477248,7.529381474313483,121.73544765211037,8433,75472896,14.394727437819073,197.68003960630853,13906,114950144,21.924108912132557,167.7904414641162,4598,30212096,5.7622657973164815,117.48869225750326,3686,15097856,2.879570462162222,190.02217525773196,8284,45309952,8.641836259478703,149.76276496861422,875,9265152,1.7671156769970011,144.05154057142857,860,3522560,0.6718476932879845,195.00028139534885,1735,12787712,2.4389633702849856,169.30567146974062,0,0,0,0,3887,56852480,10.843309282368866,205.53480679187032,3887,56852480,10.843309282368866,205.53480679187032,
475,2724.6134062892947,5357,37793792,7.206513235394152,129.9304233712899,8270,75964416,14.484880726522157,188.38316916565898,13627,113758208,21.691393961916308,165.40442408453805,4489,28495872,5.4335875776132125,114.97345288482958,3643,14921728,2.845272322156811,181.1568070271754,8132,43417600,8.278859899770024,144.62248868666993,868,9297920,1.7729256577809391,207.2827741935484,848,3473408,0.6623087919816019,183.9649516509434,1716,12771328,2.435234449762541,195.75974766899768,0,0,0,0,3779,57569280,10.977299612383744,196.34090553056365,3779,57569280,10.977299612383744,196.34090553056365,
480,2756.9354613372484,5538,36679680,6.994915119393229,225.2471812928855,8249,73670656,14.049195235891304,188.33106109831493,13787,110350336,21.04411035528453,203.15962957858852,4646,27967488,5.333476318840533,113.32464679294017,3590,14704640,2.8042149948209594,182.55929637883008,8236,42672128,8.137691313661492,143.50342192812045,892,8712192,1.6614388005526965,808.1979607623318,876,3588096,0.6842597034716325,182.37321689497716,1768,12300288,2.345698504024329,498.117375,0,0,0,0,3783,55377920,10.56072053759871,195.18797541633623,3783,55377920,10.56072053759871,195.18797541633623,
485,2747.441221541667,5380,37285888,7.110790177509563,154.09692899628254,8359,75366400,14.373123065602105,192.5622342385453,13739,112652288,21.48391324311167,177.49975937113325,4537,28336128,5.403981813469313,116.5336770994049,3670,15032320,2.8668131331934634,187.14797547683924,8207,43368448,8.270794946662777,148.11092518581697,843,8949760,1.70680836404025,356.2611921708185,835,3420160,0.6522585739009651,188.40271497005986,1678,12369920,2.3590669379412152,272.73209296781886,0,0,0,0,3854,56913920,10.854051358507677,198.6191953814219,3854,56913920,10.854051358507677,198.6191953814219,
490,2813.792343250585,5523,37478400,7.147909987102116,134.86750334962883,8547,75845632,14.465338713789059,192.83957798057799,14070,113324032,21.613248700891173,170.08337555081735,4686,28778496,5.4886574392764444,120.21479833546735,3681,15077376,2.875569034155507,186.44185819070907,8367,43855872,8.364226473431952,149.35090534241664,837,8699904,1.6592525478256714,216.9016439665472,882,3612672,0.6890116512157449,191.89538888888887,1719,12312576,2.3482641990414166,204.07120942408375,0,0,0,0,3984,57155584,10.900758028417806,198.95975401606427,3984,57155584,10.900758028417806,198.95975401606427,
495,2753.766559904197,5454,36147200,6.893946841853479,137.2975848918225,8316,74588160,14.225356599450636,208.83505543530543,13770,110735360,21.119303441304115,180.5006063180828,4607,28299264,5.397198722987613,127.2039444323855,3562,14589952,2.7825766176410305,202.92430713082538,8169,42889216,8.179775340628645,160.22095164646836,847,7847936,1.496748118865866,192.19888547815822,853,3493888,0.6663497627309936,209.3534466588511,1700,11341824,2.1630978815968596,200.8064388235294,0,0,0,0,3901,56504320,10.776430219078613,214.11880261471416,3901,56504320,10.776430219078613,214.11880261471416,
500,2731.346286135107,5333,36540416,6.967863578254053,139.05715282205136,8327,75321344,14.36296865155406,211.52696397261917,13660,111861760,21.330832229808113,183.23402818448022,4497,27758592,5.293264372808846,133.76727262619525,3677,15060992,2.871968879861019,203.71751128637476,8174,42819584,8.165233252669866,165.23375507707365,836,8781824,1.6745992054452068,167.51240550239237,800,3276800,0.6248504497929875,209.01418625,1636,12058624,2.2994496552381944,187.80667481662593,0,0,0,0,3850,56983552,10.866149321900053,219.50763402597403,3850,56983552,10.866149321900053,219.50763402597403,
505,2742.883760974824,5461,37576704,7.166883778932463,165.65340926570224,8254,75071488,14.318143219999365,204.42904010176883,13715,112648192,21.485026998931826,188.98946882974846,4598,29048832,5.540390207127646,137.15802131361463,3548,14532608,2.771757537350379,212.53907750845545,8146,43581440,8.312147744478025,169.9903301006629,863,8527872,1.6264935718048166,317.4747230590962,800,3276800,0.6249735146224079,192.997,1663,11804672,2.2514670864272244,257.59367769092,0,0,0,0,3906,57262080,10.921412168026578,199.40375064004095,3906,57262080,10.921412168026578,199.40375064004095,
510,2775.88498897796,5503,38682624,7.377819320714341,307.4214075958568,8377,76165120,14.526741875125282,308.70217750984835,13880,114847744,21.904561195839623,308.19439099423636,4644,29130752,5.556019801876365,231.0198204134367,3672,15040512,2.8686311463006207,298.0079556100218,8316,44171264,8.424650948176986,260.598996993747,859,9551872,1.8217995188379756,720.4702677532014,877,3592192,0.685127863645328,350.57576168757123,1736,13144064,2.506927382483304,533.6053588709677,0,0,0,0,3828,57532416,10.972982865179334,309.367289707419,3828,57532416,10.972982865179334,309.367289707419,
515,2733.515152783064,5333,37097472,7.0755616273973105,718.7728886180386,8335,74113024,14.135498739773317,840.0874352729454,13668,111210496,21.211060367170628,792.7527500731635,4481,28086272,5.35686497505392,679.7126565498772,3585,14684160,2.8006943175686603,819.6530934449094,8066,42770432,8.157559292622581,741.910333994545,852,9011200,1.71869665234339,924.2058697183098,895,3665920,0.6991970472033336,710.1058413407821,1747,12677120,2.4178936995467235,814.520966800229,0,0,0,0,3855,55762944,10.635607375001323,889.2678871595331,3855,55762944,10.635607375001323,889.2678871595331,
520,2742.4248668841915,5329,36786176,7.014935098855872,121.92561793957591,8386,74608640,14.227485004527304,184.96714357262104,13715,111394816,21.24242010338318,160.4721898651112,4495,29011968,5.5324335046427064,113.52378464961068,3691,15118336,2.882989138166911,180.74491547006232,8186,44130304,8.415422642809617,143.83323906669924,834,7774208,1.4825015942131663,167.20888009592326,821,3362816,0.6412717644093833,180.6115773447016,1655,11137024,2.12377335862255,173.85758972809668,0,0,0,0,3874,56127488,10.70322410195101,189.91297831698503,3874,56127488,10.70322410195101,189.91297831698503,
525,2724.2485617467014,5374,37507072,7.15350859361079,114.19370413100111,8248,74252288,14.161712764549133,184.9958576624636,13622,111759360,21.315221358159924,157.06377918073704,4553,28958720,5.523130474700042,110.87957280913683,3544,14516224,2.768596096511591,177.1495606659142,8097,43474944,8.291726571211633,139.8854807953563,821,8548352,1.630378118910748,132.57280267965896,865,3543040,0.6757436860842343,181.93518034682083,1686,12091392,2.3061218049949823,157.89810320284698,0,0,0,0,3839,56193024,10.717372981953307,192.92885126334983,3839,56193024,10.717372981953307,192.92885126334983,
530,2706.0891861890436,5381,38522880,7.347355377266772,258.6204094034566,8150,74539008,14.216605332854941,370.5059071165644,13531,113061888,21.563960710121712,326.01134919813757,4555,29495296,5.625550884816377,106.87016794731065,3612,14794752,2.8217594495148943,172.54985825027686,8167,44290048,8.447310334331272,135.91817105424266,826,9027584,1.721804492450395,1095.4513414043583,805,3297280,0.6288804974694048,2131.3686335403727,1631,12324864,2.3506849899197997,1606.74099202943,0,0,0,0,3733,56446976,10.765965385870642,182.32555719260648,3733,56446976,10.765965385870642,182.32555719260648,
535,2783.8966705162356,5467,37548032,7.160938504165899,133.98273038229377,8454,75509760,14.400774661753939,193.36871835817365,13921,113057792,21.561713165919837,170.04688829825443,4642,29597696,5.644697461667152,120.61086083584661,3718,15228928,2.904371043797187,187.5467571274879,8360,44826624,8.549068505464339,150.37971997607656,825,7950336,1.5162410424987467,209.22178303030302,856,3506176,0.6686771418747692,188.8662523364486,1681,11456512,2.184918184373516,198.85632540154668,0,0,0,0,3880,56774656,10.827726476081983,199.94092525773195,3880,56774656,10.827726476081983,199.94092525773195,
540,2775.3923923228767,5502,38653952,7.372104794445061,127.3671475826972,8376,75468800,14.39345457641732,187.78743266475647,13878,114122752,21.76555937086238,163.83351938319643,4603,29433856,5.6136425826938865,118.4558036063437,3671,15036416,2.8677542333800803,181.80705202941976,8274,44470272,8.481396816073968,146.56342180323907,899,9220096,1.7584622117511743,172.99441824249166,888,3637248,0.6936981093003299,186.85991441441442,1787,12857344,2.452160321051504,179.8844913262451,0,0,0,0,3817,56795136,10.83200223373691,193.754845166361,3817,56795136,10.83200223373691,193.754845166361,
545,2782.0660518658005,5503,38195200,7.284805508469184,115.0890236234781,8408,74948608,14.29462425672591,187.7668380114177,13911,113143808,21.579429765195094,159.01649565092373,4641,29323264,5.5926994782982185,111.3820463262228,3625,14848000,2.8318949027561167,182.45116937931033,8266,44171264,8.424594381054336,142.54894338253087,862,8871936,1.6921060301709654,135.04735498839906,872,3571712,0.6812172014354024,186.01608142201835,1734,12443648,2.373323231606368,160.67868685121107,0,0,0,0,3911,56528896,10.781512152534392,193.08413756072613,3911,56528896,10.781512152534392,193.08413756072613,
550,2739.437496077612,5379,37543936,7.156855415749098,136.26786744748094,8326,73994240,14.105235990127367,215.06117775642565,13705,111538176,21.262091405876465,184.13602517329443,4569,29028352,5.533562549794224,130.67793237032174,3565,14602240,2.7835685748576844,208.74947405329593,8134,43630592,8.317131124651908,164.8954202114581,810,8515584,1.623292865954874,167.79924197530863,891,3649536,0.6956969425520888,212.20691021324353,1701,12165120,2.318989808506963,191.06040152851264,0,0,0,0,3870,55742464,10.625970472717595,221.5325927648579,3870,55742464,10.625970472717595,221.5325927648579,
555,2745.8044987004982,5454,39534592,7.53844099905827,135.77168701870187,8279,74113024,14.131843290194814,215.15738301727262,13733,113647616,21.670284289253082,183.62970618218887,4600,30162944,5.751458714988096,126.3154695652174,3537,14487552,2.762480917288552,208.02399971727453,8137,44650496,8.513939632276648,161.8326222194912,854,9371648,1.7869822840701743,186.7068161592506,864,3538944,0.6748044988796462,212.91077199074073,1718,12910592,2.4617867829498206,199.88505704307335,0,0,0,0,3878,56086528,10.694557874026616,222.1640484785972,3878,56086528,10.694557874026616,222.1640484785972,
560,2739.106271258104,5430,38957056,7.428045091792833,141.94891491712707,8270,71659520,13.663510554191527,226.36251378476422,13700,110616576,21.09155564598436,192.9051530656934,4595,29827072,5.687206850850112,136.17392187159956,3604,14761984,2.814706604018649,220.78615593784684,8199,44589056,8.501913454868761,173.3665662885718,835,9129984,1.7408382409427217,173.72866706586828,926,3792896,0.7232015303333155,234.30810583153345,1761,12922880,2.464039771276037,205.5836132879046,0,0,0,0,3740,53104640,10.125602419839563,229.76881737967915,3740,53104640,10.125602419839563,229.76881737967915,
565,2741.150331472769,5336,36904960,7.0373945966637015,874.0250657796101,8373,73826304,14.077913452859773,555.7442628687448,13709,110731264,21.115308049523474,679.6297661390328,4475,28348416,5.405750055883405,120.4580815642458,3721,15241216,2.9063424299873066,204.25427250739048,8196,43589632,8.312092485870712,158.50171583699364,861,8556544,1.6316445407802966,4790.647893147503,802,3284992,0.6264140362402096,3806.3452905236904,1663,11841536,2.258058577020506,4315.957161154541,0,0,0,0,3850,55300096,10.545156986632257,218.31886805194804,3850,55300096,10.545156986632257,218.31886805194804,
570,2734.6553823267395,5344,37322752,7.116812167485003,120.367561751497,8333,73371648,13.990721724775995,189.51973478939158,13677,110694400,21.107533892260996,162.49997806536518,4499,28631040,5.459450949376665,110.95279484329852,3638,14901248,2.841413813137669,183.3756844420011,8137,43532288,8.300864762514333,143.3325997296301,845,8691712,1.6573612181083381,170.49423195266272,878,3596288,0.6857507773322907,188.55529157175397,1723,12288000,2.3431119954406285,179.69772025536852,0,0,0,0,3817,54874112,10.463557134306035,195.59750170290806,3817,54874112,10.463557134306035,195.59750170290806,
575,2728.191642638015,5490,37826560,7.213763989477796,124.2788635701275,8153,74219520,14.1541314011194,191.01271495155157,13643,112046080,21.367895390597198,164.1587353221432,4672,29417472,5.61009777719865,115.80484482020549,3558,14573568,2.77927149697477,187.4030095559303,8230,43991040,8.38936927417342,146.7582190765492,818,8409088,1.6036662122791463,172.67814914425426,835,3420160,0.6522461214091998,182.90962155688624,1653,11829248,2.255912333688346,177.84649727767695,0,0,0,0,3760,56225792,10.722613782735431,196.22798484042553,3760,56225792,10.722613782735431,196.22798484042553,
580,2778.1595641805184,5455,38350848,7.314210741631366,131.07005719523374,8437,74964992,14.297200148813122,202.54303413535618,13892,113315840,21.61141089044449,174.4775943708609,4563,28536832,5.4424977290340415,125.55194170501863,3639,14905344,2.84272272656163,194.47398076394614,8202,43442176,8.28522045559567,156.13073957571322,892,9814016,1.871713012597325,159.29781614349776,878,3596288,0.6858781406763153,208.6643439635535,1770,13410304,2.55759115327364,183.78584519774012,0,0,0,0,3920,56463360,10.768599281575177,208.66261964285715,3920,56463360,10.768599281575177,208.66261964285715,
585,2772.598040381017,5395,36765696,7.011483504569738,162.26488637627435,8470,76193792,14.530705899287687,242.5860434474616,13865,112959488,21.542189403857424,211.33233681932924,4573,28102656,5.359379269702871,125.04947518040673,3656,14974976,2.855835972895161,234.83795787746172,8229,43077632,8.215215242598033,173.82656750516466,822,8663040,1.6521042348668669,369.30390754257905,876,3588096,0.6842757965689718,228.18894406392693,1698,12251136,2.3363800314358385,296.5025482921084,0,0,0,0,3938,57630720,10.990594129823554,252.98189410868463,3938,57630720,10.990594129823554,252.98189410868463,
590,2722.717940035002,5417,37548032,7.160976908597154,230.00592098947757,8198,75137024,14.329765507942204,231.68531117345697,13615,112685056,21.49074241653936,231.0171322071245,4546,28909568,5.5134913298656825,120.696207875055,3484,14270464,2.721593056567305,190.99537428243397,8030,43180032,8.235084386432987,151.19711643835618,871,8638464,1.6474855787314713,800.5248140068886,805,3297280,0.6288411052057062,552.2295031055901,1676,11935744,2.2763266839371776,681.2660280429594,0,0,0,0,3909,57569280,10.979331346169193,201.94002225633156,3909,57569280,10.979331346169193,201.94002225633156,
595,2702.9347657506028,5287,36859904,7.0302990765439075,117.65104501607718,8228,74424320,14.194969910079209,194.2892177929023,13515,111284224,21.225268986623117,164.30875020347762,4453,28291072,5.395963520578817,112.46565708511116,3607,14774272,2.817900741092774,191.2159528694206,8060,43065344,8.21386426167159,147.7078800248139,834,8568832,1.6343355559650912,145.33753477218227,857,3510272,0.6695150915210722,194.60548191365228,1691,12079104,2.3038506474861635,170.30656534594914,0,0,0,0,3764,56139776,10.707554077465362,197.1622858660999,3764,56139776,10.707554077465362,197.1622858660999,
