5,5244.831231619851,10394,71876608,13.707888467226217,18324.246477390803,15833,142737408,27.222047943121677,36321.528317943536,26227,214614016,40.92993641034789,29189.04090227628,8805,54628352,10.418401441041489,18770.363306189665,6886,28205056,5.379104170578968,23684.218455997674,15691,82833408,15.797505611620457,20926.81009489516,1589,17248256,3.2894870261847275,15852.214584644431,1665,6819840,1.300640203893985,17641.711787387387,3254,24068096,4.590127230078712,16767.860817762754,0,0,0,0,7282,107712512,20.542303568648723,52542.67775940675,7282,107712512,20.542303568648723,52542.67775940675,
10,5252.992460237753,10436,72855552,13.89501574133075,294.0042092755845,15831,143290368,27.328348551131366,811.6293903101509,26267,216145920,41.223364292462115,605.9745233943731,8754,55705600,10.62417575094722,288.4542942654786,6823,27947008,5.330055231523006,697.5170913088084,15577,83652608,15.954230982470227,467.63099480002563,1682,17149952,3.2708399903835303,322.88884423305586,1653,6770688,1.2913060673761585,630.9493647912886,3335,23920640,4.562146057759689,475.57971094452773,0,0,0,0,7355,108572672,20.706987252232203,958.0946925900747,7355,108572672,20.706987252232203,958.0946925900747,
15,5206.391324312998,10290,73142272,13.949686269376285,190.46973041788146,15744,144277504,27.516590085261257,371.2048651549797,26034,217419776,41.46627635463754,299.76887620035336,8707,56705024,10.81477609415049,183.38054289652007,6860,28098560,5.358954348878385,347.55182463556855,15567,84803584,16.173730443028873,255.7268519303655,1583,16437248,3.1349101752257957,229.4625009475679,1572,6438912,1.2280286058945804,345.6862131043257,3155,22876160,4.362938781120376,287.37174833597464,0,0,0,0,7312,109740032,20.929607130488293,398.88199576039386,7312,109740032,20.929607130488293,398.88199576039386,
20,5286.09710663579,10453,72601600,13.846862824760143,4990.5238189036645,15979,145051648,27.664821055753507,5637.301403404469,26432,217653248,41.51168388051365,5381.521814618644,8809,56172544,10.713448619394109,4905.1819140651605,6889,28217344,5.381722877279132,4986.664001161272,15698,84389888,16.09517149667324,4940.939978659701,1644,16429056,3.1334142053660328,5447.809001216545,1627,6664192,1.2710209205012555,5420.063694529809,3271,23093248,4.4044351258672885,5434.0084466524,0,0,0,0,7463,110170112,21.012077257973118,6285.2562226986465,7463,110170112,21.012077257973118,6285.2562226986465,
25,5261.200038622372,10347,72843264,13.893221963091493,173.42598588962983,15960,141185024,26.927882807343718,240.7457590225564,26307,214028288,40.82110477043521,214.2677230394952,8734,56393728,10.755841204894494,140.82171696817036,6968,28540928,5.443543108345789,226.92869489092996,15702,84934656,16.199384313240284,179.03299082919372,1613,16449536,3.1373807581969992,349.97011779293246,1653,6770688,1.2913571696463246,268.7078402903811,3266,23220224,4.428737927843324,308.8413533374158,0,0,0,0,7339,105873408,20.192982529351603,247.56630440114455,7339,105873408,20.192982529351603,247.56630440114455,
30,5286.57839537297,10603,74485760,14.205898329608216,253.76779949071016,15832,140439552,26.784582679531308,660.5557073648308,26435,214925312,40.99048100913952,497.394285492718,8958,57634816,10.992092130652582,250.5811033712882,6779,27766784,5.295671420204239,625.5748912819,15737,85401600,16.28776355085682,412.11652233589626,1645,16850944,3.2138061989556337,271.12124863221885,1626,6660096,1.2702112006567476,444.25023862238623,3271,23511040,4.484017399612381,357.18292326505656,0,0,0,0,7427,106012672,20.218700058670322,739.840431264306,7427,106012672,20.218700058670322,739.840431264306,
35,5250.035494337813,10271,71196672,13.579262004688493,163.76644542887743,15980,143986688,27.462420737016142,227.38233216520652,26251,215183360,41.04168274170463,202.4918985562455,8641,55570432,10.598886642366171,134.89376437912279,6968,28540928,5.443579429793431,220.11467566016074,15609,84111360,16.042466072159602,172.93715664039976,1630,15626240,2.980375362322322,316.827081595092,1628,6668288,1.2718351480631036,229.8238673218673,3258,22294528,4.252210510385425,273.3521789441375,0,0,0,0,7384,108777472,20.747006159159607,233.70224160346694,7384,108777472,20.747006159159607,233.70224160346694,
40,5268.420860200164,10378,71892992,13.711513256433106,1631.641932935055,15966,145461248,27.74253476958232,2266.13632093198,26344,217354240,41.45404802601543,2016.1825265715152,8783,54796288,10.450810411609053,1363.7831074803598,6831,27979776,5.336334722806207,1631.0499544722588,15614,82776064,15.78714513441526,1480.7102133982323,1595,17096704,3.260702844824053,3106.6288068965514,1691,6926336,1.3209986848580437,3176.849163217031,3286,24023040,4.581701529682097,3142.764723676202,0,0,0,0,7444,110555136,21.08520136191807,2642.0443747984955,7444,110555136,21.08520136191807,2642.0443747984955,
45,5265.784209466194,10363,71647232,13.66454603651332,199.98644388690533,15968,146800640,27.99778927216084,328.4428106838677,26331,218447872,41.66233530867416,277.88668561771294,8731,55259136,10.539011581214337,190.92341553086703,6852,28065792,5.352702346340571,316.1519219206071,15583,83324928,15.891713927554909,245.98763460180967,1632,16388096,3.125534455298982,248.47253492647062,1618,6627328,1.2639626964943147,300.4699004944375,3250,23015424,4.389497151793297,274.3592233846154,0,0,0,0,7498,112107520,21.381124229325952,345.7110606828487,7498,112107520,21.381124229325952,345.7110606828487,
50,5321.7584134550625,10481,73465856,14.011863917425606,250.80751846197882,16129,149061632,28.42995939356337,665.7196104532209,26610,222527488,42.44182331098897,502.29632461480645,8840,56479744,10.772167236696124,244.59714694570135,6975,28569600,5.448971388494848,537.0008348387097,15815,85049344,16.22113862519097,373.5579893771736,1641,16986112,3.2396966807294816,284.26253625837904,1634,6692864,1.2765045517993665,436.13739902080783,3275,23678976,4.516201232528848,360.0376586259542,0,0,0,0,7520,113799168,21.704483453269155,834.9949819148936,7520,113799168,21.704483453269155,834.9949819148936,
55,5255.622554675728,10452,72867840,13.896381858258682,2960.4425312858784,15830,141426688,26.971010275545574,3268.7857584333547,26282,214294528,40.86739213380426,3146.161779659082,8781,55652352,10.61327376661949,2937.7554812663707,6853,28069888,5.353114383060525,3315.9246146213336,15634,83722240,15.966388149680014,3103.5219563131636,1671,17215488,3.283108091639193,3079.661553560742,1620,6635520,1.2654378083405882,3232.051371604938,3291,23851008,4.548545899979781,3154.6756845943482,0,0,0,0,7357,106721280,20.352458084144462,3232.9650604866115,7357,106721280,20.352458084144462,3232.9650604866115,
60,5216.649863486241,10187,69795840,13.31058598299164,794.0285638558947,15900,143024128,27.275765337682046,968.1604647169812,26087,212819968,40.586351320673685,900.1617805420325,8568,51875840,9.893108654612037,356.8654474789916,7000,28672000,5.467963725407364,581.5422492857142,15568,80547840,15.361072380019401,457.8891892985611,1619,17920000,3.417477328379602,3107.5638208770847,1627,6664192,1.2709109973196828,2225.2413503380453,3246,24584192,4.688388325699285,2665.315312076402,0,0,0,0,7273,107687936,20.536890614955,1059.0523809982126,7273,107687936,20.536890614955,1059.0523809982126,
65,5229.00053977441,10279,70045696,13.359646646278676,223.65588471641212,15867,143806464,27.42786001427975,284.3716456166887,26146,213852160,40.78750666055843,260.50194064101584,8616,53571584,10.217579000449026,174.78165552460538,6864,28114944,5.36229545523986,271.2087782634033,15480,81686528,15.579874455688886,217.53848824289406,1663,16474112,3.1420676458296497,476.8731779915815,1623,6647808,1.2679203851769074,309.69439433148494,3286,23121920,4.409988031006557,394.30130766889835,0,0,0,0,7380,109043712,20.797644173862988,291.04523644986455,7380,109043712,20.797644173862988,291.04523644986455,
70,5253.3471585026,10302,71110656,13.562628486116015,163.76436536594835,15966,143081472,27.289311576349554,247.56388256294628,26268,214192128,40.851940062465566,214.6986995964672,8684,53465088,10.197165464505058,143.60649136342698,6942,28434432,5.4231764846850625,233.6349430999712,15626,81899520,15.620341949190122,183.6024923844874,1618,17645568,3.365463021610955,271.9540920889988,1643,6729728,1.2835319741194984,275.9537711503347,3261,24375296,4.648994995730454,273.9692631094756,0,0,0,0,7381,107917312,20.582603117544995,254.34482156889308,7381,107917312,20.582603117544995,254.34482156889308,
75,5223.611385252106,10181,68812800,13.124023627762995,460.87636489539335,15939,142811136,27.237036178903843,998.5271718426502,26120,211623936,40.36105980666684,788.9627436064319,8587,52723712,10.05550191289079,496.92761325259113,7024,28770304,5.4870917834171,1045.6764836275627,15611,81494016,15.54259369630789,743.8312110691179,1594,16089088,3.068521714872205,266.66553074027604,1642,6725632,1.2827170712373117,455.0258203410475,3236,22814720,4.3512387861095165,362.24266161928307,0,0,0,0,7273,107315200,20.467227324249432,1075.6964903066134,7273,107315200,20.467227324249432,1075.6964903066134,
80,5248.771879976061,10378,71319552,13.602533812116471,612.7694309115436,15867,143200256,27.312094222685733,1246.9202232306043,26245,214519808,40.914628034802206,996.1594336445037,8679,53747712,10.251116970054694,361.68267496255334,6933,28397568,5.416170854548788,907.6031197172941,15612,82145280,15.667287824603482,604.1158317320011,1699,17571840,3.351416842061777,1895.39565509123,1543,6320128,1.2054163606762989,2929.728401166559,3242,23891968,4.556833202738076,2387.6767862430597,0,0,0,0,7391,108482560,20.690507007460646,1213.8952550399133,7391,108482560,20.690507007460646,1213.8952550399133,
85,5258.912470660839,10444,73392128,13.998204513884072,163.25485857908848,15851,143323136,27.336263765225894,269.7196871490758,26295,216715264,41.33446827910996,227.43337151549724,8832,56967168,10.865444155547475,156.59243070652172,6827,27963392,5.333504979143128,260.1135809286656,15659,84930560,16.198949134690604,201.72551024969667,1612,16424960,3.132760358336596,199.75768920595533,1639,6713344,1.2804474382328381,266.874327028676,3251,23138304,4.413207796569434,233.5947145493694,0,0,0,0,7385,108646400,20.722311347849928,279.2314586323629,7385,108646400,20.722311347849928,279.2314586323629,
90,5231.7540610677615,10340,73633792,13.997853654457934,4509.408923887814,15906,144756736,27.518392724158527,4650.613166163712,26246,218390528,41.51624637861646,4594.983665853844,8734,56856576,10.808488990239226,4376.214073620335,6919,28340224,5.387503445246395,4835.072483306836,15653,85196800,16.19599243548562,4579.040454289912,1606,16777216,3.189364664218707,5233.769958904109,1603,6565888,1.2481815324078582,4632.52801933874,3209,23343104,4.437546196626565,4933.430030850733,0,0,0,0,7384,109850624,20.882707746504273,4481.6961124052,7384,109850624,20.882707746504273,4481.6961124052,
95,5274.53979745762,10335,71671808,13.669638152144605,29198.57918287373,16039,144420864,27.54473491864594,29388.752068956917,26374,216092672,41.21437307079054,29314.230313528475,8720,55087104,10.50651294480471,29172.28084162844,6920,28344320,5.405983313112394,29417.230310404626,15640,83431424,15.912496257917104,29280.660018350383,1615,16584704,3.1631252073398963,29340.573941795665,1632,6684672,1.2749371050577207,30635.39381372549,3247,23269376,4.4380623123976175,29991.37345857715,0,0,0,0,7487,109391872,20.863814500475826,29090.69026071858,7487,109391872,20.863814500475826,29090.69026071858,
100,5230.376937623758,10347,71380992,13.613222091254245,373.3453162269257,15808,143003648,27.27253244229985,1141.985960083502,26155,214384640,40.88575453355409,837.9093115656663,8766,55001088,10.489375465734895,374.18394558521555,6810,27893760,5.319678799646606,978.4063809104258,15576,82894848,15.809054265381501,638.3566975475089,1581,16379904,3.123846625519351,368.695458570525,1649,6754304,1.2881278033211827,744.6456191631291,3230,23134208,4.411974428840534,560.6279089783283,0,0,0,0,7349,108355584,20.66472583933206,1382.724993468499,7349,108355584,20.66472583933206,1382.724993468499,
105,5269.764527738486,10518,74330112,14.176172287826823,146.26202006084807,15833,142987264,27.270402732999756,231.4060711804459,26351,217317376,41.44657502082658,197.420828507457,8870,57974784,11.05689880211059,138.0015518602029,6898,28254208,5.388617206228546,223.4832306465642,15768,86228992,16.445516008339137,175.39707572298326,1648,16355328,3.1192734857162345,190.72218567961167,1623,6647808,1.2678639787922485,223.85752187307455,3271,23003136,4.387137464508483,207.1632283705289,0,0,0,0,7312,108085248,20.61392154797896,240.5558317833698,7312,108085248,20.61392154797896,240.5558317833698,
110,5199.046785131052,10249,68112384,12.991023407138398,291.312054444336,15747,145723392,27.79371217486095,7082.895995745221,25996,213835776,40.78473558199935,4405.293910255424,8698,52731904,10.05751610701183,241.62184605656475,6805,27873280,5.316249581188092,605.7283772226305,15503,80605184,15.373765688199923,401.4454250145133,1551,15380480,2.933507300126567,569.9744867827208,1557,6377472,1.2163704038074739,809.5070064226076,3108,21757952,4.149877703934041,689.9719555984556,0,0,0,0,7385,111472640,21.261092189865384,14373.998541503048,7385,111472640,21.261092189865384,14373.998541503048,
115,5289.881026521957,10521,74379264,14.18586335946246,461.77181275544154,15930,143101952,27.2928855217545,977.4096621468926,26451,217481216,41.47874888121696,772.3124706060263,8862,57401344,10.947777362162393,441.5999131121643,6888,28213248,5.380925536647251,791.7535963995355,15750,85614592,16.328702898809645,594.7337906031746,1659,16977920,3.238085997300066,569.5255045207956,1578,6463488,1.2327381673677935,702.8308472750317,3237,23441408,4.470824164667859,634.5103147976522,0,0,0,0,7464,108425216,20.679221817739457,1206.7885944533762,7464,108425216,20.679221817739457,1206.7885944533762,
120,5239.1006472193985,10303,72237056,13.777337787718018,460.1876982432301,15894,140627968,26.82112373926756,2397.8452232918085,26197,212865024,40.598461526985574,1635.7852362484255,8713,56008704,10.682202138197788,479.0399924251119,6883,28192768,5.377036515812152,1444.9272915879706,15596,84201472,16.05923865400994,905.3161068222622,1590,16228352,3.0951356495202305,356.8794974842767,1653,6770688,1.2913324655873146,696.9076400483968,3243,22999040,4.3864681151075455,530.196339808819,0,0,0,0,7358,105664512,20.15275475786809,3671.368456374015,7358,105664512,20.15275475786809,3671.368456374015,
125,5287.771153930627,10453,72634368,13.852258875654117,324.1361721037023,15989,145317888,27.713891636522686,808.4783748201888,26442,217952256,41.566150512176804,617.0091574767416,8792,56373248,10.751065183873434,300.28899476797085,7053,28889088,5.509501034793238,730.9287450730186,15845,85262336,16.26056621866667,491.9773607447145,1661,16261120,3.101193691780683,450.3639765201686,1595,6533120,1.2459455764207026,688.4149003134796,3256,22794240,4.347139268201385,566.9767601351351,0,0,0,0,7341,109895680,20.958445025308745,909.0721332243563,7341,109895680,20.958445025308745,909.0721332243563,
130,5191.796962936813,10460,73818112,13.9379321209624,1372.7106496175907,15763,144879616,27.355376598077964,1602.389485377149,26223,218697728,41.29330871904036,1510.7737044960531,8867,57044992,10.770923351938928,1334.5089138378257,6827,27963392,5.279894717002015,1635.0471573165373,15694,85008384,16.05081806894094,1465.2451562380527,1593,16773120,3.167008769023473,1585.3501920903955,1615,6615040,1.2490156683694527,1469.7796755417955,3208,23388160,4.416024437392926,1527.168650872818,0,0,0,0,7321,110301184,20.826466212706496,1601.1889549241907,7321,110301184,20.826466212706496,1601.1889549241907,
135,5330.163267194683,10573,70930432,13.528305406549334,4724.285574009268,16079,146640896,27.96828907200281,5341.830531003172,26652,217571328,41.49659447855215,5096.846933888638,9056,56430592,10.76280323300977,4720.158871466431,6988,28622848,5.459132539179231,5281.4956297939325,16044,85053440,16.221935772189,4964.650349102469,1517,14499840,2.7655021735395646,4748.920655240607,1616,6619136,1.2624439300677788,5014.551898514852,3133,21118976,4.027946103607343,4885.933131822534,0,0,0,0,7475,111398912,21.246712602755803,5468.988064080268,7475,111398912,21.246712602755803,5468.988064080268,
140,5267.684035883233,10257,70377472,13.422632389033096,1274.234985960807,16083,146546688,27.949886021116637,27947.484868308155,26340,216924160,41.37251841014973,17560.71478314351,8564,53555200,10.214231084076808,415.78020889771136,6922,28352512,5.40748815020877,1035.7475164692285,15486,81907712,15.621719234285578,692.8959071419346,1693,16822272,3.2084013049562867,5616.707939751919,1656,6782976,1.2936724034593647,5069.082923309179,3349,23605248,4.502073708415652,5345.92053239773,0,0,0,0,7505,111411200,21.2487254674485,57816.862559227186,7505,111411200,21.2487254674485,57816.862559227186,
145,5219.693468281382,10391,70414336,13.429680078607705,2202.6887677798095,15709,141926400,27.068722862181197,4075.053982366796,26100,212340736,40.4984029407889,3329.623064942529,8834,54710272,10.434543471000122,2137.577814580032,6842,28024832,5.344998609611652,3237.8194900613857,15676,82735104,15.779542080611774,2617.7930189461595,1557,15704064,2.9951366076075816,2572.110836223507,1551,6352896,1.2116475947833487,2591.852142488717,3108,22056960,4.2067842023909305,2581.9624340411838,0,0,0,0,7316,107548672,20.512076657786196,5172.484880399125,7316,107548672,20.512076657786196,5172.484880399125,
150,5274.3983810230675,10366,70213632,13.390660107745472,443.8450966621648,16009,145489920,27.746835085002868,1550.0941938909364,26375,215703552,41.13749519274834,1115.3120842464455,8732,54538240,10.401157352387758,440.7846824324324,6814,27910144,5.322830356678196,1224.5953096565893,15546,82448384,15.723987709065954,784.3383691624855,1634,15675392,2.989502755357713,460.199770501836,1650,6758400,1.288915481144559,914.9516503030303,3284,22433792,4.278418236502272,688.6835103532277,0,0,0,0,7545,110821376,21.13508924718011,1982.9549750828364,7545,110821376,21.13508924718011,1982.9549750828364,
155,4381.143572836459,9357,64356352,11.391344494083357,55413.46697958747,14248,130756608,23.144468577178145,55980.90566584784,23605,195112960,34.5358130712615,55755.97349947045,7904,49504256,8.762461147880057,55096.92687588563,6219,25473024,4.508832192509191,56243.94631982634,14123,74977280,13.271293340389247,55602.01176732989,1453,14852096,2.6288833462033003,57135.375430832755,1482,6070272,1.074463629088056,55109.60146018893,2935,20922368,3.7033469752913564,56112.480362862014,0,0,0,0,6547,99213312,17.5611727555809,55928.2743852146,6547,99213312,17.5611727555809,55928.2743852146,
160,5190.602367755642,10583,73650176,13.64340202691927,102745.48423509403,16139,145436672,26.941564750004034,102191.84308581696,26722,219086848,40.5849667769233,102411.10752271536,8888,56274944,10.424709440400637,102180.95241516651,7139,29241344,5.4168426155484495,101502.33731376943,16027,85516288,15.841552055949085,101878.67293623262,1695,17375232,3.218692586518633,105705.6959256637,1561,6393856,1.1844363808476157,107439.9469698911,3256,23769088,4.403128967366249,106537.13507800983,0,0,0,0,7439,109801472,20.34028575360797,101752.28017999731,7439,109801472,20.34028575360797,101752.28017999731,
165,5176.5602489713365,10817,75730944,13.653675093816057,98805.18919376907,16565,151719936,27.353874149496487,98464.85375695744,27382,227450880,41.00754924331254,98599.30005087283,9124,57978880,10.453121907781181,98619.28916429197,7078,28991488,5.226930191683166,98835.36554521052,16202,86970368,15.680052099464348,98713.68421577584,1693,17752064,3.200553186034874,99807.0509001772,1690,6922240,1.2480237389014621,100846.34781183432,3383,24674304,4.4485769249363365,100326.23853857523,0,0,0,0,7797,115806208,20.87892021891186,97612.31978363474,7797,115806208,20.87892021891186,97612.31978363474,
170,6365.691519862085,12439,87621632,16.711690154837434,20368.76496736072,19391,176889856,33.73742759100642,24969.90740611624,31830,264511488,50.44911774584386,23171.804647847945,10451,66883584,12.756413076773581,20974.39913223615,8420,34488320,6.577806240825131,22446.1085260095,18871,101371904,19.334219317598713,21631.05713104764,1988,20738048,3.9552770780638524,17184.920572434607,1961,8032256,1.531957011669606,17764.95077970423,3949,28770304,5.487234089733459,17472.952792352495,0,0,0,0,9010,134369280,25.62766433851169,28896.578495449503,9010,134369280,25.62766433851169,28896.578495449503,
175,5231.719829615005,10258,72183808,13.766705233533642,672.6284348800936,15903,143089664,27.28968283653545,1357.439750110042,26161,215273472,41.0563880700691,1088.9181159359352,8626,55300096,10.546688268622692,390.9522415951774,6954,28483584,5.432313918969128,966.1814222030486,15580,83783680,15.97900218759182,647.7008758664955,1632,16883712,3.22001696491095,2161.439000612745,1613,6606848,1.2600406027174582,2319.9484029758214,3245,23490560,4.480057567628409,2240.2296526964565,0,0,0,0,7336,107999232,20.597328314848866,1516.6932881679388,7336,107999232,20.597328314848866,1516.6932881679388,
180,5261.947282353092,10426,72626176,13.851678489896495,7652.46278294648,15885,144392192,27.53930235890989,8110.299209883538,26311,217018368,41.390980848806386,7928.876892706472,8803,55959552,10.672924907166314,7682.819248892422,6851,28061696,5.3520867031910715,8096.216657422275,15654,84021248,16.025011610357385,7863.743335122013,1623,16666624,3.178753582730181,7487.81215465188,1604,6569984,1.2530648185547335,8926.754390897757,3227,23236608,4.431818401284914,8203.047155252556,0,0,0,0,7430,109760512,20.934150837164086,7947.026727590848,7430,109760512,20.934150837164086,7947.026727590848,
185,5292.541047776469,10525,73359360,13.990974247484377,385.2805156294537,15940,145309696,27.713221798087982,1192.5474595984945,26465,218669056,41.70419604557236,871.5013766484036,8847,56717312,10.817030731709446,349.73414581213973,6922,28352512,5.407343592467162,928.5729347009534,15769,85069824,16.22437432417661,603.8226800684888,1678,16642048,3.1739435157749316,572.6933486293207,1566,6414336,1.2233314166142117,742.9617343550447,3244,23056384,4.397274932389143,654.888259864365,0,0,0,0,7452,110542848,21.08254678900661,1532.2257885131507,7452,110542848,21.08254678900661,1532.2257885131507,
190,5273.344831280966,10421,70000640,13.350916470513459,572.4324242395164,15947,144707584,27.599445756978934,1018.7423037561924,26368,214708224,40.95036222749239,842.3544376137743,8868,54349824,10.365904660458929,445.6197399639152,6813,27906048,5.3223987076423755,862.2751155144576,15681,82255872,15.688303368101304,626.6460184937184,1553,15650816,2.9850118100545306,1296.5630643915003,1686,6905856,1.3171237664883377,1345.8198457888493,3239,22556672,4.302135576542868,1322.2027474529175,0,0,0,0,7448,109895680,20.959923282848223,1087.829067669173,7448,109895680,20.959923282848223,1087.829067669173,
195,5273.52252954531,10484,73228288,13.96539341618324,989.1993084700497,15887,144965632,27.646448360306366,3183.636837288349,26371,218193920,41.611841776489605,2311.220810132342,8789,55910400,10.662692702254235,1099.8225595630904,6917,28332032,5.4032121187906625,2289.7578717652164,15706,84242432,16.0659048210449,1623.8759502737805,1695,17317888,3.302700713929004,415.590014159292,1614,6610944,1.2607755327061052,717.6187125154894,3309,23928832,4.563476246635109,562.9077292233303,0,0,0,0,7356,110022656,20.982460708809597,4565.245599918434,7356,110022656,20.982460708809597,4565.245599918434,
200,5033.727550503075,10045,70905856,13.523486793981974,3326.1111545047283,15125,135368704,25.81813384866907,29814.889302280993,25170,206274560,39.341620642651044,19243.58312451331,8488,55128064,10.514274666986505,933.6066516258247,6672,27328512,5.212217889749161,1819.491126648681,15160,82456576,15.726492556735666,1323.4893176781002,1557,15777792,3.009212126995469,16368.871732819525,1479,6057984,1.1554062138697556,15711.106293441515,3036,21835776,4.164618340865225,16048.43856916996,0,0,0,0,6974,101982208,19.45050974505015,59589.02060395756,6974,101982208,19.45050974505015,59589.02060395756,
205,5420.7875496652205,10662,74743808,14.254639485172612,469.9057154380041,16445,148172800,28.258526050861423,6130.32389194284,27107,222916608,42.51316553603404,3903.9108400413174,9000,57950208,11.051876339117829,466.07061744444445,7005,28692480,5.472038009296041,1040.1337490364026,16005,86642688,16.523914348413868,717.3241155263979,1662,16793600,3.2027631460547847,490.6733941034898,1632,6684672,1.2748559644783923,855.0563265931372,3294,23478272,4.477619110533177,671.2055573770492,0,0,0,0,7808,112795648,21.51163207708699,11799.639800973362,7808,112795648,21.51163207708699,11799.639800973362,
211,4356.667111945725,9024,64516096,11.707466588094182,65812.40756205673,13872,126619648,22.977138888816928,65458.88294831315,22896,191135744,34.68460547691111,65598.2175969165,7579,49561600,8.993736633606728,65627.95611294366,6014,24633344,4.470110092108336,66448.38126222149,13593,74194944,13.463846725715065,65990.93976980798,1445,14954496,2.713729954487452,66779.85222145329,1372,5619712,1.0197856744883003,65357.728965014576,2817,20574208,3.733515628975752,66087.21711040114,0,0,0,0,6486,96366592,17.48724312222029,64562.78988714153,6486,96366592,17.48724312222029,64562.78988714153,
216,6181.558703469406,12296,84381696,16.09338235630829,65258.66170299284,18614,168067072,32.05396169331788,90103.84981180832,30910,252448768,48.14734404962617,80220.43237453898,10414,65871872,12.563165625656517,65779.59660341848,8106,33202176,6.33236043785423,70061.11055563779,18520,99074048,18.895526063510747,67653.56809892009,1882,18509824,3.530216730651772,62376.08144102019,1923,7876608,1.5022365065375876,61995.04256422257,3805,26386432,5.032453237189359,62183.50909934297,0,0,0,0,8585,126988288,24.219364748926065,115324.54646266745,8585,126988288,24.219364748926065,115324.54646266745,
221,5314.0792453651975,10436,71835648,13.70073553182374,310.54100804906096,16136,144834560,27.623332672213905,4546.024364588498,26572,216670208,41.32406820403765,2882.562663969592,8817,55099392,10.50874069871667,211.3036519224226,6879,28176384,5.373894384959261,985.3442969908417,15696,83275776,15.88263508367593,550.5382083333334,1619,16736256,3.1919948331070707,850.9831136504015,1675,6860800,1.3085147688336622,865.5364573134328,3294,23597056,4.500509601940733,858.38349332119,0,0,0,0,7582,109797376,20.940923518420984,8589.645497494064,7582,109797376,20.940923518420984,8589.645497494064,
226,5248.374928689558,10488,74936320,14.292355836612304,633.2744975209763,15755,140333056,26.765258448656688,919.6067561409077,26243,215269376,41.05761428526899,805.1742320999886,8869,57036800,10.878439738990233,264.2650522043071,6870,28139520,5.366957343401285,655.9270493449782,15739,85176320,16.24539708239152,435.2236849228033,1619,17899520,3.4139160976220695,2654.735134033354,1625,6656000,1.2694768097564904,2725.4603132307693,3244,24555520,4.68339290737856,2690.1631291615286,0,0,0,0,7260,105537536,20.128824295498912,764.9190915977962,7260,105537536,20.128824295498912,764.9190915977962,
231,5251.484027371864,10311,69849088,13.320840123955852,367.15843565124624,15950,140722176,26.836966123182272,800.3454499059561,26261,210571264,40.15780624713812,630.2608642473631,8711,54575104,10.407956008420088,331.0725497646654,7030,28794880,5.491438812608318,796.3855469416785,15741,83369984,15.899394821028407,538.8833858077631,1600,15273984,2.912884115535763,563.6235306250001,1665,6819840,1.30060392930197,681.3899621621622,3265,22093824,4.213488044837733,623.6790003062787,0,0,0,0,7255,105107456,20.044923381271982,831.4824595451413,7255,105107456,20.044923381271982,831.4824595451413,
236,5222.103152679548,10281,71938048,13.720313826992692,1649.4161757611128,15831,144621568,27.582807071881682,15329.819041185016,26112,216559616,41.303120898874376,9943.474760416666,8703,55906304,10.662675136629463,424.76404297368725,6686,27385856,5.223140593706835,1019.4286298235119,15389,83292160,15.885815730336297,683.1256927025797,1578,16031744,3.057638690363229,8403.628794043092,1683,6893568,1.3147690127443319,5778.291081996435,3261,22925312,4.372407703107561,7048.693691505673,0,0,0,0,7462,110342144,21.044897465430516,30306.298784642186,7462,110342144,21.044897465430516,30306.298784642186,
241,5216.78777168323,10250,73089024,13.940057893352794,999.5570856585366,15835,142626816,27.202799591147592,14068.511546952952,26085,215715840,41.14285748450039,8933.11636856431,8659,56090624,10.6980022860106,493.68283623975054,6852,28065792,5.352907234098484,1139.0582078225336,15511,84156416,16.050909520109084,778.7780619560313,1591,16998400,3.242055607342193,3752.772123821496,1629,6672384,1.2726044781591404,4705.41832412523,3220,23670784,4.514660085501333,4234.716428260869,0,0,0,0,7354,107888640,20.57728787888997,28189.410804460156,7354,107888640,20.57728787888997,28189.410804460156,
246,5255.7787814119365,10291,71618560,13.65802217584021,286.00832853950055,15992,145747968,27.794875783981826,837.7728218484243,26283,217366528,41.45289795982204,621.7317154053951,8560,54579200,10.408529910956295,268.6940436915888,6948,28459008,5.427276984714772,735.4202217904433,15508,83038208,15.835806895671066,477.79989134640186,1731,17039360,3.249492264883916,371.62951761987296,1574,6447104,1.2294953906075203,617.5354167725541,3305,23486464,4.478987655491436,488.741737065053,0,0,0,0,7470,110841856,21.138103408659532,979.3791860776439,7470,110841856,21.138103408659532,979.3791860776439,
251,5223.0447546110145,10303,72081408,13.747502463619936,420.6765776958168,15814,143769600,27.42001002801794,2150.741481219173,26117,215851008,41.16751249163788,1468.2412437875714,8656,55291904,10.545376506216929,376.5307631700555,6853,28069888,5.353542128832107,875.2051648912885,15509,83361792,15.898918635049036,596.8812483719131,1647,16789504,3.2021259574030068,652.6900388585307,1572,6438912,1.2280414747590942,789.3886119592876,3219,23228416,4.430167432162101,719.446844361603,0,0,0,0,7389,109260800,20.83842642442674,3623.376084855867,7389,109260800,20.83842642442674,3623.376084855867,
256,5293.226025422932,10344,72327168,13.794859098848054,516.1562220610982,16123,144515072,27.563156570707726,1444.206035663338,26467,216842240,41.35801566955578,1081.4997496505082,8677,55697408,10.623088346706073,405.6549537858707,6989,28626944,5.4599767947586955,1008.1167484618686,15666,84324352,16.08306514146477,674.4284430614068,1667,16629760,3.171770752141981,1091.3328896220755,1666,6823936,1.301519722430675,1244.1731224489797,3333,23453696,4.473290474572656,1167.7300777077708,0,0,0,0,7468,109064192,20.801660053518358,1896.9487862881629,7468,109064192,20.801660053518358,1896.9487862881629,
261,5222.286351581317,10446,73752576,14.065804029713048,907.42298640628,15668,138661888,26.44505519370631,2058.365685345928,26114,212414464,40.51085922341936,1597.970976257946,8818,57831424,11.029383932884512,534.6933522340667,6862,28106752,5.360410266127454,1475.5358829787233,15680,85938176,16.389794199011966,946.431964859694,1628,15921152,3.036420096828536,2926.298855036855,1642,6725632,1.2826863388197727,2081.884074908648,3270,22646784,4.319106435648308,2502.283849235474,0,0,0,0,7164,103829504,19.801958588759085,2611.2357171970966,7164,103829504,19.801958588759085,2611.2357171970966,
266,5280.958544013451,10460,73400320,13.99935992126568,1396.4393236137669,15946,147947520,28.21745984130114,18349.99247798821,26406,221347840,42.21681976256682,11634.315510830871,8791,55693312,10.6221705831166,982.6662643612786,6825,27955200,5.331787470013296,2037.4837812454211,15616,83648512,15.953958053129895,1443.6760974001024,1669,17707008,3.377189338149081,3575.875491312163,1644,6733824,1.2843162784911148,3389.3181690997567,3313,24440832,4.661505616640196,3483.3007138545127,0,0,0,0,7477,113258496,21.601356092796728,36529.5057077705,7477,113258496,21.601356092796728,36529.5057077705,
271,5262.630836040521,10445,72679424,13.859420943921068,323.5582041168023,15874,143511552,27.366576398340985,404.56752563941035,26319,216190976,41.225997342262055,372.41803807135534,8763,56274944,10.731209667974051,170.67466746547987,6857,28086272,5.355841378069588,358.55897593699865,15620,84361216,16.087051046043637,253.1537137644046,1682,16404480,3.1282112759470175,1120.061433412604,1592,6520832,1.2434737456448568,603.8417657035176,3274,22925312,4.371685021591874,869.0468607208308,0,0,0,0,7425,108904448,20.76726127462654,404.3299546127946,7425,108904448,20.76726127462654,404.3299546127946,
276,5257.16267240877,10361,71561216,13.64808340688563,434.23003233278644,15927,142413824,27.161021806079017,1090.059999623281,26288,213975040,40.809105212964646,831.5749763770541,8715,54501376,10.394447817069441,348.8327893287435,6909,28299264,5.397207272518621,909.2934815458098,15624,82800640,15.791655089588062,596.6709180107526,1646,17059840,3.2536355898161897,886.3788614823816,1642,6725632,1.2827057955529853,1032.1532289890379,3288,23785472,4.536341385369175,959.1773746958637,0,0,0,0,7376,107388928,20.48110873800741,1272.2724170281997,7376,107388928,20.48110873800741,1272.2724170281997,
281,5246.392925920493,10361,71417856,13.621337368538333,220.14684335488852,15872,146731008,27.985614163406094,404.0186594002016,26233,218148864,41.606951531944425,331.3965465634887,8724,55476224,10.580832376662261,204.0902973406694,6790,27811840,5.304478133308974,404.572741826215,15514,83288064,15.885310509971236,291.8352888358902,1637,15941632,3.040504991876072,305.71636530238237,1606,6578176,1.2546379796898695,369.5800149439601,3243,22519808,4.295142971565941,337.3429522047487,0,0,0,0,7476,112340992,21.42649805040725,410.9135555109684,7476,112340992,21.42649805040725,410.9135555109684,
286,5187.56827132532,10388,72015872,13.735323943079463,789.7520916442048,15551,140529664,26.802708972990178,3275.34631329175,25939,212545536,40.53803291606964,2279.9203996299007,8859,55717888,10.626869047759637,358.7833585054746,6844,28033024,5.346636165762476,965.0860775862068,15703,83750912,15.973505213522113,623.0345085652423,1529,16297984,3.1084548953198263,3286.777603008502,1577,6459392,1.231976217622359,3015.2270323398857,3106,22757376,4.340431112942185,3148.904051835158,0,0,0,0,7130,106037248,20.22409658960534,5550.469617531557,7130,106037248,20.22409658960534,5550.469617531557,
291,4932.0668267087785,10348,70443008,12.540581664108567,14012.337465790491,16073,146481152,26.077234647741047,23872.88300721707,26421,216924160,38.617816311849616,20010.919975436205,8726,54702080,9.738310741026277,13572.27319711208,6959,28504064,5.074421897926009,13762.473562437131,15685,83206144,14.812732638952285,13656.659830347466,1622,15740928,2.8022709230822898,16379.785559802713,1582,6479872,1.153576008409103,16212.082221871051,3204,22220800,3.9558469314913927,16296.98072815231,0,0,0,0,7532,111497216,19.849236741405935,34823.19184532661,7532,111497216,19.849236741405935,34823.19184532661,
296,5098.169066043721,10090,69849088,13.321530218350928,97246.37372348859,15403,139350016,26.57665979936181,98579.32172531325,25493,209199104,39.898190017712736,98051.74767210607,8520,52908032,10.09055332378109,97630.83539953051,6675,27340800,5.21440299111549,98654.33414921348,15195,80248832,15.30495631489658,98080.44738729845,1570,16941056,3.2309768945698374,95159.99571082802,1648,6750208,1.2873911804282139,98640.27245084952,3218,23691264,4.518368074998051,96942.3126988813,0,0,0,0,7080,105259008,20.074865627818106,98494.41286581922,7080,105259008,20.074865627818106,98494.41286581922,
301,5809.179431674849,11491,78520320,14.975478317301167,6636.093306152641,17557,161341440,30.771209750573448,15223.399642478782,29048,239861760,45.746688067874615,11826.3761947122,9713,60370944,11.514010167903074,7588.5209172243385,7626,31236096,5.957381202281622,10696.336607920271,17339,91607040,17.471391370184694,8955.39342759098,1778,18149376,3.4614681493980948,1433.0959010123734,1805,7393280,1.4100541660265313,1247.7202703601108,3583,25542656,4.871522315424626,1339.7096288026792,0,0,0,0,8126,122712064,23.403774382265293,22576.27731516121,8126,122712064,23.403774382265293,22576.27731516121,
306,5295.998753106582,10380,73031680,13.92915819477443,805.0599471098266,16101,143994880,27.46380013108778,1417.5896513260047,26481,217026560,41.39295832586221,1177.4907755371778,8800,57323520,10.933178291411563,743.7939806818182,7073,28971008,5.525571279396497,1292.4160657429663,15873,86294528,16.45874957080806,988.2596776286775,1580,15708160,2.9959799033628682,1146.288114556962,1582,6479872,1.2358905364067947,1846.6848862199747,3162,22188032,4.231870439769663,1496.708004743833,0,0,0,0,7446,108544000,20.70233831528449,1445.3259002148804,7446,108544000,20.70233831528449,1445.3259002148804,
311,5275.01420977952,10342,70606848,13.46671319158802,725.0086030748405,16034,144379904,27.537311363863914,2887.9028024822255,26376,214986752,41.004024555451934,2039.8344141643918,8741,54640640,10.42150794615293,575.1850176181215,6952,28475392,5.4310587137672535,1616.2013938434984,15693,83116032,15.852566659920184,1036.3553386223157,1601,15966208,3.0452052454350915,1543.0023322923173,1707,6991872,1.333546781415521,1573.7968834212068,3308,22958080,4.378752026850613,1558.8929909310762,0,0,0,0,7375,108912640,20.77270586868114,4390.8244291525425,7375,108912640,20.77270586868114,4390.8244291525425,
316,5265.270681539115,10265,71880704,13.70929879642306,535.9033554797857,16063,144793600,27.615460279990604,10574.566613708523,26328,216674304,41.32475907641366,6660.601316469158,8594,55001088,10.489968900699118,409.6115872701885,6965,28528640,5.441065936354584,947.9092114860014,15559,83529728,15.931034837053703,650.5809910019924,1671,16879616,3.21932989572394,1185.4254715739078,1649,6754304,1.2882006789732534,1301.6522777440873,3320,23633920,4.507530574697194,1243.1537858433735,0,0,0,0,7449,109510656,20.886193664662766,21628.4939256276,7449,109510656,20.886193664662766,21628.4939256276,
321,5268.651195376828,10497,70995968,13.541023805448253,1361.4324463179958,15847,141426688,26.97423815580207,1344.0870665110115,26344,212422656,40.51526196125032,1350.9984866383236,8872,54816768,10.455173460353889,348.43153054553653,6792,27820032,5.306100137691371,725.2888742638398,15664,82636800,15.76127359804526,511.83903045199185,1625,16179200,3.085850345094363,6892.105753846154,1679,6877184,1.311681703648971,6093.770132817152,3304,23056384,4.397532048743334,6486.414014225181,0,0,0,0,7376,106729472,20.356456314461727,832.7203980477223,7376,106729472,20.356456314461727,832.7203980477223,
326,5317.572359767313,10556,75952128,14.485553818864776,241.9182230011368,16034,148791296,28.37740538338359,323.7996913433953,26590,224743424,42.86295920224837,291.29345667544186,8862,57876480,11.038174807774324,221.39586289776574,6865,28119040,5.362849968532961,316.02799402767664,15727,85995520,16.401024776307285,262.70377796146755,1694,18075648,3.4473790110904523,349.27899940968126,1626,6660096,1.2702103494296568,323.27810516605166,3320,24735744,4.717589360520109,336.5448265060241,0,0,0,0,7543,114012160,21.744345065420973,330.9852675328119,7543,114012160,21.744345065420973,330.9852675328119,
331,5288.032836521028,10341,72118272,13.753473459336497,234.51729745672566,16103,144879616,27.62958537684962,338.3705612618767,26444,216997888,41.383058836186116,297.7584526168507,8763,55701504,10.62267766078929,148.99430834189207,6930,28385280,5.4132771666497375,241.13387748917748,15693,84086784,16.035954827439028,189.68297298158413,1578,16416768,3.1307957985472075,709.4462921419519,1677,6868992,1.3099662061286594,1111.2801580202743,3255,23285760,4.440762004675866,916.4740626728111,0,0,0,0,7496,109625344,20.90634200407122,255.35039381003202,7496,109625344,20.90634200407122,255.35039381003202,
336,5273.147575480191,10337,72753152,13.875898263525304,335.86925084647385,16030,144957440,27.647114038180415,403.8224225202745,26367,217710592,41.52301230170572,377.18185151894414,8721,56614912,10.797920605700188,183.74710812980163,6937,28413952,5.4192718305413266,360.5189440680409,15658,85028864,16.217192436241515,262.06274396474646,1616,16138240,3.0779776578251155,1156.8204925742573,1610,6594560,1.257752291649349,503.6301155279503,3226,22732800,4.335729949474465,830.8327346559206,0,0,0,0,7483,109948928,20.97008991598974,422.49218655619404,7483,109948928,20.97008991598974,422.49218655619404,
341,5242.544075774362,10312,70074368,13.364972564807298,264.46342416602016,15902,140668928,26.829159036309154,445.7811219343479,26214,210743296,40.19413160111645,374.4548039597162,8706,54075392,10.313559025051786,180.83107672869286,7025,28774400,5.488013342750249,380.7151553024911,15731,82849792,15.801572367802034,270.0934028351663,1606,15998976,3.0514135397555124,717.8278181818182,1671,6844416,1.3054050243040094,680.8159563135847,3277,22843392,4.356818564059522,698.954818126335,0,0,0,0,7206,105050112,20.035740669254896,454.7105151262836,7206,105050112,20.035740669254896,454.7105151262836,
346,5295.7537167368,10477,72122368,13.75561028433924,525.8225505392766,16003,142295040,27.139362862218604,2300.932083796788,26480,214417408,40.894973146557845,1598.5973942220544,8892,56532992,10.782311059998307,504.17802474134055,7002,28680192,5.470058110571522,1526.873048986004,15894,85213184,16.25236917056983,954.7197738140179,1585,15589376,2.973299224340933,647.2503886435331,1628,6668288,1.2718158531862949,1123.8519318181818,3213,22257664,4.2451150775272275,888.740370681606,0,0,0,0,7373,106946560,20.397488898460786,3295.9473895293636,7373,106946560,20.397488898460786,3295.9473895293636,
351,5216.734162530505,10225,69648384,13.283698081342953,1865.3244679706602,15860,142536704,27.185333423468208,6627.467931778058,26085,212185088,40.46903150481116,4760.766113973547,8633,53264384,10.158857318853432,1808.9889920074133,6866,28123136,5.363789168813263,3814.835667200699,15499,81387520,15.522646487666695,2697.571692302729,1592,16384000,3.1248407624895207,2170.8170332914574,1651,6762496,1.2897780247175497,4345.734634766808,3243,23146496,4.41461878720707,3278.060005858773,0,0,0,0,7343,107651072,20.531766229937396,9770.416971946071,7343,107651072,20.531766229937396,9770.416971946071,
356,5256.786873038449,10250,70746112,13.493202942374465,597.6847217560975,16035,145367040,27.725438422004967,1485.5489226067978,26285,216113152,41.21864136437943,1139.3207293893856,8634,54632448,10.419890044313954,364.44427125318504,6928,28377088,5.412280568826441,1109.5888374711317,15562,83009536,15.832170613140397,696.1729407531167,1616,16113664,3.073312898060511,1843.846881188119,1620,6635520,1.265573689592788,1941.623836419753,3236,22749184,4.338886587653299,1892.7957895550062,0,0,0,0,7487,110354432,21.047584163585736,1734.7555620408707,7487,110354432,21.047584163585736,1734.7555620408707,
361,5261.488063209494,10365,71680000,13.67106448633401,2800.406614857694,15944,145326080,27.71710674143604,11113.70934144506,26309,217006080,41.38817122777005,7838.503793492721,8752,54427648,10.380634565394649,3219.2490970063986,6919,28340224,5.405148296054001,5774.7883214337335,15671,82767872,15.78578286144865,4347.561003956353,1613,17252352,3.290429920939363,527.8031407315561,1626,6660096,1.270237191701663,921.0853905289054,3239,23912448,4.560667112641026,725.2335013893177,0,0,0,0,7399,110325760,21.04172125368038,18346.200364779026,7399,110325760,21.04172125368038,18346.200364779026,
366,5270.049934322065,10230,71237632,13.586081941828457,512.1413875855327,16123,143425536,27.35339496751755,945.5173903739999,26353,214663168,40.939476909346006,777.2846840966872,8589,54538240,10.401258110363724,344.60371230643847,6997,28659712,5.465835749021028,839.4564692010862,15586,83197952,15.867093859384752,566.7572308481971,1641,16699392,3.184823831464732,1389.0341925655089,1629,6672384,1.272523429349043,1354.3285623081645,3270,23371776,4.4573472608137745,1371.7450574923546,0,0,0,0,7497,108093440,20.61503578914748,955.6754357743097,7497,108093440,20.61503578914748,955.6754357743097,
371,5203.472759480613,10415,70569984,13.459827116847512,399.67602352376383,15603,138559488,26.427478768861665,883.6001948343268,26018,209129472,39.887305885709175,689.8854494965024,8750,54730752,10.438807239846565,147.10556582857143,6848,28049408,5.34986917964895,247.91552613901868,15598,82780160,15.788676419495514,191.36422772150274,1665,15839232,3.0210198770009478,1726.9982486486485,1607,6582272,1.2554380507733445,1003.2919390168015,3272,22421504,4.276457927774292,1371.5593612469438,0,0,0,0,7148,103927808,19.82217153843937,1465.696442501399,7148,103927808,19.82217153843937,1465.696442501399,
376,5169.918189121251,10030,68292608,13.02406363127868,228.55508394815556,15823,143380480,27.344050105734436,2171.5018727169313,25853,211673088,40.36811373701312,1417.710966773682,8491,53448704,10.193186968425328,148.7572184666117,6833,27987968,5.3375773281669305,255.93885511488367,15324,81436672,15.53076429659226,196.54970888801878,1539,14843904,2.830876662853352,668.8173814165043,1563,6402048,1.2209327329028117,257.16230326295585,3102,21245952,4.051809395756163,461.3973662153449,0,0,0,0,7427,108990464,20.785540044664693,4336.730746600242,7427,108990464,20.785540044664693,4336.730746600242,
381,5241.170383443008,10300,70336512,13.414013587961692,1121.9668205825242,15909,141352960,26.95769909856499,2662.3214273681565,26209,211689472,40.371712686526685,2056.9701186615284,8742,54067200,10.311261318489072,342.60785941432164,6933,28397568,5.415755660688237,963.9446264243472,15675,82464768,15.727016979177309,617.423030430622,1558,16269312,3.102752269472621,5494.9809659820285,1642,6725632,1.2826584155272012,2921.634514007308,3200,22994944,4.3854106849998225,4174.5325678125,0,0,0,0,7334,106229760,20.25928502234955,4209.779059312789,7334,106229760,20.25928502234955,4209.779059312789,
386,5246.116666681843,10409,71716864,13.678167516793119,437.10154308771257,15823,144150528,27.493046400051416,1327.8235504013146,26232,215867392,41.171213916844536,974.3802226288502,8733,55173120,10.522869178776817,416.89162040535894,6778,27762688,5.295026525148424,1112.4724024786074,15511,82935808,15.817895703925242,720.8466549545484,1676,16543744,3.1552983380163004,542.407781026253,1628,6668288,1.2718063120303384,775.4666842751843,3304,23212032,4.427104650046639,657.2443108353511,0,0,0,0,7417,109719552,20.926213562872654,1645.8614442496967,7417,109719552,20.926213562872654,1645.8614442496967,
391,5241.14778234173,10323,70553600,13.456383693830055,653.5565820013562,15884,142983168,27.270562669620876,1716.806336124402,26207,213536768,40.72694636345093,1297.9897141603387,8710,53841920,10.269037077236348,437.2806995407577,6806,27877376,5.316931635425681,1219.0215581839552,15516,81719296,15.585968712662028,780.1866214230472,1613,16711680,3.1873466165937083,1821.4195306881586,1683,6893568,1.3147804793449047,2048.1302085561497,3296,23605248,4.502127095938613,1937.1822949029126,0,0,0,0,7395,108212224,20.63885055485029,2099.538604056795,7395,108212224,20.63885055485029,2099.538604056795,
396,5268.459583752455,10419,71647232,13.664742066356123,321.5240805259622,15925,144162816,27.49509843170993,662.5507676609105,26344,215810048,41.15984049806605,527.6753860461585,8811,55119872,10.5126019887351,283.7581496992396,6869,28135424,5.3660595274296945,640.9626768088513,15680,83255296,15.878661516164794,440.24015841836734,1608,16527360,3.1521400776210244,528.4616529850747,1615,6615040,1.2616372305719838,572.9723702786378,3223,23142400,4.4137773081930085,550.7653478125969,0,0,0,0,7441,109412352,20.867401673708255,701.9215118935628,7441,109412352,20.867401673708255,701.9215118935628,
401,5257.503189760423,10430,71573504,13.650791850006424,767.9145452540747,15859,145313792,27.714841619702298,2301.4680659562396,26289,216887296,41.36563346970872,1693.040083875385,8833,54747136,10.441598023760209,598.8349415827013,6860,28098560,5.359072455708142,1789.7809346938775,15693,82845696,15.80067047946835,1119.4421876632894,1597,16826368,3.2091938262462167,1703.0930920475892,1603,6565888,1.252273053425678,1714.343617592015,3200,23392256,4.461466879671895,1708.7289021875,0,0,0,0,7396,110649344,21.10349611056848,2903.3250442130884,7396,110649344,21.10349611056848,2903.3250442130884,
406,5259.887946877102,10297,71585792,13.652058113554526,782.8582850344761,16006,142897152,27.251779562143202,2614.47125984006,26303,214482944,40.90383767569772,1897.4382673459302,8682,54423552,10.379063692555873,749.9726200184289,6986,28614656,5.4570737530063465,1645.8756504437447,15668,83038208,15.836137445562219,1149.4351277125352,1615,17162240,3.272994420998653,959.6467331269349,1609,6590464,1.2568611034336117,1047.059451211933,3224,23752704,4.529855524432265,1003.2717527915632,0,0,0,0,7411,107692032,20.537844705703243,3867.820946430981,7411,107692032,20.537844705703243,3867.820946430981,
411,5263.740027038309,10311,70569984,13.459491493790816,634.6424220735138,16009,145911808,27.829094287730587,2505.0195260166156,26320,216481792,41.288585781521405,1772.2893467325227,8713,54951936,10.480732362917035,645.2363023068978,6950,28467200,5.42941934423624,1688.746711942446,15663,83419136,15.910151707153275,1108.2636500031922,1598,15618048,2.9787591308737817,576.8799198998748,1670,6840320,1.3046230654495714,889.6767071856287,3268,22458368,4.283382196323353,736.7240553855569,0,0,0,0,7389,110604288,21.095051878044774,3637.881694816619,7389,110604288,21.095051878044774,3637.881694816619,
416,5224.942819593262,10154,70631424,13.470696319460325,1880.8123207602916,15973,143618048,27.39057208589871,43028.59191717273,26127,214249472,40.861268405359034,27036.91457105676,8517,53862400,10.27253865697653,1552.745135728543,6934,28401664,5.416713539731958,2521.4926970002884,15451,82264064,15.68925219670849,1987.4934102647078,1637,16769024,3.1981576624837955,3587.6835577275506,1583,6483968,1.2366105470717754,4924.099072646873,3220,23252992,4.434768209555571,4244.68534658385,0,0,0,0,7456,108732416,20.73724799909498,88789.80948229614,7456,108732416,20.73724799909498,88789.80948229614,
421,5227.865590167367,10279,72876032,13.899110918351708,368.77640879462984,15862,143138816,27.29981621811594,906.5545443828016,26141,216014848,41.198927136467645,695.0928001606671,8617,55750656,10.632913596542553,284.26445735174656,6887,28209152,5.380124600645695,705.6755529258022,15504,83959808,16.013038197188248,471.4586146800825,1662,17125376,3.2661973218091553,806.9469777376654,1597,6541312,1.2475764465269603,661.7235798371947,3259,23666688,4.513773768336116,735.7835023013193,0,0,0,0,7378,108388352,20.672115170943282,1147.0599204391435,7378,108388352,20.672115170943282,1147.0599204391435,
426,5263.486721481127,10407,71622656,13.66012446032022,1439.8480767752474,15912,146604032,27.96083579342224,1978.503971719457,26319,218226688,41.62096025374246,1765.5098648504882,8776,54194176,10.336103553385385,1358.7554227438468,6850,28057600,5.351243998238219,1874.509782919708,15626,82251776,15.687347551623605,1584.8476643414822,1631,17428480,3.3240209069348357,1876.1872133660331,1637,6705152,1.2788301350534257,1638.9803897373242,3268,24133632,4.602851041988261,1757.3660474296205,0,0,0,0,7425,111841280,21.330761660130598,2149.2999713131317,7425,111841280,21.330761660130598,2149.2999713131317,
431,5233.199000152883,10206,71880704,13.709629682317383,516.4634570840682,15961,145313792,27.715341742525148,1271.073672639559,26167,217194496,41.42497142484253,976.7505993044674,8629,55963648,10.67380878394794,475.9528294124464,6952,28475392,5.431041401303234,1184.1784605868816,15581,84439040,16.104850185251173,791.9520969770874,1577,15917056,3.0358208983694426,738.1287748890298,1579,6467584,1.2335463712108468,953.4096409119696,3156,22384640,4.26936726958029,845.8374211026617,0,0,0,0,7430,110370816,21.050753970011066,1419.887538088829,7430,110370816,21.050753970011066,1419.887538088829,
436,5170.64421297179,10343,71815168,13.614568263492249,702.4392286570627,15668,143101952,27.128966601359075,1356.4294749808528,26011,214917120,40.74353486485133,1096.3771464380454,8704,55762944,10.571421453212997,526.883345703125,6708,27475968,5.208836132521873,1107.4432176505666,15412,83238912,15.78025758573487,779.5692801064106,1639,16052224,3.043146810279252,1634.7384386821234,1623,6647808,1.2602774363570364,1902.2154189772027,3262,22700032,4.303424246636288,1767.820946045371,0,0,0,0,7337,108978176,20.659853032480168,1463.3381879514789,7337,108978176,20.659853032480168,1463.3381879514789,
441,5252.701167527338,10535,72757248,13.876554296174225,6089.310284005695,15730,143532032,27.37500510310968,10130.191132040687,26265,216289280,41.2515593992839,8509.377131125071,8878,56766464,10.82672780446313,6389.492463955846,6821,27938816,5.328603099375353,8230.096959243512,15699,84705280,16.155330903838482,7189.209851200714,1657,15990784,3.049826491711095,4480.971482800242,1616,6619136,1.262428178945986,5451.781182549505,3273,22609920,4.31225467065708,4960.295795294836,0,0,0,0,7293,108974080,20.78397382478834,12943.965001645414,7293,108974080,20.78397382478834,12943.965001645414,
446,5235.844137475846,10344,71692288,13.673289423007102,317.4405159512761,15837,143486976,27.366108768631765,297.6029708278083,26181,215179264,41.03939819163887,305.44069920935027,8687,55222272,10.532096669198523,143.27931161505697,6858,28090368,5.357448372449449,233.44495756780404,15545,83312640,15.889545041647972,183.05776127372147,1657,16470016,3.141192753808579,1230.499286059143,1567,6418432,1.2241355496687498,813.0760095724314,3224,22888448,4.3653283034773285,1027.613965260546,0,0,0,0,7412,108978176,20.784524846513566,247.9874019158122,7412,108978176,20.784524846513566,247.9874019158122,
451,5214.910532994896,10125,71884800,13.710702279191699,867.5970242962962,15950,142774272,27.231564065286896,10909.987951285268,26075,214659072,40.9422663444786,7010.497706385426,8572,54730752,10.438883410516208,930.4843321278582,6940,28426240,5.421781983908284,1588.6625373198847,15512,83156992,15.860665394424494,1224.9503419288292,1553,17154048,3.271818868675489,520.4817617514487,1619,6631424,1.264822050712898,884.9466182828907,3172,23785472,4.536640919388387,706.5059114123582,0,0,0,0,7391,107716608,20.544960030665713,21858.511871059396,7391,107716608,20.544960030665713,21858.511871059396,
456,5265.971743794741,10311,70991872,13.539523895511293,405.0511197749976,16021,145727488,27.793052224469232,986.0717954559641,26332,216719360,41.33257611998052,758.557585105575,8658,55013376,10.492115476610442,316.6266958881959,6905,28282880,5.394092574342573,766.4583758146271,15563,83296256,15.886208050953014,516.208251493928,1653,15978496,3.0474084189008512,868.1961058681186,1620,6635520,1.265522081163645,803.7351006172839,3273,22614016,4.312930500064496,836.2905670638559,0,0,0,0,7496,110809088,21.133437568963014,1227.7761855656352,7496,110809088,21.133437568963014,1227.7761855656352,
461,5071.819003659797,10293,70541312,13.131107556727972,3686.2138020985135,15691,141930496,26.42004459111491,7923.826725320247,25984,212471808,39.55115214784288,6245.187954587438,8667,53874688,10.028652751924458,3620.6351524172146,6762,27697152,5.155762936859514,5120.199706891452,15429,81571840,15.184415688783972,4277.842717220818,1626,16666624,3.102454804803514,4035.7649440344403,1610,6594560,1.2275626040141698,3299.537542236025,3236,23261184,4.3300174088176835,3669.4713355995054,0,0,0,0,7319,107638784,20.036719050241224,11531.318388577676,7319,107638784,20.036719050241224,11531.318388577676,
466,5429.785086612555,10773,75448320,14.388995472162971,11693.63416810545,16379,148197376,28.263205492851707,15934.831118566457,27152,223645696,42.65220096501468,14252.06687477902,9100,59281408,11.3057508940616,11973.304977362637,7124,29179904,5.564994774358795,14495.951066395282,16224,88461312,16.870745668420394,13081.005343380177,1673,16166912,3.0832445781013704,10172.412193066348,1668,6832128,1.3029774401502625,12314.766168465227,3341,22999040,4.386222018251633,11241.98610236456,0,0,0,0,7587,112185344,21.395233278342648,18081.773233821008,7587,112185344,21.395233278342648,18081.773233821008,
471,5224.337786495904,10306,70643712,13.474058295524195,1390.5124364447895,15816,142172160,27.116864581529818,2435.092902250885,26122,212815872,40.59092287705401,2022.9710784779113,8705,54968320,10.484250149355521,495.27834290637566,6884,28196864,5.378060955898913,1232.0866104009297,15589,83165184,15.862311105254435,820.6480339341844,1601,15675392,2.9898081461686723,6258.103182386009,1518,6217728,1.1859233775500508,6282.010166666667,3119,21893120,4.175731523718723,6269.738579031741,0,0,0,0,7414,107757568,20.552880248080854,2764.452884138117,7414,107757568,20.552880248080854,2764.452884138117,
476,5232.149784993692,10307,71364608,13.611067833347432,321.17687474531874,15855,144117760,27.486966751783815,467.7720406181015,26162,215482368,41.098034585131245,410.0181848482532,8711,54439936,10.383097203295685,256.87876833888186,6836,28000256,5.340369609640306,444.6469982445875,15547,82440192,15.72346681293599,339.44026699684827,1596,16924672,3.2279706300517472,672.1172286967419,1596,6537216,1.246815374047093,535.1221572681704,3192,23461888,4.47478600409884,603.6196929824562,0,0,0,0,7423,109580288,20.899781768096418,474.587614306884,7423,109580288,20.899781768096418,474.587614306884,
481,5245.382329222255,10352,70381568,13.423661700256227,238.61389663833077,15876,142524416,27.183246960490933,488.84442252456535,26228,212905984,40.60690866074716,390.0802619338112,8748,54562816,10.406599401100692,218.64352560585277,6840,28016640,5.343528256401827,450.8065536549708,15588,82579456,15.750127657502519,320.51644784449576,1604,15818752,3.0170622991555347,347.52961097256855,1614,6610944,1.2608851762913083,396.257102850062,3218,22429696,4.277947475446843,371.96906774394034,0,0,0,0,7422,107896832,20.578833527797798,544.0337188089464,7422,107896832,20.578833527797798,544.0337188089464,
486,5298.606397262665,10532,73027584,13.927871629198323,664.8261528674516,15963,146067456,27.858086834305986,1293.26715460753,26495,219095040,41.78595846350431,1043.4562230986978,8875,56528896,10.781230374926583,437.95304698591553,6934,28401664,5.416785118450904,1012.5794757715604,15809,84930560,16.198015493377486,689.9904723258903,1657,16498688,3.1466412542717395,1879.9732951116475,1647,6746112,1.2866231742268013,1875.4923916211294,3304,23244800,4.433264428498541,1877.7396243946732,0,0,0,0,7382,110919680,21.15467854162828,1427.0199857762123,7382,110919680,21.15467854162828,1427.0199857762123,
491,5229.467118346534,10376,71954432,13.722820397346075,445.41821038936007,15774,142835712,27.240974150182293,1502.331083745404,26150,214790144,40.963794547528366,1082.9609891395792,8794,54448128,10.384098112479158,439.7424678189675,6898,28254208,5.388513411561065,1176.6506746883156,15692,82702336,15.772611524040224,763.6777731328066,1582,17506304,3.338722284866917,476.96845069532236,1580,6471680,1.2342492302502874,832.2562816455696,3162,23977984,4.572971515117204,654.5000044275774,0,0,0,0,7296,108109824,20.61821150837094,1955.3548843201754,7296,108109824,20.61821150837094,1955.3548843201754,
496,5229.1150613370155,10267,72712192,13.867994321895004,276.2672972630759,15880,145317888,27.715677250574075,4272.71589395466,26147,218030080,41.58367157246908,2703.4522024324015,8696,56348672,10.747070633523522,147.8128035878565,6896,28246016,5.387206446810948,258.4224679524362,15592,84594688,16.13427708033447,196.73303482555156,1571,16363520,3.1209236883714815,987.3050292807129,1576,6455296,1.2311829118581865,439.4102664974619,3147,22818816,4.352106600229668,712.9223962503972,0,0,0,0,7408,110616576,21.09728789190494,8825.07241860151,7408,110616576,21.09728789190494,8825.07241860151,
501,5254.412480774247,10318,72462336,13.820074502921319,687.0352009110293,15956,143527936,27.37376240217432,8705.34028365505,26274,215990272,41.193836905095644,5556.490780581564,8723,56336384,10.744520078750767,167.7721849134472,6904,28278784,5.3933522338007345,335.11601897450754,15627,84615168,16.1378723125515,241.70459870736545,1595,16125952,3.075554424170552,3526.866729780564,1579,6467584,1.2335027776899419,4281.544998100064,3174,22593536,4.309057201860494,3902.3037132955264,0,0,0,0,7473,108781568,20.746907390683646,17372.97056322762,7473,108781568,20.746907390683646,17372.97056322762,
506,5288.290381205518,10323,72175616,13.765079745054177,279.2147363169621,16121,145121280,27.677020337510328,537.5697866137336,26444,217296896,41.44210008256451,436.71518125094536,8719,55619584,10.607571525911734,211.13416423901822,7041,28839936,5.5002512050920185,329.32269379349526,15760,84459520,16.107822731003754,263.9365396573604,1604,16556032,3.157508219142443,649.2861253117206,1627,6664192,1.2709712698032545,524.455536570375,3231,23220224,4.4284794889456975,586.4265252243887,0,0,0,0,7453,109617152,20.905797862615056,737.1678901113645,7453,109617152,20.905797862615056,737.1678901113645,
511,5288.689509500801,10321,70811648,13.50545711622144,898.2917352969673,16124,147193856,28.073351858429756,1517.2660961299925,26445,218005504,41.578808974651196,1275.69171994706,8772,54956032,10.48141590284261,844.6418382352941,6982,28598272,5.454367282823814,1499.691305213406,15754,83554304,15.935783185666423,1134.9525769963184,1549,15855616,3.024041213378829,1202.1115526145902,1660,6799360,1.2967988670133959,1271.9417536144579,3209,22654976,4.320840080392225,1238.2343739482706,0,0,0,0,7482,111796224,21.322185708592546,1588.0954998663458,7482,111796224,21.322185708592546,1588.0954998663458,
516,4173.520002022817,8243,56516608,10.774833883413645,70490.50444377046,12634,111783936,21.31149380433699,73929.90935641919,20877,168300544,32.08632768775064,72571.9070239498,6993,43511808,8.295481978801504,70991.94168225369,5516,22593536,4.3074346790049045,72443.02265482233,12509,66105344,12.602916657806409,71631.81398577023,1250,13004800,2.479351904612141,67685.2639568,1302,5332992,1.0167295054503962,66462.39364900153,2552,18337792,3.4960814100625375,67061.37009286834,0,0,0,0,5816,83857408,15.98732961988169,77011.81659456671,5816,83857408,15.98732961988169,77011.81659456671,
521,6340.007191575567,12544,86208512,16.441431430125274,1486.6036890146684,19159,175165440,33.40703259891231,18383.456044104598,31703,261373952,49.84846402903758,11697.839038072107,10581,66158592,12.61757022185506,1621.7145146961536,8131,33304576,6.351749843604723,2961.3669081293815,18712,99463168,18.969320065459783,2203.8390129328777,1963,20049920,3.8238612082702153,758.3267422312787,1999,8187904,1.5615727385765392,1162.6610670335167,3962,28237824,5.385433946846755,962.3308601716305,0,0,0,0,9029,133672960,25.493710016731047,36084.35048687562,9029,133672960,25.493710016731047,36084.35048687562,
526,5144.296835386587,10333,70959104,13.300382532558139,892.8617999612891,15841,144056320,27.0015269955016,1113.8896325989522,26174,215015424,40.30190952805974,1026.632026018186,8763,54362112,10.189487241521105,725.9675922629236,6896,28246016,5.294356842791556,1005.4711660382831,15659,82608128,15.483844084312661,849.056975030334,1570,16596992,3.1108952910370338,1824.386603821656,1553,6361088,1.192305130054421,1892.6166593689632,3123,22958080,4.3032004210914545,1858.3159269932758,0,0,0,0,7392,109449216,20.514865022655624,1051.4289552218613,7392,109449216,20.514865022655624,1051.4289552218613,
531,5369.70052267372,10538,75120640,14.325191833885901,2668.6329051053335,16316,147181568,28.066909387514833,4190.647987190488,26854,222302208,42.392101221400736,3593.3814743799803,8892,58028032,11.065702983133127,2493.24317251462,7184,29425664,5.611351043328043,3602.5724955456567,16076,87453696,16.67705402646117,2988.9773014431453,1646,17092608,3.2594888507527733,3616.1210595382745,1635,6696960,1.2770822600001879,2859.98015351682,3281,23789568,4.536571110752961,3239.3181392868028,0,0,0,0,7497,111058944,21.178476084186602,5044.372975857009,7497,111058944,21.178476084186602,5044.372975857009,
536,5267.581119362296,10260,71467008,13.630683612382265,314.33986686159847,16079,147460096,28.1246126048472,1252.96554033211,26339,218927104,41.755296217229464,887.3366474429553,8645,55119872,10.512844416083686,271.1604569115096,6878,28172288,5.373214230053027,681.684404478046,15523,83292160,15.886058646136714,453.05723661663336,1615,16347136,3.11783919629858,545.4767083591331,1683,6893568,1.3147891173566801,508.06833868092696,3298,23240704,4.43262831365526,526.3868702243784,0,0,0,0,7518,112394240,21.436609257437492,1942.368791566906,7518,112394240,21.436609257437492,1942.368791566906,
541,5269.69005318673,10571,74080256,14.129392704350616,170.21592810519346,15778,143712256,27.410365610131908,228.29444200785903,26349,217792512,41.539758314482526,204.99382450946902,8958,57634816,10.992739397485211,141.70025463273052,6796,27836416,5.309264227511157,222.2910924072984,15754,85471232,16.302003624996367,176.4657321949981,1613,16445440,3.1366533068654054,328.58133601983883,1628,6668288,1.2718484641536438,218.20219656019654,3241,23113728,4.40850177101905,273.1363378586856,0,0,0,0,7354,109207552,20.82925291846711,236.07645716616807,7354,109207552,20.82925291846711,236.07645716616807,
546,5253.498344862459,10359,72982528,13.91845355691032,549.9520902596776,15912,144920576,27.63771496784398,1933.4478226495728,26271,217903104,41.5561685247543,1387.9173026150509,8785,56655872,10.804806914310447,542.230059988617,6826,27959296,5.3321003468105195,1347.7387222384998,15611,84615168,16.136907261120967,894.4433793478958,1574,16326656,3.113646642599873,593.0512236340534,1607,6582272,1.2553010924882075,905.6436135656503,3181,22908928,4.3689477350880805,750.9688503615216,0,0,0,0,7479,110379008,21.050313528545253,2688.8605360342294,7479,110379008,21.050313528545253,2688.8605360342294,
551,4721.507856446213,9446,65314816,12.454404080817277,56100.34333336862,14168,126939136,24.205094498219502,61108.48678204405,23614,192253952,36.65949857903678,59105.144569111544,7997,50745344,9.67625813102002,57034.56263223709,6207,25423872,4.847892018665046,59601.90375737071,14204,76169216,14.524150149685067,58156.463953252605,1449,14569472,2.7781459497972563,50944.40700966184,1449,5935104,1.1317215297318597,53497.60409454796,2898,20504576,3.909867479529116,52221.0055521049,0,0,0,0,6512,95580160,18.225480949822597,64238.02146391278,6512,95580160,18.225480949822597,64238.02146391278,
556,5742.623959862511,11279,78409728,14.955010304159126,3334.8853389484884,17435,160612352,30.633435932021506,21566.67037332951,28714,239022080,45.58844623618063,14405.135811694645,9474,60645376,11.566832918736877,3709.7296476673,7461,30560256,5.828727570356331,5552.958552204798,16935,91205632,17.395560489093207,4521.795242987894,1805,17764352,3.38817738542225,1367.4199756232686,1748,7159808,1.3655831380489032,1270.6942151029748,3553,24924160,4.753760523471153,1319.832970447509,0,0,0,0,8226,122892288,23.439125223616273,40403.975287259906,8226,122892288,23.439125223616273,40403.975287259906,
561,5276.44938797338,10410,71307264,13.600393037661055,2186.914386551393,15973,144601088,27.579681510055043,2586.175455330871,26383,215908352,41.180074547716096,2428.6381121176514,8848,55914496,10.664539339256192,2086.047765596745,7009,28708864,5.475624952666227,2501.9885254672567,15857,84623360,16.14016429192242,2269.8989849908558,1562,15392768,2.935853698404862,2758.276654289373,1613,6606848,1.2601202808746788,2641.046748915065,3175,21999616,4.195973979279541,2698.72017007874,0,0,0,0,7351,109285376,20.84393627651414,2654.4054641545367,7351,109285376,20.84393627651414,2654.4054641545367,
566,5281.805398857629,10366,70918144,13.524527853800242,610.6375518039746,16047,144490496,27.55522955819899,601.2882371159718,26413,215408640,41.07975741199923,604.95745288305,8672,53735424,10.2476770771633,274.7691750461255,6862,28106752,5.360131115442836,469.5704777032935,15534,81842176,15.607808192606136,360.82083841895195,1694,17182720,3.276850776636942,2330.0298559622197,1652,6766592,1.2904308660319972,1503.3613734866829,3346,23949312,4.567281642668939,1921.8839106395696,0,0,0,0,7533,109617152,20.904667576724158,523.4470641178813,7533,109617152,20.904667576724158,523.4470641178813,
571,5287.210278183699,10359,72871936,13.866724325179936,453.43496640602376,16139,144936960,27.579902211595304,901.8887733440733,26498,217808896,41.44662653677524,726.572410370594,8761,56094720,10.674205476552146,389.5252073964159,7008,28704768,5.46220021757411,827.0028560216895,15769,84799488,16.136405694126257,583.9473877227472,1598,16777216,3.1925188486277905,803.8188204005007,1654,6774784,1.289166546784757,820.776129987908,3252,23552000,4.481685395412548,812.4434790897909,0,0,0,0,7477,109457408,20.828535447236437,990.0204866925237,7477,109457408,20.828535447236437,990.0204866925237,
576,5264.976064127316,10300,72130560,13.756704810128689,376.92967932038835,16027,142331904,27.145470496715603,342.30871317152304,26327,214462464,40.90217530684429,355.8535892049987,8677,55721984,10.627269292276585,192.8404582228881,7082,29007872,5.5323670338064375,290.3322557187235,15759,84729856,16.159636326083024,236.65268678215622,1623,16408576,3.1294355178521025,1361.1207892791128,1616,6619136,1.2623983516847224,741.8276633663367,3239,23027712,4.391833869536825,1052.143422352578,0,0,0,0,7329,106704896,20.350705111224443,304.4419712102606,7329,106704896,20.350705111224443,304.4419712102606,
581,5185.356831654308,10119,70258688,13.400152847152201,752.9092288763711,15809,143384576,27.347155049694514,3744.2275887785436,25928,213643264,40.74730789684671,2576.796607451404,8530,54075392,10.313578842657458,781.9519089097304,6745,27627520,5.269284145866123,2255.1829455893253,15275,81702912,15.58286298852358,1432.488297937807,1589,16183296,3.0865740044947443,597.0035896790434,1679,6877184,1.3116572395714188,1332.4154711137583,3268,23060480,4.398231244066163,974.836070991432,0,0,0,0,7385,108879872,20.76621366425697,5652.560515504401,7385,108879872,20.76621366425697,5652.560515504401,
586,5258.28313600749,10407,71528448,13.641627843462802,377.7022930719708,15887,142065664,27.094211769035322,696.2268105369169,26294,213594112,40.735839612498125,570.1568077508176,8788,55963648,10.673169628656717,344.1874869139736,6918,28336128,5.404156297375919,665.8838337669846,15706,84299776,16.077325926032636,485.88462988666754,1619,15564800,2.968458214806084,559.62206856084,1551,6352896,1.2115996555695359,649.2886260477111,3170,21917696,4.18005787037562,603.4936239747634,0,0,0,0,7418,107376640,20.478455816089866,734.338678619574,7418,107376640,20.478455816089866,734.338678619574,
591,5241.015000002106,10265,72609792,13.847673078270073,2287.166374086702,15943,143073280,27.286016845714087,39831.94994900584,26208,215683072,41.133689923984164,25126.62320157967,8632,55910400,10.66287231445741,808.9497913577387,6858,28090368,5.357214529857063,1577.2984830854477,15490,84000768,16.020086844314473,1149.126378050355,1633,16699392,3.1848007638126634,10100.984832210654,1676,6864896,1.3092288643978476,10732.937079355608,3309,23564288,4.494029628210511,10421.067022061046,0,0,0,0,7409,108118016,20.61957345145918,81824.16824065326,7409,108118016,20.61957345145918,81824.16824065326,
596,5216.212631506357,10376,70668288,13.477388636738993,291.2161535273708,15708,143011840,27.27427254690442,979.8768604532722,26084,213680128,40.751661183643414,705.9333128737924,8754,54788096,10.448823416508478,272.7178124286041,6809,27889664,5.31893231481805,771.3990089587311,15563,82677760,15.767755731326528,490.8968439246932,1622,15880192,3.028565220230515,391.05245314426634,1555,6369280,1.2147069686506193,512.7740604501607,3177,22249472,4.243272188881135,450.6297585772742,0,0,0,0,7344,108752896,20.74063326343575,1272.0705620915032,7344,108752896,20.74063326343575,1272.0705620915032,
