5,5490.497420883334,10785,74002432,14.114065929472252,962.0538351414001,16669,150908928,28.782007585074787,4216.228257723919,27454,224911360,42.89607351454704,2937.861857652801,9109,57413632,10.950177790082058,474.99467032605116,7199,29487104,5.623908818634568,1254.2301048756772,16308,86900736,16.574086608716627,818.980192359578,1676,16588800,3.163888139390193,3609.2029594272076,1769,7245824,1.3819550910077165,4440.714352176371,3445,23834624,4.54584323039791,4036.1822493468794,0,0,0,0,7701,114176000,21.776143675432504,6933.5777969094925,7701,114176000,21.776143675432504,6933.5777969094925,
10,5483.7440294114695,10827,77012992,14.686234462884137,657.9828844555278,16597,152735744,29.12642255539233,3526.6501719587877,27424,229748736,43.81265701827647,2394.099824752042,9145,58937344,11.239241978855432,700.2727394204483,7285,29839360,5.690310502186519,1913.6212781056968,16430,88776704,16.929552481041952,1238.2669027997565,1682,18075648,3.446992484028704,428.05379785969086,1675,6860800,1.308341810729227,939.1799426865672,3357,24936448,4.755334294757931,683.0839714030385,0,0,0,0,7637,116035584,22.127770242476583,5632.834292130418,7637,116035584,22.127770242476583,5632.834292130418,
15,5482.712841818367,10847,77385728,14.75938322435175,753.3001874250946,16568,150949888,28.78989837331472,4767.359287904394,27415,228335616,43.54928159766647,3179.1594315155935,9084,58769408,11.208787937490017,818.6900827829149,7246,29679616,5.660641022794303,2233.0681426994206,16330,88449024,16.86942896028432,1446.2824540110225,1763,18616320,3.5505952868617316,416.37346625070904,1719,7041024,1.3428984154269124,1006.870414194299,3482,25657344,4.893493702288644,707.8910577254451,0,0,0,0,7603,114229248,21.786358935093503,8032.880004998027,7603,114229248,21.786358935093503,8032.880004998027,
20,5526.235381200042,10966,78397440,14.952138463885007,24621.36590415831,16667,148922368,28.402813493726807,34987.131974440505,27633,227319808,43.35495195761182,30873.536247349184,9273,61444096,11.718758051031296,25294.94854394479,7274,29794304,5.6824375750417735,28686.14303244432,16547,91238400,17.40119562607307,26785.705098567716,1693,16953344,3.233380412853712,20931.979124040165,1664,6815744,1.2999142321789263,21006.64472716346,3357,23769088,4.533294645032639,20968.98942001787,0,0,0,0,7729,112312320,21.42046168650611,43927.08854625437,7729,112312320,21.42046168650611,43927.08854625437,
25,5058.5712231946245,10208,69861376,13.322290605792627,844.8607856583072,15090,135925760,25.920509718177083,5378.501373359842,25298,205787136,39.24280032396971,3549.1313393944183,8621,53952512,10.28853259026152,656.0215429764529,6652,27246592,5.195818310842669,1898.6392761575466,15273,81199104,15.484350901104188,1197.2310735939238,1587,15908864,3.0337580155311072,1870.685052299937,1601,6557696,1.250526926587359,1936.319139287945,3188,22466560,4.284284942118466,1903.6462107904642,0,0,0,0,6837,102121472,19.474164480747056,9570.248693432794,6837,102121472,19.474164480747056,9570.248693432794,
30,5169.673419237041,10754,73510912,13.140767887600727,28758.280594383486,16826,153444352,27.42962314622491,73826.04564418162,27580,226955264,40.570391033825636,56253.21223788978,9031,56741888,10.143146907390253,27303.940124128003,7096,29065216,5.195681112743899,29583.16104833709,16127,85807104,15.338828020134153,28306.81429032058,1723,16769024,2.997620980210474,36381.11796343586,1698,6955008,1.2432731862231032,35419.6961213192,3421,23724032,4.240894166433577,35903.91998392283,0,0,0,0,8032,117424128,20.990668847257908,121032.40652340637,8032,117424128,20.990668847257908,121032.40652340637,
35,6329.453341640411,12563,84582400,16.13039997285846,29551.93172482687,19089,173035520,32.99897079193248,48117.963710618686,31652,257617920,49.129370764790934,40748.917210002524,10677,65974272,12.581711978829599,30289.461847522714,8305,34017280,6.487310981820315,33825.46621589404,18982,99991552,19.069022960649914,31836.533614424192,1886,18608128,3.548687994028861,25376.635266702015,1876,7684096,1.4654058280427347,26376.94328198294,3762,26292224,5.014093822071596,25875.459784688996,0,0,0,0,8908,131334144,25.046253982069427,66021.57237898518,8908,131334144,25.046253982069427,66021.57237898518,
40,5435.717535112574,10657,74616832,14.231291726617942,1503.506866566576,16523,150220800,28.650854919784432,4917.7609351812625,27180,224837632,42.882146646402376,3579.0668362398824,9041,57319424,10.932244410292116,1472.0864955204072,7151,29290496,5.586428453479986,2772.987225423018,16192,86609920,16.518672863772103,2046.6134915390317,1616,17297408,3.299047316325826,1679.2937320544554,1651,6762496,1.289776727268278,1358.488477286493,3267,24059904,4.588824043594104,1517.1726804407715,0,0,0,0,7721,114167808,21.774649739036168,7665.285300738246,7721,114167808,21.774649739036168,7665.285300738246,
45,5468.136630101965,10640,74534912,14.215201653811857,477.3982609962406,16703,151584768,28.910050162349243,1701.5769325270908,27343,226119680,43.125251816161104,1225.2114618366675,9034,57409536,10.949072175623838,489.95502269205224,7235,29634560,5.651864810975918,1135.90196129924,16269,87044096,16.600936986599756,777.2146023111438,1606,17125376,3.2661294781880184,406.7645217932752,1691,6926336,1.3209818100014206,699.1548533412182,3297,24051712,4.587111288189439,556.7287470427661,0,0,0,0,7777,115023872,21.937203541371904,2445.791173588788,7777,115023872,21.937203541371904,2445.791173588788,
50,5480.462003694706,11028,74768384,14.106148450675914,1029.7335126042801,16675,150253568,28.347531698046705,3758.992316101949,27703,225021952,42.45368014872262,2672.5299804353317,9266,57036800,10.760825965578071,801.5242569609323,7295,29880320,5.637359096509302,1563.8920080877315,16561,86917120,16.39818506208737,1137.3417042449128,1762,17731584,3.3453224850978436,2229.839620885358,1668,6832128,1.288980805068885,1560.2508747002398,3430,24563712,4.634303290166728,1904.220370553936,0,0,0,0,7712,113541120,21.42119179646852,6310.957755835062,7712,113541120,21.42119179646852,6310.957755835062,
55,5573.591833033347,11042,77496320,14.780697958668082,455.7728882448832,16827,150368256,28.679397608914588,517.1869018244488,27869,227864576,43.46009556758267,492.8540036958628,9271,59076608,11.267547920606225,434.6508358321648,7353,30117888,5.744316706664186,495.8402491500068,16624,89194496,17.01186462727041,461.71566716794996,1771,18419712,3.5131500380618585,566.344626199887,1703,6975488,1.3304190604445953,575.7021092190253,3474,25395200,4.843569098506454,570.9317861255037,0,0,0,0,7771,113274880,21.604661841805804,524.5618264058679,7771,113274880,21.604661841805804,524.5618264058679,
60,5495.343594396474,10920,75718656,14.440462621396984,476.9159411172161,16560,146657280,27.969315382403927,2142.379682910628,27480,222375936,42.40977800380091,1480.5578466521106,9220,58650624,11.185382682883448,149.51494229934923,7309,29937664,5.709474267001545,244.9720923518949,16529,88588288,16.894856949884993,191.7253790912941,1700,17068032,3.2550799385135365,2252.5848876470586,1725,7065600,1.3474952949210104,3192.471446956522,3425,24133632,4.602575233434547,2725.9584102189783,0,0,0,0,7526,109654016,20.912345820481374,3744.3918788200904,7526,109654016,20.912345820481374,3744.3918788200904,
65,5503.835030792205,10840,75862016,14.468571812959652,166.47358948339485,16681,149446656,28.5027974281975,235.52919723038187,27521,225308672,42.971369241157156,208.32950288870316,9197,58294272,11.118012744562485,148.4290476242253,7368,30179328,5.755868318011269,225.9356934039088,16565,88473600,16.873881062573755,182.90347962571687,1643,17567744,3.350559068397168,267.4812897139379,1618,6627328,1.2639786832983488,233.3548393077874,3261,24195072,4.614537751695517,250.5488773382398,0,0,0,0,7695,112640000,21.482950426887882,245.17221832358675,7695,112640000,21.482950426887882,245.17221832358675,
70,5501.682035342091,10790,73281536,13.976027954486579,177.3664250231696,16721,154382336,29.44332176136346,221.57690132169128,27511,227663872,43.41934971585004,204.23725393478972,9129,56307712,10.738832725410933,138.53942490962868,7261,29741056,5.672122238976415,211.68841839966947,16390,86048768,16.41095496438735,170.94545552165954,1661,16973824,3.2371952290756463,390.7629837447321,1764,7225344,1.3779952664308495,226.9857477324263,3425,24199168,4.6151904955064955,306.4117299270073,0,0,0,0,7696,117415936,22.393204255956196,229.66669724532227,7696,117415936,22.393204255956196,229.66669724532227,
75,5470.116940046751,10812,74919936,14.289104337433493,236.90992184609692,16540,149286912,28.472745382233803,228.06195042321644,27352,224206848,42.761849719667296,231.55947407867797,9192,58171392,11.094738385010686,142.57749488685812,7233,29626368,5.650488856413343,220.45384377160238,16425,87797760,16.74522724142403,176.87153637747335,1620,16748544,3.1943659524228063,772.1591,1640,6717440,1.2811837030993891,225.89922560975612,3260,23465984,4.475549655522196,497.3535190184049,0,0,0,0,7667,112943104,21.541072822721073,235.70200573888093,7667,112943104,21.541072822721073,235.70200573888093,
80,5532.062755496711,10930,74924032,14.289753870882473,733.3424562671546,16732,152330240,29.052916381922106,2409.160345266555,27662,227254272,43.34267025280458,1746.9996364688018,9203,57778176,11.01964072286618,176.43968119091602,7223,29585408,5.642624765437574,264.70748234805484,16426,87363584,16.662265488303756,215.25365463289907,1727,17145856,3.2701131480162933,3701.018332947307,1687,6909952,1.317888409150379,3835.733036158862,3414,24055808,4.588001557166672,3767.5864947275923,0,0,0,0,7822,115834880,22.092403207334154,4081.7191408846843,7822,115834880,22.092403207334154,4081.7191408846843,
85,5476.284502487757,10930,75337728,14.36870344600455,167.1450551692589,16453,152346624,29.056138529369502,385.96338369902145,27383,227684352,43.42484197537405,298.621444144177,9236,58191872,11.098579343086318,150.76671286271113,7102,29089792,5.5481178640528634,354.45377358490566,16338,87281664,16.646697207139184,239.30787489288775,1694,17145856,3.2701241029182326,256.4427939787485,1694,6938624,1.3233612590404886,338.91352184179453,3388,24084480,4.593485361958721,297.6781579102715,0,0,0,0,7657,116318208,22.18465940627615,425.59819067519913,7657,116318208,22.18465940627615,425.59819067519913,
90,5534.385218858511,10839,73777152,14.070820445476729,208.21555374112003,16835,149676032,28.54629806343608,310.05234802494806,27674,223453184,42.61711850891281,270.1662089325721,9189,57241600,10.917150551051371,180.4360003264773,7309,29937664,5.7097283275588175,295.8303137228075,16498,87179264,16.62687887861019,231.5583810158807,1650,16535552,3.1536698944253585,362.9224121212121,1721,7049216,1.344430490043607,339.09911737362,3371,23584768,4.498100384468966,350.7598816374963,0,0,0,0,7805,112689152,21.492139245833656,316.96578283151825,7805,112689152,21.492139245833656,316.96578283151825,
95,5488.34859010118,10771,75841536,14.463908284511275,311.8523944851917,16674,150720512,28.74424460710528,1260.8696827395945,27445,226562048,43.20815289161656,888.4205950446348,9074,58175488,11.094776915365825,168.43187844390567,7265,29757440,5.675107673740246,285.4340854783207,16339,87932928,16.769884589106073,220.45593341085745,1697,17666048,3.3691313691454488,1078.7338102533884,1657,6787072,1.2943776208379338,512.0929432709717,3354,24453120,4.663508989983383,798.7922728085867,0,0,0,0,7752,114176000,21.7747593125271,2335.0779736842105,7752,114176000,21.7747593125271,2335.0779736842105,
100,5500.448434437954,10776,75325440,14.366269268406693,220.9817980697847,16728,151465984,28.887997350538942,267.0133541367766,27504,226791424,43.254266618945636,248.9783029377545,9104,58130432,11.086791378859587,151.06215531634447,7343,30076928,5.736352106466033,256.4975921285578,16447,88207360,16.82314348532562,198.13532443606738,1672,17195008,3.279477889547107,601.6925801435407,1696,6946816,1.3249153169775831,292.71446698113203,3368,24141824,4.604393206524691,446.1026514251782,0,0,0,0,7689,114442240,21.826729927095325,271.3868946547015,7689,114442240,21.826729927095325,271.3868946547015,
105,5424.695810472391,10783,74977280,14.298925080797197,168.67529444495966,16344,147906560,28.207275862747164,2342.1531175354867,27127,222883840,42.50620094354436,1478.1942807166292,9139,57913344,11.044660022802052,136.63847565379146,7137,29233152,5.5750575417454025,230.46640226986128,16276,87146496,16.619717564547457,177.78187159007126,1644,17063936,3.254265057995145,346.768048053528,1642,6725632,1.282645997414313,232.8400322777101,3286,23789568,4.536911055409457,289.8387108947048,0,0,0,0,7565,111947776,21.349572323587445,4792.199406080635,7565,111947776,21.349572323587445,4792.199406080635,
110,5531.218167840194,10895,77299712,14.7432653328441,210.6805312528683,16762,154116096,29.394346196142017,262.3912429304379,27657,231415808,44.13761152898612,242.020696460209,9140,59580416,11.363688932362775,127.2232489059081,7266,29761536,5.676375895954071,211.76490875309662,16406,89341952,17.040064828316847,164.66562976959648,1755,17719296,3.3795764004813256,645.3241555555556,1711,7008256,1.336674808419683,632.7621332554062,3466,24727552,4.716251208901008,639.1228802654357,0,0,0,0,7785,117346304,22.381295491768263,228.24176968529224,7785,117346304,22.381295491768263,228.24176968529224,
115,5493.523608741492,10679,75837440,14.464116028501552,205.60093997565318,16790,150675456,28.73761664728372,272.5743015485408,27469,226512896,43.20173267578527,246.53736797844843,9007,59084800,11.26896428361517,181.18969579216164,7296,29884416,5.699713234887784,268.76938610197374,16303,88969216,16.968677518502954,220.3837962951604,1672,16752640,3.195151744886381,337.1033779904306,1675,6860800,1.308527915081831,286.6094214925373,3347,23613440,4.503679659968212,311.83377024200774,0,0,0,0,7819,113930240,21.729375497314106,273.1180842818775,7819,113930240,21.729375497314106,273.1180842818775,
120,5485.985570379207,10617,72908800,13.905706470432332,163.06516266365261,16814,150126592,28.633255817656504,258.4862115498989,27431,223035392,42.53896228808884,221.5540808938792,9006,56709120,10.815983487816608,135.85700288696424,7282,29827072,5.688840141443159,244.9292289206262,16288,86536192,16.504823629259768,184.62075227161102,1611,16199680,3.089722982615723,315.16738919925507,1709,7000064,1.33510406505443,253.09479695728496,3320,23199744,4.424827047670153,283.21496144578316,0,0,0,0,7823,113299456,21.609311611158915,272.28346005368786,7823,113299456,21.609311611158915,272.28346005368786,
125,5510.231996332572,10806,74219520,14.155818397590549,420.33902174717747,16746,152961024,29.174110498875358,12703.36558240774,27552,227180544,43.32992889646591,7885.915487514519,9106,58261504,11.112161196872405,340.1088832637821,7297,29888512,5.700607441899462,370.3470771549952,16403,88150016,16.812768638771868,353.5605750777297,1700,15958016,3.043657200718145,850.0893988235293,1651,6762496,1.2898044246369755,1654.6600926711085,3351,22720512,4.33346162535512,1246.4923279618024,0,0,0,0,7798,116310016,22.18369863233892,26583.264120030777,7798,116310016,22.18369863233892,26583.264120030777,
130,5392.195228394547,10706,73691136,14.054413738567419,218.8170715486643,16257,146763776,27.990867581935923,245.62794543888788,26963,220454912,42.04528132050334,234.98234903386123,9059,57180160,10.90543137070764,161.9512883320455,7111,29126656,5.555051753374071,213.48104303192235,16170,86306816,16.460483124081712,184.61227074829932,1647,16510976,3.148982367859778,531.5961426836673,1622,6643712,1.26709238418967,468.80320468557335,3269,23154688,4.416074752049448,500.4397812786785,0,0,0,0,7524,110993408,21.16872344437218,227.89885885167465,7524,110993408,21.16872344437218,227.89885885167465,
135,5503.4910989509,10878,73891840,14.092958987579355,368.18754366611506,16641,151298048,28.856192853836262,267.8467327684634,27519,225189888,42.94915184141561,307.5105047421781,9233,57692160,11.003288655213703,135.82848413300118,7190,29450240,5.616872235071816,230.91320250347704,16423,87142400,16.62016089028552,177.45663520672227,1645,16199680,3.089670332365651,1672.3645629179332,1672,6848512,1.3061766866536961,538.3303857655502,3317,23048192,4.395847019019347,1100.732020198975,0,0,0,0,7779,114999296,21.93314393211075,243.8466575395295,7779,114999296,21.93314393211075,243.8466575395295,
140,5529.160935155786,10967,76349440,14.560817049116809,392.2914086805872,16682,149131264,28.44124398826684,314.7759777005155,27649,225480704,43.00206103738365,345.52254110456073,9274,57896960,11.041692542342602,199.71126536553808,7282,29827072,5.688405029595955,227.01415641307332,16556,87724032,16.730097571938558,211.72018374003383,1693,18452480,3.5191245067742076,1447.216541051388,1705,6983680,1.3318773105549442,1040.755282111437,3398,25436160,4.851001817329152,1243.2682048263684,0,0,0,0,7695,112320512,21.42096164811594,236.97050253411308,7695,112320512,21.42096164811594,236.97050253411308,
145,5475.003345862598,10815,75091968,14.321618674505945,143.01175127138237,16562,150192128,28.644799735819777,214.99091903151793,27377,225284096,42.96641841032572,186.55629510172773,9173,58806272,11.215593700424472,123.09396871252589,7291,29863936,5.69568110815594,206.20813331504593,16464,88670208,16.911274808580412,159.90066053206996,1642,16285696,3.1060249740814725,254.2820432399513,1688,6914048,1.3186544658575265,215.2462808056872,3330,23199744,4.424679439938999,234.49454564564564,0,0,0,0,7583,113414144,21.630464161806312,223.37866002901228,7583,113414144,21.630464161806312,223.37866002901228,
150,5439.887884602634,10563,71966720,13.725270392065076,284.99439714096377,16639,147894272,28.205938420392357,268.4339991586032,27202,219860992,41.931208812457434,274.864683810014,8938,55357440,10.557599849104127,149.16279033340794,7270,29777920,5.679152860006437,232.7667441540578,16208,85135360,16.236752709110565,186.6628362537019,1625,16609280,3.1676705429609493,1032.110028923077,1698,6955008,1.3264376281005406,481.94907773851594,3323,23564288,4.49410817106149,750.9865576286488,0,0,0,0,7671,111161344,21.20034793228538,254.9745206622344,7671,111161344,21.20034793228538,254.9745206622344,
155,5501.607012428575,10890,74850304,14.27606171859661,158.39868696051423,16619,149778432,28.566966666516485,230.03035236777183,27509,224628736,42.843028385113094,201.6734932931041,9207,57335808,10.935553898266136,129.95281047029434,7275,29798400,5.683394385618383,216.94868865979382,16482,87134208,16.618948283884517,168.35197403227764,1683,17514496,3.340507820330475,314.0143642305407,1744,7143424,1.3624522073564895,268.4446542431193,3427,24657920,4.702960027686965,290.8239428071199,0,0,0,0,7600,112836608,21.521120073541613,233.7375314473684,7600,112836608,21.521120073541613,233.7375314473684,
160,5431.199664769165,10778,74485760,14.20650722877436,194.28465355353498,16379,145743872,27.797412164654894,277.30177996214667,27157,220229632,42.00391939342926,244.3541573075082,9147,57905152,11.044123876446694,148.3887541270362,7185,29429760,5.613074206144832,252.58757633959638,16332,87334912,16.657198082591524,194.229345456772,1631,16580608,3.162383352327666,451.6787627222563,1643,6729728,1.2835464051073011,455.9926335970785,3274,23310336,4.445929757434968,453.8436038485034,0,0,0,0,7551,109584384,20.90079155340276,261.9372561250165,7551,109584384,20.90079155340276,261.9372561250165,
165,5516.502900491177,10877,76173312,14.527070519301345,227.53003576353774,16709,152416256,29.06742061051365,254.3077862229936,27586,228589568,43.59449112981499,243.7494743348075,9142,58728448,11.200147179961428,138.60444826077446,7215,29552640,5.636006549269194,222.23593333333332,16357,88281088,16.836153729230624,175.49392461942898,1735,17444864,3.3269233393399165,696.0935636887608,1766,7233536,1.3795131761620785,452.1622123442809,3501,24678400,4.706436515501995,573.0479291630962,0,0,0,0,7728,115630080,22.051900885082375,239.03701785714287,7728,115630080,22.051900885082375,239.03701785714287,
170,5503.498791962217,10940,76136448,14.520552601658126,704.8396467093236,16580,150892544,28.77784792836689,1767.2154120024127,27520,227028992,43.29840053002501,1344.8901622819767,9257,59228160,11.295846278242765,142.85943556227718,7209,29528064,5.631518383115635,233.88419586627825,16466,88756224,16.9273646613584,182.71109941698043,1683,16908288,3.224706323415362,3795.8977658942367,1705,6983680,1.3319099518951532,4216.582912609972,3388,23891968,4.556616275310515,4007.606200118064,0,0,0,0,7666,114380800,21.8144195933561,2664.3734016436215,7666,114380800,21.8144195933561,2664.3734016436215,
175,5545.7094835721355,11022,75669504,14.432056465176428,352.3990255851933,16708,149684224,28.548504463754863,297.6558013526454,27730,225353728,42.98056092893129,319.4149004327443,9338,59265024,11.30331411684734,121.9514253587492,7241,29659136,5.656734917415964,212.57082240022095,16579,88924160,16.960049034263303,161.53011249170638,1684,16404480,3.128742348329089,1630.2610748218528,1732,7094272,1.3530541191775236,968.8357563510393,3416,23498752,4.481796467506613,1294.901399297424,0,0,0,0,7735,112930816,21.538715427161378,227.01800568842924,7735,112930816,21.538715427161378,227.01800568842924,
180,5578.256334783727,10981,75223040,14.346772374047578,154.98992405063294,16912,148738048,28.367783567589967,219.63771517265846,27893,223961088,42.71455594163755,194.18697863263185,9281,58585088,11.173530371140894,131.88615741838163,7450,30515200,5.819953944277401,211.55680496644297,16731,89100288,16.993484315418296,167.36200011953858,1700,16637952,3.173242002906685,281.1228994117647,1688,6914048,1.3186687594550675,231.87811315165877,3388,23552000,4.491910762361752,256.58771664698935,0,0,0,0,7774,111308800,21.229160863857498,224.72402714175456,7774,111308800,21.229160863857498,224.72402714175456,
185,5483.353701225992,10740,75374592,14.374868197534976,168.16676089385476,16680,148983808,28.413057327950206,234.59716223021582,27420,224358400,42.78792552548518,208.57737702407002,9047,58212352,11.10181647773976,135.04680015474744,7254,29712384,5.666519612265988,221.73484642955611,16301,87924736,16.76833609000575,173.62327323477086,1693,17162240,3.273051719795215,345.15216243354996,1680,6881280,1.3123453196314945,269.6597642857143,3373,24043520,4.585397039426709,307.5514423361992,0,0,0,0,7746,112390144,21.434192396052723,239.03791453653497,7746,112390144,21.434192396052723,239.03791453653497,
190,5455.170238415515,10638,72757248,13.876250570654294,1488.9508652942284,16640,150966272,28.792262978247216,1539.9138694110577,27278,223723520,42.66851354890151,1520.0390824840529,9004,56594432,10.793680917341124,145.06520757441137,7199,29487104,5.62377570557565,236.79786386998194,16203,86081536,16.417456622916774,185.8220669629081,1634,16162816,3.08256965331317,8894.303657282742,1706,6987776,1.3327075085028557,12848.029831184056,3340,23150592,4.415277161816026,10913.781756886227,0,0,0,0,7735,114491392,21.835779764168713,258.6580572721396,7735,114491392,21.835779764168713,258.6580572721396,
195,5538.158318093893,11020,77606912,14.80169781278847,308.9352793103448,16672,150769664,28.755776365172892,292.1124686300384,27692,228376576,43.55747417796136,298.80708706485626,9258,58843136,11.222947737294513,155.29867411968027,7177,29396992,5.6067865731980175,231.65511090985092,16435,88240128,16.829734310492533,188.64276580468513,1762,18763776,3.578750075493956,1116.1814148694666,1730,7086080,1.351503521197237,758.2304196531793,3492,25849856,4.930253596691193,938.8460134593356,0,0,0,0,7765,114286592,21.797486270777636,244.14317063747586,7765,114286592,21.797486270777636,244.14317063747586,
200,5473.199889384567,10771,73469952,14.012256903576224,578.7049026088572,16597,153550848,29.285359134819952,3559.679529493282,27368,227020800,43.29761603839618,2386.4817179552765,9099,57171968,10.903890386358752,145.07071095724805,7104,29097984,5.549594304677789,237.10639090653154,16203,86269952,16.45348469103654,185.42258840955378,1672,16297984,3.108366517217472,2938.535949162679,1646,6742016,1.285843500211098,1428.9721998784933,3318,23040000,4.39421001742857,2189.66857986739,0,0,0,0,7847,117710848,22.449921329931065,7014.5927244806935,7847,117710848,22.449921329931065,7014.5927244806935,
205,5539.086650346422,10927,75423744,14.385643117953492,193.5297987553766,16769,152547328,29.09549835135994,254.6831562406822,27696,227971072,43.48114146931343,230.55610766897746,9238,57933824,11.049773881847193,159.37033210651654,7224,29589504,5.643634510920823,246.1961949058693,16462,87523328,16.693408392768013,197.47202284048112,1689,17489920,3.3358692361063,380.3652948490231,1762,7217152,1.376534331152061,255.9568263337117,3451,24707072,4.712403567258361,316.84523645320195,0,0,0,0,7783,115740672,22.075329509287055,262.2722095592959,7783,115740672,22.075329509287055,262.2722095592959,
210,5506.187477681924,10859,72929280,13.909619380420773,309.5680154710378,16673,148701184,28.36140533483829,279.50847184070057,27532,221630464,42.27102471525907,291.3643698605259,9181,56467456,10.76989681429266,143.4834405838144,7290,29859840,5.695092686507579,238.73944224965706,16471,86327296,16.464989500800236,185.6433733228098,1678,16461824,3.139722566128115,1218.2822479141837,1708,6995968,1.3343234991159045,590.5343694379392,3386,23457792,4.4740460652440195,901.6273818665093,0,0,0,0,7675,111845376,21.33198914921481,249.01648390879478,7675,111845376,21.33198914921481,249.01648390879478,
215,5504.342748743518,10927,72433664,13.814477417546446,150.47908227326806,16597,152190976,29.025713804928507,219.53422257034404,27524,224624640,42.84019122247496,192.11940212178462,9267,56520704,10.779573280068051,130.42127862307112,7162,29335552,5.5948477304041875,213.21164870148004,16429,85856256,16.374421010472236,166.51261896646173,1660,15912960,3.0349041374783954,262.4523753012048,1716,7028736,1.3405136421912294,217.27232867132867,3376,22941696,4.3754177796696245,239.48763595971565,0,0,0,0,7719,115826688,22.09035243233309,225.90340044047156,7719,115826688,22.09035243233309,225.90340044047156,
220,5483.278079311906,10772,73142272,13.950471061275953,173.36632593761604,16645,152743936,29.13294597894616,240.39129618504055,27417,225886208,43.08341704022211,214.05752591457855,9154,56725504,10.819290683071662,137.07429713786323,7303,29913088,5.705341891723037,229.8341967684513,16457,86638592,16.5246325747947,178.23766512730145,1618,16416768,3.1311803782042906,378.6921798516687,1700,6963200,1.3280954697972291,254.5285917647059,3318,23379968,4.4592758480015195,315.0761160337553,0,0,0,0,7642,115867648,22.099508617425894,247.33517142109395,7642,115867648,22.099508617425894,247.33517142109395,
225,5505.7638049350735,10884,74735616,14.254076005840979,506.3604844726204,16646,150048768,28.618303536225618,406.6477890183828,27530,224784384,42.8723795420666,446.0692556847076,9092,56401920,10.757351013944442,160.87396843378795,7158,29319168,5.59194760768441,266.6696422184968,16250,85721088,16.34929862162885,207.47614892307692,1792,18333696,3.4967249918965377,2259.2418482142857,1750,7168000,1.3671288507191557,1537.9562097142857,3542,25501696,4.863853842615693,1902.8754260304913,0,0,0,0,7738,113561600,21.659227077822052,280.2810067200827,7738,113561600,21.659227077822052,280.2810067200827,
230,5540.1620910353895,10850,75976704,14.490783978059943,329.7247935483871,16852,153300992,29.238588169003695,318.46013956800385,27702,229277696,43.729372147063636,322.87214937549635,9166,58990592,11.25107934939993,160.88249509055206,7286,29843456,5.691943073165386,259.48525912709306,16452,88834048,16.943022422565317,204.55011840505713,1684,16986112,3.239704628660013,1248.7322209026129,1710,7004160,1.335880133833765,727.0303742690058,3394,23990272,4.575584762493778,985.8830288744844,0,0,0,0,7856,116453376,22.210764962004543,284.2233622708758,7856,116453376,22.210764962004543,284.2233622708758,
235,5517.616028335814,10930,74510336,14.21124491014546,203.09268161024704,16659,152903680,29.163090126751143,244.85942547571884,27589,227414016,43.3743350368966,228.3125948385226,9173,56946688,10.861356604131291,146.2386730622479,7314,29958144,5.713871984651965,234.65404840032815,16487,86904832,16.575228588783258,185.46170061260386,1757,17563648,3.349888306014168,499.9178497438816,1688,6914048,1.3187060309122938,268.2788400473933,3445,24477696,4.6685943369264615,386.41809695210446,0,0,0,0,7657,116031488,22.130512111186885,249.44479260807105,7657,116031488,22.130512111186885,249.44479260807105,
240,5304.465101717829,10938,75165696,13.831549285678705,309.4885378496983,16553,149544960,27.518383980171627,312.35863239291973,27491,224710656,41.34993326585033,311.21669160816265,9183,57294848,10.543060945347596,147.5438655123598,7246,29679616,5.461468373605139,252.32009563897324,16429,86974464,16.004529318952734,193.75535516464788,1755,17870848,3.2884883403311096,1156.8605754985756,1710,7004160,1.2888643277483836,894.412629239766,3465,24875008,4.577352668079493,1027.3408098124098,0,0,0,0,7597,112861184,20.768051278818106,238.60937646439385,7597,112861184,20.768051278818106,238.60937646439385,
245,5728.736716936983,11319,78368768,14.94749113104447,1041.4860891421504,17325,155987968,29.75201509139009,1863.362627070707,28644,234356736,44.69950622243456,1538.5888338570032,9579,60747776,11.586590757566537,1067.4157235619584,7612,31178752,5.946809307976298,1520.455535207567,17191,91926528,17.533400065542835,1268.0171455994416,1740,17620992,3.360900373477934,898.7389810344827,1772,7258112,1.3843597075320546,894.0591540632055,3512,24879104,4.745260081009989,896.3777471526197,0,0,0,0,7941,117551104,22.420846075881737,2408.3587909583175,7941,117551104,22.420846075881737,2408.3587909583175,
250,5437.150026900924,10776,73109504,13.9433773100372,181.66774396807722,16412,146612224,27.961748413663035,240.3384621618328,27188,219721728,41.90512572370023,217.08424488745032,9060,57065472,10.883474294550858,153.2236273730684,7150,29286400,5.585475251653649,232.75199622377622,16210,86351872,16.468949546204506,188.30245755706355,1716,16044032,3.0599030154863414,331.84472319347316,1642,6725632,1.282706344505635,233.10527283800246,3358,22769664,4.342609359991976,283.5629550327576,0,0,0,0,7620,110600192,21.09356681750375,249.01564435695536,7620,110600192,21.09356681750375,249.01564435695536,
255,5511.0388682455705,10813,74756096,14.258176869424693,722.1963805604365,16743,151666688,28.927279224210043,2162.9227917935855,27556,226422784,43.185456093634734,1597.5804095659748,9220,59015168,11.255920899384744,298.0650110629067,7279,29814784,5.686552486578398,729.5451577139717,16499,88829952,16.942473385963144,488.4246684647555,1593,15740928,3.0022559700399483,3176.9931330822346,1669,6836224,1.303868127503688,6071.914889754344,3262,22577152,4.306124097543636,4658.177808706315,0,0,0,0,7795,115015680,21.93685861012796,2664.455567543297,7795,115015680,21.93685861012796,2664.455567543297,
260,5515.926694657763,10835,74620928,14.232107321853574,2616.5488466082143,16746,149078016,28.432966192017933,46383.52872417294,27581,223698944,42.665073513871505,29189.981464341396,9165,57737216,11.011954375279831,390.5870076377523,7165,29347840,5.597378908830874,751.8231866015352,16330,87085056,16.609333284110704,549.0840818738518,1670,16883712,3.220152946573742,14832.68073532934,1743,7139328,1.3616512823576012,38321.69847733793,3413,24023040,4.581804228931343,26828.390645766187,0,0,0,0,7838,112590848,21.473936000829458,89889.90028540444,7838,112590848,21.473936000829458,89889.90028540444,
265,5459.693406990383,10713,74739712,14.253101993907707,420.9858663306264,16590,148959232,28.40700171055196,443.5173992766727,27303,223698944,42.660103704459665,434.6766011061055,9081,58089472,11.077848001183709,219.39503942297105,7183,29421568,5.6107870675858535,374.5674819713212,16264,87511040,16.68863506876956,287.9269906542056,1632,16650240,3.1752539927240004,1542.705412377451,1708,6995968,1.3341534611494692,918.1806557377049,3340,23646208,4.50940745387347,1223.3376625748504,0,0,0,0,7699,112541696,21.462061181816637,402.54356033251076,7699,112541696,21.462061181816637,402.54356033251076,
270,5467.736131536948,10763,73179136,13.9561180095582,200.7932027315804,16579,147824640,28.191889564813355,343.2000661680439,27342,221003776,42.148007574371555,287.1425330261137,9153,57368576,10.940859109026762,148.62772784879274,7273,29790208,5.6813414465194665,238.5829254777946,16426,87158784,16.62220055554623,188.45751917691464,1610,15810560,3.0152589005314367,497.35878757763976,1708,6995968,1.3342130057273818,356.0059139344262,3318,22806528,4.3494719062588185,424.5948610608801,0,0,0,0,7598,111038464,21.17633511256651,440.46356659647273,7598,111038464,21.17633511256651,440.46356659647273,
275,5489.0459203104365,10818,73809920,14.077216926598602,308.4250126640784,16629,152363008,29.05906299864677,839.4342050634434,27447,226172928,43.13627992524537,630.1414793237876,9125,56274944,10.732901407022098,288.52800361643835,7192,29458432,5.618387576919931,597.7035084816463,16317,85733376,16.351288983942027,424.802455475884,1693,17534976,3.344315519576505,415.66671825162433,1767,7237632,1.380379706398431,524.261986417657,3460,24772608,4.724695225974936,471.1256312138728,0,0,0,0,7670,115666944,22.060295715328408,1138.7088439374184,7670,115666944,22.060295715328408,1138.7088439374184,
280,5487.982828790076,10797,74092544,14.130957079645208,170.61362174678152,16645,149442560,28.501739678857614,237.3109882847702,27442,223535104,42.632696758502824,211.0690428540194,9163,57221120,10.91323292623382,159.09862479537267,7223,29585408,5.6425398300778005,229.95436812958604,16386,86806528,16.55577275631162,190.33205785426586,1634,16871424,3.217724153411389,235.18639840881272,1690,6922240,1.3202121435458236,231.65642662721893,3324,23793664,4.537936296957212,233.39167749699158,0,0,0,0,7732,112934912,21.538987705233993,245.4192496120021,7732,112934912,21.538987705233993,245.4192496120021,
285,5503.864226855885,10938,76025856,14.499896657704582,216.70730581459134,16583,150839296,28.768557422371043,434.0351722245673,27521,226865152,43.26845408007563,347.65996046655283,9174,57397248,10.946988409267513,202.8063064094179,7118,29155328,5.5605982656937245,412.4254327058162,16292,86552576,16.50758667496124,294.3892269211883,1764,18628608,3.552908248437069,289.0019591836735,1686,6905856,1.3171071475076734,382.1680005931198,3450,25534464,4.870015395944742,334.53179855072466,0,0,0,0,7779,114778112,21.890852009169645,465.05023550584906,7779,114778112,21.890852009169645,465.05023550584906,
290,5481.020458212851,10707,74432512,14.196409968198672,4863.770722424581,16699,151343104,28.865460704103718,34040.9257526798,27406,225775616,43.06187067230239,22641.969359592793,8990,57458688,10.95901601551238,3967.4464689655174,7345,30085120,5.738093287278189,4864.596973723621,16335,87543808,16.69710930279057,4370.848394735231,1717,16973824,3.237393952686292,9556.813843331392,1680,6881280,1.312457007845794,11627.686358333332,3397,23855104,4.549850960532086,10580.972166911983,0,0,0,0,7674,114376704,21.814910408979735,66873.13543002345,7674,114376704,21.814910408979735,66873.13543002345,
295,5485.853413703614,10716,74653696,14.237643923805065,168.71035227696902,16716,148164608,28.257340812893702,247.72701537449151,27432,222818304,42.49498473669877,216.86005118110236,9048,57475072,10.961407853551666,147.3796077586207,7282,29827072,5.68849572331551,242.81139192529525,16330,87302144,16.649903576867178,189.93528763012858,1668,17178624,3.2762360702533986,284.4181318944844,1663,6811648,1.2990893144567006,247.66223451593507,3331,23990272,4.5753253847101,266.06776943860706,0,0,0,0,7771,111525888,21.269755775121492,252.34718015699394,7771,111525888,21.269755775121492,252.34718015699394,
300,5474.223668257982,10706,75608064,14.419575642656767,361.169158976275,16668,150261760,28.657139197728128,326.83359701223907,27374,225869824,43.076714840384895,340.2622711697231,9012,58273792,11.113673691320106,141.99918064802486,7149,29282304,5.584568301064696,245.20619079591552,16161,87556096,16.6982419923848,187.65396163603737,1694,17334272,3.3059019513366614,1527.143093270366,1714,7020544,1.338921537001663,974.8788413068844,3408,24354816,4.644823488338325,1249.3904735915494,0,0,0,0,7805,113958912,21.73364935966177,259.2877646380525,7805,113958912,21.73364935966177,259.2877646380525,
305,5439.212601720391,10799,75628544,14.424503029712216,239.80558162792852,16398,148348928,28.294337669525405,294.6694645688499,27197,223977472,42.718840699237624,272.8848900981726,9103,58109952,11.08321189788384,151.39176447325056,7150,29286400,5.585745053208533,239.32941118881118,16253,87396352,16.668956951092373,190.07718710391927,1696,17518592,3.341291131828377,714.3521485849056,1722,7053312,1.345266151276237,710.5882613240418,3418,24571904,4.686557283104614,712.4558894090111,0,0,0,0,7526,112009216,21.363326465040636,252.0796710071751,7526,112009216,21.363326465040636,252.0796710071751,
310,5519.620312072512,10857,74686464,14.244848767495283,452.9104070185134,16742,148897792,28.399075485137026,895.4756292557639,27599,223584256,42.64392425263231,721.3776323055182,9186,58601472,11.176979890125864,138.23918419333768,7340,30064640,5.734188326939529,303.53540068119895,16526,88666112,16.91116821706539,211.65526969623625,1671,16084992,3.0678688773694183,2182.7547235188513,1728,7077888,1.3499560529906685,1293.2497766203703,3399,23162880,4.417824930360087,1730.5439120329509,0,0,0,0,7674,111755264,21.314931105206828,1372.0833372426375,7674,111755264,21.314931105206828,1372.0833372426375,
315,5515.112197150342,10858,73711616,14.058131580754692,376.40944842512437,16720,148996096,28.41623662933611,335.18034168660284,27578,222707712,42.47436821009081,351.4130504024947,9162,58171392,11.094331224154153,141.38315804409518,7298,29892608,5.701058250519434,227.23939476568924,16460,88064000,16.795389474673588,179.44991476306197,1696,15540224,2.9638003566005393,1646.0502930424527,1702,6971392,1.329569901669509,1233.733607520564,3398,22511616,4.293370258270048,1439.5279273101826,0,0,0,0,7720,112132096,21.38560847714717,239.1201567357513,7720,112132096,21.38560847714717,239.1201567357513,
320,5513.079125386849,10909,76894208,14.665020701777099,265.82478302319186,16659,147959808,28.21842767859661,262.82054078876286,27568,224854016,42.88344838037371,264.0093567542078,9228,59707392,11.387205389112276,148.20940225400952,7186,29433856,5.613532134606628,229.0980812691344,16414,89141248,17.000737523718904,183.6222234677714,1681,17186816,3.2778153126648224,911.4849458655563,1683,6893568,1.314719535561224,514.0708211527035,3364,24080384,4.592534848226046,712.6597461355528,0,0,0,0,7790,111632384,21.29017600842876,239.64664762516045,7790,111632384,21.29017600842876,239.64664762516045,
325,5442.910823590853,10743,74027008,14.11878113327717,256.6574021223122,16473,150175744,28.6422282670544,306.2174513446245,27216,224202752,42.761009400331574,286.6545615446796,9110,57851904,11.033788785835597,136.97536234906698,7172,29376512,5.602827327386923,225.94215992749582,16282,87228416,16.636616113222523,176.16402911190272,1633,16175104,3.084992347441573,924.3263441518677,1636,6701056,1.2780570981044348,957.3113753056235,3269,22876160,4.363049445546007,940.8339951055369,0,0,0,0,7665,114098176,21.761343841563043,242.36157795172863,7665,114098176,21.761343841563043,242.36157795172863,
330,5531.201632993735,10984,76578816,14.604142055660656,361.93824025855787,16676,152035328,28.99425250438662,377.78478490045575,27660,228614144,43.598394560047275,371.49199942154735,9251,58843136,11.221817756291237,137.99634353042916,7166,29351936,5.597629544868649,222.23762517443484,16417,88195072,16.819447301159887,174.76755777547663,1733,17735680,3.3823242993694183,1557.371873629544,1705,6983680,1.3318390139549325,1674.781357771261,3438,24719360,4.714163313324351,1615.5985084351366,0,0,0,0,7805,115699712,22.064783945563036,237.26867853939783,7805,115699712,22.064783945563036,237.26867853939783,
335,5449.737070994556,10852,74981376,14.300347754099958,507.5322264098784,16399,147300352,28.092926140770384,597.7194741142753,27251,222281728,42.39327389487034,561.8047549447726,9128,57933824,11.049061435266568,228.51973488168272,7090,29040640,5.538592023192871,442.6932973201693,16218,86974464,16.58765345845944,322.1496866444691,1724,17047552,3.2512863188333894,1984.8095017401392,1664,6815744,1.2998895806195963,1623.2506478365385,3388,23863296,4.551175899452986,1807.231599468713,0,0,0,0,7645,111443968,21.25444453695792,518.2756180510137,7645,111443968,21.25444453695792,518.2756180510137,
340,5454.832869375715,10669,72589312,13.844888306467178,483.4779089886587,16606,148180992,28.262415317857077,432.6348600505841,27275,220770304,42.10730362432425,452.52283398716776,9005,56098816,10.699672172744298,152.8995319267074,7303,29913088,5.705293945498804,267.737433246611,16308,86011904,16.404966118243102,204.3258989453029,1664,16490496,3.1452161337228786,2272.4552439903846,1674,6856704,1.3077724311604817,1775.1820704898448,3338,23347200,4.45298856488336,2023.073790293589,0,0,0,0,7629,111411200,21.24934894119779,295.8963461790536,7629,111411200,21.24934894119779,295.8963461790536,
345,5478.946485683594,10766,74125312,14.137111064768725,360.40293590934425,16631,150114304,28.629661458402442,8392.814369851483,27397,224239616,42.76677252317117,5236.37601901668,9093,57483264,10.963155035805066,177.78116694160343,7335,30044160,5.729994455438946,308.9582999318337,16428,87527424,16.69314949124401,236.3509423545167,1673,16642048,3.1739560289636586,1352.9789940227138,1705,6983680,1.331921001571016,2502.660591202346,3378,23625728,4.505877030534674,1933.26529455299,0,0,0,0,7591,113086464,21.567746001392482,17527.02547055724,7591,113086464,21.567746001392482,17527.02547055724,
350,5429.080987201192,10792,74801152,14.266349209320461,364.1373099518162,16355,147103744,28.056163919808075,270.47959296851116,27147,221904896,42.32251312912854,307.71221836667036,9199,57094144,10.889203900378815,164.187994890749,7042,28844032,5.501239247181836,246.00743879579665,16241,85938176,16.39044314756065,199.66441407548797,1593,17707008,3.377145308941647,1518.7724318895166,1634,6692864,1.2764874935948765,417.80007037943693,3227,24399872,4.6536328025365234,961.2921595909514,0,0,0,0,7679,111566848,21.27843717903136,261.5736481312671,7679,111566848,21.27843717903136,261.5736481312671,
355,5493.801641146719,10852,75517952,14.402861889842649,505.421765849613,16619,150859776,28.77213246541165,3106.937211143871,27471,226377728,43.1749943552543,2079.2481713443267,9108,57606144,10.986703347548247,151.5516654589372,7313,29954048,5.712867006585632,261.0012294543963,16421,87560192,16.69957035413388,200.29441325132453,1744,17911808,3.416158542294403,2353.500248853211,1703,6975488,1.3303722839074703,3157.0472765707573,3447,24887296,4.746530826201873,2750.4949074557585,0,0,0,0,7603,113930240,21.72889317491855,5833.096936603972,7603,113930240,21.72889317491855,5833.096936603972,
360,5517.92190997875,10916,74960896,14.296935718752422,279.5676890802492,16675,149700608,28.551686063546445,310.34557529235383,27591,224661504,42.84862178229887,298.16872755608716,9249,59052032,11.262713636263246,164.1274438317656,7334,30040064,5.729398752053454,256.91886855740387,16583,89092096,16.9921123883167,205.16539287221855,1667,15908864,3.0342220824891757,920.0636868626275,1671,6844416,1.3054029608237416,699.826670257331,3338,22753280,4.3396250433129175,809.8132210904733,0,0,0,0,7670,112816128,21.51688435066925,276.5787640156454,7670,112816128,21.51688435066925,276.5787640156454,
365,5484.98000184011,10700,74539008,14.216617282854077,195.40506056074767,16726,150507520,28.705879880122712,286.04914121726654,27426,225046528,42.92249716297679,250.68519229927804,9054,57950208,11.052681685779728,175.46785741108903,7246,29679616,5.660710453432281,274.3589028429478,16300,87629824,16.713392139212008,219.4288706134969,1646,16588800,3.1639355970743495,305.0717904009721,1762,7217152,1.3765072893938282,276.98399318955734,3408,23805952,4.540442886468178,290.54987177230043,0,0,0,0,7718,113610752,21.6686621372966,299.0940049235553,7718,113610752,21.6686621372966,299.0940049235553,
370,5464.553484777294,10815,73912320,14.096504407709041,250.88838289412854,16510,150421504,28.688280846146125,259.7051720169594,27325,224333824,42.78478525385516,256.2155627081427,9107,56840192,10.840520458064747,153.40623586252335,7143,29257728,5.580012800458059,246.2449774604508,16250,86097920,16.420533258522806,194.2152900923077,1708,17072128,3.255983949644294,770.6599947306792,1666,6823936,1.3014561564557086,292.6295408163265,3374,23896064,4.557440106100002,534.6200610551274,0,0,0,0,7701,114339840,21.806811889232357,265.0673550188287,7701,114339840,21.806811889232357,265.0673550188287,
375,5508.212599590936,10989,76066816,14.508100155416512,208.76996933296934,16553,149606400,28.534185459942282,250.7706072011116,27542,225673216,43.04228561535879,234.0127461331784,9296,58843136,11.223055669200022,131.5561455464716,7154,29302784,5.5888723553847255,208.55875943528096,16450,88145920,16.81192802458475,165.0440908206687,1693,17223680,3.28504448621649,632.7390809214412,1742,7135232,1.3608911997596018,536.3739334098738,3435,24358912,4.645935685976092,583.8691866084424,0,0,0,0,7657,113168384,21.584421904797956,225.2335254015933,7657,113168384,21.584421904797956,225.2335254015933,
380,5445.035151750187,10721,72384512,13.803803996300223,1003.9348581289058,16509,150425600,28.68632309665718,1125.4409991519776,27230,222810112,42.4901270929574,1077.6015816746235,9045,56090624,10.696542096272932,1094.1727983416251,7186,29433856,5.613067876720994,1558.7324549123296,16231,85524480,16.309609972993925,1299.848708151069,1676,16293888,3.107261900027291,516.9407237470167,1663,6811648,1.2989885720828016,404.7604137101623,3339,23105536,4.406250472110093,461.06894908655283,0,0,0,0,7660,114180096,21.774266647853384,875.422645691906,7660,114180096,21.774266647853384,875.422645691906,
385,5470.558819871182,10835,74424320,14.193648924861572,1038.5880540839871,16521,148783104,28.374799314621452,6570.588239513347,27356,223207424,42.568448239483025,4379.506867634157,9208,57548800,10.975276136175294,318.23475847089486,7214,29548544,5.635277013976411,391.3203473800943,16422,87097344,16.610553150151706,350.34043612227504,1627,16875520,3.2183727886862785,5115.424652735095,1673,6852608,1.3068780765709087,6861.338548117155,3300,23728128,4.5252508652571874,6000.550091212121,0,0,0,0,7634,112381952,21.43264422407413,12346.172901231334,7634,112381952,21.43264422407413,12346.172901231334,
390,5495.918142937223,10962,75509760,14.401605166559355,255.37619978106184,16519,149368832,28.48838272898942,234.65724614080756,27481,224878592,42.88998789554878,242.92190790000362,9199,57692160,11.003341945808979,178.64243243830853,7139,29241344,5.577057731709641,215.79374198066955,16338,86933504,16.58039967751862,194.8759493206023,1763,17817600,3.3982632207503767,655.7584605785593,1645,6737920,1.2850903443987056,353.7772462006079,3408,24555520,4.6833535651490825,509.9958145539906,0,0,0,0,7735,113389568,21.626234652881074,226.73406011635424,7735,113389568,21.626234652881074,226.73406011635424,
395,5520.319343652377,10990,75071488,14.318022063167495,220.67845040946315,16613,151175168,28.832909117600718,288.50307301510867,27603,226246656,43.15093118076821,261.49902988805565,9305,57712640,11.007252884658993,143.13741977431488,7166,29351936,5.598152886548356,254.54422341613176,16471,87064576,16.605405771207348,191.60692101268899,1685,17358848,3.310769178508503,648.8798094955489,1697,6950912,1.3257138499124421,506.4377277548615,3382,24309760,4.636483028420946,577.4060623891188,0,0,0,0,7750,114872320,21.90904238113992,272.1822997419355,7750,114872320,21.90904238113992,272.1822997419355,
400,5515.727605509226,10847,76148736,14.522974929812136,435.47624734949756,16734,154185728,29.406075266683782,367.3210002987929,27581,230334464,43.92905019649592,394.1249582683732,9192,59121664,11.275596801511934,167.42695920365537,7309,29937664,5.709667245548754,268.4383336981803,16501,89059328,16.98526404706069,212.16922550148476,1655,17027072,3.2473781283002014,1924.2430489425983,1681,6885376,1.3131687836595234,1127.0863628792385,3336,23912448,4.560546911959725,1522.558279976019,0,0,0,0,7744,117362688,22.383239237475504,295.7259377582645,7744,117362688,22.383239237475504,295.7259377582645,
405,5528.2925211481215,10952,77930496,14.863773524460647,291.35013705259314,16690,152186880,29.026779422965173,361.60147789095265,27642,230117376,43.89055294742582,333.76728771434773,9260,59748352,11.395872196011116,182.33926933045356,7211,29536256,5.6334842260530715,258.35742504507004,16471,89284608,17.029356422064186,215.62000036427662,1692,18182144,3.4679013284495332,887.9462570921986,1691,6926336,1.3210680663230818,1217.154563571851,3383,25108480,4.788969394772615,1052.5017540644399,0,0,0,0,7788,115724288,22.07222713058902,271.43103582434514,7788,115724288,22.07222713058902,271.43103582434514,
410,5483.957695779213,10835,75841536,14.464458380680874,418.5150170742962,16587,151396352,28.87423367178259,405.15574540302646,27422,227237888,43.338692052463465,410.4342702574575,9148,58068992,11.074888013767161,162.0672684739834,7117,29151232,5.559707836212237,247.070490796684,16265,87220224,16.634595849979398,199.2617310175223,1687,17772544,3.389570366913713,1809.1397972732661,1681,6885376,1.313175336893743,1417.2421903628792,3368,24657920,4.702745703807456,1613.5400712589073,0,0,0,0,7789,115359744,22.00135049867661,331.1764724611632,7789,115359744,22.00135049867661,331.1764724611632,
415,5506.656055818799,10993,75329536,14.366549630847395,196.89508942054036,16543,150441984,28.691697101375343,277.6507714441153,27536,225771520,43.058246732222734,245.4112590790238,9352,59211776,11.29263452033766,170.24666595380666,7110,29122560,5.554138865495349,263.2145925457103,16462,88334336,16.84677338583301,210.3998647187462,1641,16117760,3.073915110509733,348.7634966483851,1703,6975488,1.3303373400757497,316.7731233118027,3344,23093248,4.404252450585482,332.4717485047847,0,0,0,0,7730,114343936,21.807220895804246,282.3100038809832,7730,114343936,21.807220895804246,282.3100038809832,
420,5521.167392113537,10841,74141696,14.140810494825692,158.10342597546352,16766,147947520,28.217561188503616,244.02129929619468,27607,222089216,42.35837168332931,210.28218730756691,9195,57643008,10.994068067713494,141.9362463295269,7266,29761536,5.676323355361775,235.77920465180293,16461,87404544,16.67039142307527,183.3591814592066,1646,16498688,3.1467424271121973,248.417652490887,1788,7323648,1.396816151856159,244.646557606264,3434,23822336,4.543558578968357,246.4541354105999,0,0,0,0,7712,110862336,21.144421681285685,251.64177359958506,7712,110862336,21.144421681285685,251.64177359958506,
425,5497.613586918495,10839,75984896,14.492477339078388,1276.1992139496263,16650,150401024,28.685746073722132,10266.965158378378,27489,226385920,43.17822341280052,6721.877593473753,9077,58118144,11.084780387266628,418.009142778451,7285,29839360,5.691213272340361,532.6860391214825,16362,87957504,16.77599365960699,469.0677657988021,1762,17866752,3.407696951811758,5697.193127695799,1678,6873088,1.3108930502384526,6791.3374088200235,3440,24739840,4.7185900020502105,6230.906529941861,0,0,0,0,7687,113688576,21.683639751143318,20250.87653440874,7687,113688576,21.683639751143318,20250.87653440874,
430,5503.718688426678,10940,75276288,14.357078666638113,1410.124054844607,16580,146395136,27.921229112216388,13155.043563570567,27520,221671424,42.278307778854504,8486.096636773256,9191,58728448,11.200989983798959,269.8498053530628,7414,30367744,5.791891459051854,422.8264866468843,16605,89096192,16.992881442850813,338.15267286961756,1749,16547840,3.156088682839154,7402.268495711835,1639,6713344,1.2804033047458845,8964.402854789507,3388,23261184,4.436491987585039,8157.976351239669,0,0,0,0,7527,109314048,20.84893434841865,26608.626336256144,7527,109314048,20.84893434841865,26608.626336256144,
435,5461.968575299071,10946,75358208,14.372828520381024,237.63619632742555,16365,149200896,28.456606787879075,386.4467246562786,27311,224559104,42.829435308260095,326.804820548497,9256,58175488,11.095623626207832,166.79801869057908,7110,29122560,5.5544521567512275,320.68828396624474,16366,87298048,16.65007578295906,233.6536820237077,1690,17182720,3.2772048941731926,625.6114461538461,1588,6504448,1.2405724366977424,741.0943198992444,3278,23687168,4.517777330870935,681.5561696156192,0,0,0,0,7667,113573888,21.661582194430103,373.9727624885875,7667,113573888,21.661582194430103,373.9727624885875,
440,5512.642284245844,10791,74305536,14.170194450781912,401.85200083402833,16777,153964544,29.36130528694346,399.8082834237349,27568,228270080,43.53149973772537,400.6082600116077,9195,58466304,11.14962546664798,146.49910299075583,7331,30027776,5.726348906823339,240.86301991542763,16526,88494080,16.87597437347132,188.35931568437613,1596,15839232,3.0205689841339316,1873.0110833333333,1650,6758400,1.2888385890408551,1792.1427078787879,3246,22597632,4.309407573174787,1831.9042381392483,0,0,0,0,7796,117178368,22.346117791079262,254.58970035915854,7796,117178368,22.346117791079262,254.58970035915854,
445,5482.675246110915,10851,75169792,14.337173769080625,302.7863788590913,16563,147124224,28.061080242567947,321.3098927730484,27414,222294016,42.39825401164857,313.97792190121834,9118,57901056,11.043498714021561,277.04643913138847,7260,29736960,5.671745943958443,351.8343150137741,16378,87638016,16.715244657980005,310.19822682867266,1733,17268736,3.2936750550590626,438.21440565493367,1689,6918144,1.319501225805208,374.8436062759029,3422,24186880,4.613176280864271,406.9364161309176,0,0,0,0,7614,110469120,21.069833072804297,280.3293638035198,7614,110469120,21.069833072804297,280.3293638035198,
450,5486.11103003796,10934,74821632,14.269301748301523,235.32541375525884,16500,146731008,27.98320449605329,557.6335024848485,27434,221552640,42.25250624435481,429.1755072173215,9294,57724928,11.00877371975767,230.7262678071874,7164,29343744,5.5961722080709535,438.7170383863763,16458,87068672,16.604945927828624,321.2625346943735,1640,17096704,3.2605280285438525,261.38911036585364,1656,6782976,1.2935875455842405,367.8746111111111,3296,23879680,4.554115574128093,314.8903206917476,0,0,0,0,7680,110604288,21.093444742398095,709.4770276041667,7680,110604288,21.093444742398095,709.4770276041667,
455,5395.837912296895,10770,76574720,14.604488715784727,29000.06427437326,16211,143450112,27.359101567489315,29734.324245327247,26981,220024832,41.963590283274044,29441.22984974612,9098,59412480,11.3312708650686,29114.540535392392,7177,29396992,5.606655015415191,29437.401890622823,16275,88809472,16.937925880483792,29256.916937634407,1672,17162240,3.273217850716128,28377.154571770337,1683,6893568,1.314755523330607,28212.864616755796,3355,24055808,4.587973374046735,28294.740266467958,0,0,0,0,7351,107159552,20.43769102874352,30372.55418609713,7351,107159552,20.43769102874352,30372.55418609713,
460,5583.551220382657,10979,75452416,14.389734237708197,883.2906275617087,16942,155160576,29.59109291887651,5250.473548164326,27921,230612992,43.98082715658471,3533.2248362522832,9314,58302464,11.119020527633596,885.0779733734164,7196,29474816,5.621221843252168,1835.7208167037243,16510,87777280,16.740242370885763,1299.422364688068,1665,17149952,3.2707137100746007,873.2922258258258,1683,6893568,1.314690989743385,726.1642323232323,3348,24043520,4.585404699817985,799.3327237156511,0,0,0,0,8063,118792192,22.655180085880957,9242.408713010047,8063,118792192,22.655180085880957,9242.408713010047,
465,5490.788566427455,10696,74625024,14.23252728395857,1749.054563014211,16760,153051136,29.190000246577522,12726.014147792364,27456,227676160,43.422527530536094,8449.733563629079,9016,57675776,10.999957005621637,969.961673025732,7257,29724672,5.6691064547827725,1116.1924570759268,16273,87400448,16.66906346040441,1035.1737912493086,1680,16949248,3.2325702783369317,5930.186405952381,1678,6873088,1.310839276715653,7553.957809296782,3358,23822336,4.543409555052585,6741.588554496724,0,0,0,0,7825,116453376,22.210054515079097,24602.204121661343,7825,116453376,22.210054515079097,24602.204121661343,
470,5534.428802406969,11028,77586432,14.797979751132761,1746.6796712912587,16645,150085632,28.62567701620772,34572.39727017123,27673,227672064,43.42365676734048,21490.98167806165,9295,60014592,11.446520922479,928.6982047337278,7287,29847552,5.6927926537062845,1895.4373191985728,16582,89862144,17.139313576185284,1353.5340464358944,1733,17571840,3.351458828653761,6133.9489913444895,1653,6770688,1.2913663039078478,7592.299788868723,3386,24342528,4.642825132561609,6845.896383047844,0,0,0,0,7705,113467392,21.64151805859359,71264.81885347178,7705,113467392,21.64151805859359,71264.81885347178,
475,5520.992825848409,10886,77279232,14.739290661065803,253.81568059893442,16720,152186880,29.02625454560343,311.37281543062204,27606,229466112,43.76554520666923,288.6760477070202,9138,59949056,11.433945943465261,167.44369851170933,7241,29659136,5.656818978999177,275.2513126639967,16379,89608192,17.090764922464437,215.10441858477319,1748,17330176,3.305344717600541,705.3415228832952,1741,7131136,1.3601052123239288,564.5559856404366,3489,24461312,4.66544992992447,635.0899836629407,0,0,0,0,7738,115396608,22.009330354280323,288.209711553373,7738,115396608,22.009330354280323,288.209711553373,
480,5503.229021278184,10876,74379264,14.186277999366093,951.7058387274733,16641,151969792,28.985036969683392,6250.996244997295,27517,226349056,43.17131496904948,4156.46986281208,9128,56938496,10.85981884846016,1065.2935239921121,7141,29249536,5.578732925462485,2276.6106182607477,16269,86188032,16.438551773922644,1596.9804973876699,1748,17440768,3.326459150905932,358.5545852402746,1725,7065600,1.3476143812383121,716.1722950724638,3473,24506368,4.674073532144244,536.1792755542758,0,0,0,0,7775,115654656,22.058689662982598,11129.280370289389,7775,115654656,22.058689662982598,11129.280370289389,
485,5461.972319868635,10886,75329536,14.36736985193467,203.01431719639902,16425,149155840,28.44803290512756,309.12382404870624,27311,224485376,42.81540275706223,266.8292141261763,9264,58040320,11.0698510576866,166.76924125647668,7190,29450240,5.616953359545988,301.6051425591099,16454,87490560,16.68680441723259,225.6892686276893,1622,17289216,3.2975187942480693,410.02688409371143,1665,6819840,1.3007270297140572,302.14644204204205,3287,24109056,4.598245823962126,355.3810258594463,0,0,0,0,7570,112885760,21.530352515867516,317.79973698811096,7570,112885760,21.530352515867516,317.79973698811096,
490,5480.209471504726,10785,73158656,13.952911943170271,1343.4030619378768,16618,150368256,28.678425079543352,1394.6379715970634,27403,223526912,42.63133702271362,1374.4734457906068,9157,56705024,10.814854316177662,1323.4040435732227,7346,30089216,5.738653554365871,1404.127822488429,16503,86794240,16.553507870543534,1359.3367152032963,1628,16453632,3.1380576269926084,1455.891398034398,1678,6873088,1.310844087152999,1325.1213379022647,3306,23326720,4.448901714145608,1389.5174836660617,0,0,0,0,7594,113405952,21.628927438024483,1400.8187020015803,7594,113405952,21.628927438024483,1400.8187020015803,
495,5457.231879057502,10856,74612736,14.230811591387303,208.6789392962417,16431,149012480,28.420999434270424,254.50676373927334,27287,223625216,42.65181102565773,236.2743870707663,9174,57982976,11.059034304330185,149.24320198386744,7066,28942336,5.520142440971821,244.78769034814604,16240,86925312,16.579176745302007,190.8144676724138,1682,16629760,3.1717772870571173,532.8545957193817,1702,6971392,1.3296465375791167,263.35322796709755,3384,23601152,4.501423824636234,397.3075130023641,0,0,0,0,7663,113098752,21.571210455719488,261.5038002087955,7663,113098752,21.571210455719488,261.5038002087955,
500,5425.250380589724,10587,73375744,13.994410658193955,845.0501042788326,16541,150007808,28.60987504382255,12776.988017471736,27128,223383552,42.604285702016504,8120.418174985255,8873,56360960,10.749307282390802,434.26229257297416,7100,29081600,5.546517565768509,945.7314743661972,15973,85442560,16.29582484815931,661.6103919113505,1714,17014784,3.2451033758031533,2971.608011668611,1736,7110656,1.356162604813258,4447.428406105991,3450,24125440,4.601265980616412,3714.223723188406,0,0,0,0,7705,113815552,21.707194873240784,25555.967503698896,7705,113815552,21.707194873240784,25555.967503698896,
505,5522.362934899457,10893,76222464,14.537657174545279,538.9486106674011,16720,154931200,29.54951274260708,1458.4530408492824,27613,231153664,44.08716991715236,1095.7194820917684,9214,58880000,11.229986666886365,444.6935156283916,7191,29454336,5.617727591066425,1249.1521706299543,16405,88334336,16.84771425795279,797.3215063700092,1679,17342464,3.307670507658913,1056.200811792734,1656,6782976,1.2936944640253094,999.9963955314009,3335,24125440,4.601364971684222,1028.292411994003,0,0,0,0,7873,118693888,22.638090687515348,1746.0545602692748,7873,118693888,22.638090687515348,1746.0545602692748,
510,5492.68110432628,11024,77324288,14.748118259282537,394.673780478955,16440,150425600,28.69078520352533,399.73911003649636,27464,227749888,43.438903462807865,397.7058959000874,9313,58998784,11.252881417878253,219.86015064962956,7124,29179904,5.565504527975887,344.4803523301516,16437,88178688,16.81838594585414,273.87209423860804,1711,18325504,3.495236841404284,1346.1871262419638,1609,6590464,1.2570040406391356,806.4937874456184,3320,24915968,4.752240882043419,1084.630926807229,0,0,0,0,7707,114655232,21.86827663491031,365.89910925132995,7707,114655232,21.86827663491031,365.89910925132995,
515,5527.554517987323,10816,76574720,14.604820141174638,176.39426553254438,16823,150581248,28.719818285638045,245.86096825774237,27639,227155968,43.32463842681268,218.67648775281307,9141,58650624,11.186221963170883,155.81781807242095,7361,30150656,5.750525865695989,235.68122333922022,16502,88801280,16.93674782886687,191.44225912010666,1675,17924096,3.418598178003756,288.6863886567164,1699,6959104,1.327284804485462,244.4521812831077,3374,24883200,4.745882982489218,266.41196117368105,0,0,0,0,7763,113471488,21.642007615456592,255.82188947571814,7763,113471488,21.642007615456592,255.82188947571814,
520,5492.138244083418,10856,74153984,14.142560952873838,256.7285443072955,16607,150933504,28.78586105570305,277.8898186909135,27463,225087488,42.92842200857689,269.52486239667917,9188,57483264,10.963140765169655,143.50415520243794,7186,29433856,5.613590532885075,234.83248483161705,16374,86917120,16.576731298054728,183.58509918162943,1668,16670720,3.1794201877041823,880.4130089928058,1668,6832128,1.3030154479338025,594.2060233812949,3336,23502848,4.482435635637985,737.3095161870503,0,0,0,0,7753,114667520,21.869255074884173,249.74517425512707,7753,114667520,21.869255074884173,249.74517425512707,
525,5508.602024436422,10926,75673600,14.432551053030112,180.35466803953872,16619,152211456,29.029933947586034,257.8833525482881,27545,227885056,43.46248500061615,227.13082370666183,9279,59060224,11.264029966638224,164.6236464058627,7216,29556736,5.637092741470381,278.16554420731705,16495,88616960,16.901122708108606,214.294354774174,1647,16613376,3.168521086391888,268.98135276259865,1698,6955008,1.326466667823823,248.0638769140165,3345,23568384,4.494987754215711,258.3631542600897,0,0,0,0,7705,115699712,22.06637453829183,241.05235639195328,7705,115699712,22.06637453829183,241.05235639195328,
530,5518.975666884683,10895,76427264,14.576751240046296,421.7648728774667,16701,150822912,28.76601823039738,685.8749464103946,27596,227250176,43.34276947044367,581.6033399768083,9227,59265024,11.303446792016176,266.733518911889,7343,30076928,5.736485575628916,597.8324799128421,16570,89341952,17.039932367645093,413.4601133977067,1668,17162240,3.2733044480301183,1279.3633758992808,1644,6733824,1.2843227953607432,670.4698844282238,3312,23896064,4.557627243390861,977.1227660024155,0,0,0,0,7714,114012160,21.74520985940772,772.9661770806326,7714,114012160,21.74520985940772,772.9661770806326,
535,5492.625594856537,10821,74616832,14.231579360353203,217.52570862212363,16643,151928832,28.977204898403745,248.77964351378958,27464,226545664,43.20878425875694,236.4653837751238,9163,58466304,11.151208420139518,135.45388955582234,7223,29585408,5.642789576759685,215.27202505883983,16386,88051712,16.793997996899204,170.6379730867814,1658,16150528,3.0803709402136836,671.0987352231605,1584,6488064,1.237460707405142,489.4147588383838,3242,22638592,4.317831647618826,582.3302532387415,0,0,0,0,7836,115855360,22.096954614238918,231.02307197549771,7836,115855360,22.096954614238918,231.02307197549771,
540,5440.974982592015,10710,74522624,14.212952266604058,330.90327777777776,16497,151728128,28.93758331382951,532.7902445293084,27207,226250752,43.15053558043357,453.31770386297643,8989,57630720,10.99132892113439,174.37996362220494,7145,29265920,5.5815952481524675,274.78962015395376,16134,86896640,16.572924169286857,218.84674160158673,1721,16891904,3.2216233454696677,1148.4442835560722,1751,7172096,1.3678619005619272,1379.9072804111936,3472,24064000,4.589485246031595,1265.1757661290324,0,0,0,0,7601,115290112,21.988126165115116,580.1672385212472,7601,115290112,21.988126165115116,580.1672385212472,
545,5504.225238646983,10871,74997760,14.304233334869926,172.2147047189771,16651,149090304,28.435815901470804,267.1562122995616,27522,224088064,42.740049236340724,229.6549722403895,9129,57073664,10.885591878103634,156.21877872713333,7237,29642752,5.653726741914453,259.3296729307724,16366,86716416,16.539318620018086,201.81413136991324,1742,17924096,3.418641456766291,256.0418048220436,1667,6828032,1.3023024013778353,261.2950449910018,3409,24752128,4.7209438581441265,258.61063772367265,0,0,0,0,7747,112619520,21.479786758178513,275.7287218278043,7747,112619520,21.479786758178513,275.7287218278043,
550,5460.453055903837,10710,74383360,14.18607905706568,204.31430252100841,16595,151396352,28.87367038035582,237.70429400421813,27305,225779712,43.059749437421495,224.6075421717634,8955,56487936,10.773139662774934,138.89293601340032,7265,29757440,5.675212794580515,228.81488189951824,16220,86245376,16.448352457355448,179.169319297164,1755,17895424,3.4129393942907464,538.1310188034189,1647,6746112,1.286589879239382,264.26072009714636,3402,24641536,4.699529273530128,405.5430170487948,0,0,0,0,7683,114892800,21.911867706535922,240.41718547442403,7683,114892800,21.911867706535922,240.41718547442403,
555,5486.7433548616045,10812,74293248,14.170166207204078,161.7441137624861,16622,150736896,28.750484429998746,235.65271892672362,27434,225030144,42.920650637202826,206.52463556171173,9201,57798656,11.02410493714063,141.52666123247474,7305,29921280,5.706972331217653,227.8754295687885,16506,87719936,16.73107726835828,179.7417195565249,1611,16494592,3.146061270063448,277.21325139664805,1685,6901760,1.3163926595621827,232.9643827893175,3296,23396352,4.462453929625631,254.59209132281555,0,0,0,0,7632,113913856,21.72711943921891,243.69031656184487,7632,113913856,21.72711943921891,243.69031656184487,
560,5592.045429649079,11063,76435456,14.577981915563067,2735.6030918376573,16899,153137152,29.206741861484183,38175.92907065507,27962,229572608,43.78472377704725,24154.17360596524,9340,60026880,11.448492844572998,1041.1583268736617,7452,30523392,5.821505880433844,1049.5618066290929,16792,90550272,17.269998725006843,1044.8876462601238,1723,16408576,3.129489070990067,11920.811510156704,1648,6750208,1.2874183696933676,10514.874132888348,3371,23158784,4.416907440683435,11233.482884307326,0,0,0,0,7799,115863552,22.097817611356973,79495.47098486985,7799,115863552,22.097817611356973,79495.47098486985,
565,5473.157671055125,10902,75997184,14.492552483233393,793.936549899101,16469,150188032,28.640639317813886,3224.5389585281437,27371,226185216,43.133191801047275,2256.4184127361077,9247,59076608,11.26582324381132,450.6504185141127,7075,28979200,5.526291302084524,1250.6386310954063,16322,88055808,16.792114545895842,797.4165381080751,1655,16920576,3.226729239422073,2711.982989123867,1704,6979584,1.330996519964951,4375.694400821596,3359,23900160,4.557725759387024,3555.973535576064,0,0,0,0,7690,114229248,21.78335149576441,4785.498118855657,7690,114229248,21.78335149576441,4785.498118855657,
570,5508.312922153774,10986,75816960,14.460183875704914,632.7779198980521,16557,148848640,28.38914543722942,7447.519021078698,27543,224665600,42.84932931293434,4729.342143557346,9335,59424768,11.333784314896105,330.62944799143014,7091,29044736,5.539555043901866,857.7684696093639,16426,88469504,16.87333935879797,558.1920196639473,1651,16392192,3.1263995608088098,2341.170400363416,1699,6959104,1.3272745761654592,3593.1864791053563,3350,23351296,4.453674136974269,2976.148107164179,0,0,0,0,7767,112844800,21.522315817162095,14306.851086133642,7767,112844800,21.522315817162095,14306.851086133642,
575,5569.048525095674,11022,75542528,14.407684449337497,457.8497043186355,16825,152059904,29.001294664490878,773.4708825557207,27847,227602432,43.40897911382837,648.5462362193414,9341,59138048,11.278975659032412,289.456051600471,7255,29716480,5.6676110545976,588.1470119917299,16596,88854528,16.946586713630012,420.02985960472404,1681,16404480,3.1287087903050845,1393.581477096966,1709,7000064,1.3350719906695105,1081.4620514921005,3390,23404544,4.463780780974595,1236.2327755162241,0,0,0,0,7861,115343360,21.998611619223766,877.5502329220201,7861,115343360,21.998611619223766,877.5502329220201,
580,5476.530900078611,10891,75849728,14.465948398937563,343.4082909741989,16494,146116608,27.867144250745202,2411.3027066205896,27385,221966336,42.33309264968276,1588.9021924411174,9196,57528320,10.971716452266879,329.9398651587647,7299,29896704,5.701855349597433,1070.8962516783122,16495,87425024,16.673571801864313,657.8113816914216,1695,18321408,3.4942319466706833,416.4794672566372,1687,6909952,1.317855867210696,726.9830367516302,3382,25231360,4.812087813881379,571.3640094618569,0,0,0,0,7508,109309952,20.847433033937072,4092.852253462973,7508,109309952,20.847433033937072,4092.852253462973,
585,5455.869506339957,10803,74604544,14.228825577507582,656.3821051559752,16478,152444928,29.074801270653186,941.2047937856536,27281,227049472,43.30362684816077,828.4178906198454,9185,58441728,11.146199810029547,175.29887642896026,7150,29286400,5.585599147863139,271.31108657342656,16335,87728128,16.731798957892686,217.32442295684112,1618,16162816,3.082625767478034,3387.37682447466,1669,6836224,1.3038272696200808,3382.924677052127,3287,22999040,4.386453037098115,3385.116211743231,0,0,0,0,7659,116322304,22.185374853169968,1034.4949780650215,7659,116322304,22.185374853169968,1034.4949780650215,
590,5522.579620355734,10917,76447744,14.580668155521119,746.3626719794815,16697,150753280,28.75275886540692,673.5319968257771,27614,227201024,43.33342702092804,702.3250902078656,9201,58826752,11.219864769052418,187.05809477230736,7384,30244864,5.768519806063435,259.72305403575297,16585,89071616,16.98838457511585,219.410103165511,1716,17620992,3.360803386468702,3745.2912354312352,1647,6746112,1.2866674052798588,4540.39259623558,3363,24367104,4.647470791748561,4134.685211418377,0,0,0,0,7666,113762304,21.69757165406363,241.34387085833552,7666,113762304,21.69757165406363,241.34387085833552,
595,5500.860088653058,10822,73785344,14.07256792225392,242.46791424875255,16684,149495808,28.512300656512913,290.01378632222486,27506,223281152,42.58486857876683,271.3072703773722,9095,56102912,10.700120063900963,168.78014590434304,7224,29589504,5.643401280690703,245.86515310077522,16319,85692416,16.343521344591665,202.90368852258104,1727,17682432,3.3724478583529574,630.5340712217719,1749,7163904,1.3663218216954651,567.8787501429388,3476,24846336,4.7387696800484225,599.0081343498274,0,0,0,0,7711,112742400,21.502577554126745,268.3491390221761,7711,112742400,21.502577554126745,268.3491390221761,
