5,5728.744281458514,11285,78663680,15.003236538528041,733.9368712450155,17360,158007296,30.13615478834979,4867.093211693548,28645,236670976,45.139391326877835,3238.792660045383,9519,60776448,11.5916700733496,578.2911856287426,7502,30728192,5.860675892321654,1769.4080493201814,17021,91504640,17.452345965671256,1103.27554092004,1766,17887232,3.4115664651784408,1572.8900317100793,1781,7294976,1.3913441434583933,1315.8951836047165,3547,25182208,4.802910608636834,1443.849201578799,0,0,0,0,8077,119984128,22.884134752569743,8527.303410548471,8077,119984128,22.884134752569743,8527.303410548471,
10,5728.922499136432,11311,77955072,14.868548858271044,1486.3479015118025,17334,156643328,29.876939574761433,1458.0519784815967,28645,234598400,44.74548843303248,1469.2251390818642,9537,58867712,11.227973107979794,1467.2459637202473,7533,30855168,5.885076636683259,1483.4242960307977,17070,89722880,17.113049744663055,1474.3854702987699,1774,19087360,3.64057575029125,1589.0396606538893,1780,7290880,1.3906061878794904,1473.717252247191,3554,26378240,5.03118193817074,1531.2811105796286,0,0,0,0,8021,118497280,22.601256750198683,1430.7469223288865,8021,118497280,22.601256750198683,1430.7469223288865,
15,5760.058665835533,11301,77541376,14.788967373540205,263.1741590124768,17501,158846976,30.29586095363492,326.69725084280896,28802,236388352,45.084828327175124,301.7727851538088,9542,60076032,11.457914767720363,163.56687025780758,7732,31670272,6.040267061022284,258.83304888773927,17274,91746304,17.49818182874265,206.20888097719114,1759,17465344,3.3310526058198424,803.5111398521888,1759,7204864,1.3741373202713656,847.7855605457646,3518,24670208,4.705189926091208,825.6483501989767,0,0,0,0,8010,119971840,22.88145657234127,277.7748629213483,8010,119971840,22.88145657234127,277.7748629213483,
20,5748.902365527171,11344,78761984,15.021878531295927,698.0844779619182,17402,156766208,29.899233294934163,498.0821458453051,28746,235528192,44.92111182623009,577.0088297502261,9524,60874752,11.610336405019504,230.41710709785804,7605,31150080,5.941098665063473,325.5995769888231,17129,92024832,17.551435070082977,272.67659005195867,1820,17887232,3.4115421262764216,3145.3724120879124,1767,7237632,1.3803972835196787,2125.350520090549,3587,25124864,4.7919394097961,2642.89717284639,0,0,0,0,8030,118378496,22.57773734635101,303.3557098381071,8030,118378496,22.57773734635101,303.3557098381071,
25,5726.953371043857,11256,78753792,15.02044690046241,181.23878775764035,17380,156516352,29.851839442475146,279.997581990794,28636,235270144,44.87228634293756,241.17829899427295,9500,60493824,11.537784379930793,156.87315263157893,7507,30748672,5.864591193726079,257.6646135606767,17007,91242496,17.402375573656872,201.36315658258366,1756,18259968,3.482662520531618,313.05742881548974,1794,7348224,1.401502144870732,368.79301560758086,3550,25608192,4.88416466540235,341.22352535211263,0,0,0,0,8079,118419456,22.585746103878336,281.03169340264884,8079,118419456,22.585746103878336,281.03169340264884,
30,5708.761131400032,11185,77615104,14.80224972727257,1047.4785270451498,17362,156815360,29.906809372981705,6065.835558345812,28547,234430464,44.70905910025428,4099.593102217395,9446,59723776,11.390131578097069,1028.889369574423,7484,30654464,5.846220748266817,2192.760574692678,16930,90378240,17.236352326363885,1543.385063555818,1739,17891328,3.412118149175502,1148.452179413456,1815,7434240,1.4178100825900952,1539.93464738292,3554,25325568,4.829928231765598,1348.3792135621836,0,0,0,0,8063,118726656,22.642778542124795,10679.577754929926,8063,118726656,22.642778542124795,10679.577754929926,
35,5686.766276022894,11203,75640832,14.426243474836417,349.0311324645184,17233,156110848,29.773510454131173,1655.668764057332,28436,231751680,44.19975392896759,1140.8895621043746,9448,58105856,11.081967289436802,349.5392876799323,7476,30621696,5.840179575343968,262.2388982075977,16924,88727552,16.92214686478077,310.97525366343655,1755,17534976,3.344276185399616,346.2954911680912,1744,7143424,1.362396091412504,260.22340940366973,3499,24678400,4.70667227681212,303.39474507002,0,0,0,0,8013,118345728,22.5709347873747,3259.4299490827407,8013,118345728,22.5709347873747,3259.4299490827407,
40,5767.879641582524,11415,77791232,14.836675944312038,1865.4856695575995,17426,155164672,29.593668814365447,1784.5825720188225,28841,232955904,44.430344758677485,1816.6032668076696,9775,62812160,11.979803370157176,1647.5252319181584,7655,31354880,5.980136602448854,1894.9480811234487,17430,94167040,17.95993997260603,1756.1897133103844,1640,14979072,2.856872574154861,3164.6096195121954,1759,7204864,1.3741424276561116,1918.8952086412735,3399,22183936,4.231015001810973,2519.945998234775,0,0,0,0,8012,116604928,22.23938978426048,1649.6469878931603,8012,116604928,22.23938978426048,1649.6469878931603,
45,5738.599707420569,11379,80601088,15.372365209888205,174.63810624835224,17316,158654464,30.25882681369091,224.80545403095402,28695,239255552,45.63119202357911,204.91159620142884,9579,62128128,11.849173468014243,134.99139784946237,7511,30765056,5.867559461910271,214.04984928771134,17090,92893184,17.716732929924515,169.73733282621419,1800,18472960,3.5231917418739607,385.6246727777778,1818,7446528,1.4202134338640489,240.77598349834983,3618,25919488,4.94340517573801,312.84000801547813,0,0,0,0,7987,120442880,22.97105391791659,231.28484862902215,7987,120442880,22.97105391791659,231.28484862902215,
50,5752.017208945924,11449,81580032,15.559661785731976,163.7177917722072,17312,157577216,30.054513659632217,257.4374642444547,28761,239157248,45.61417544536419,220.13011991933521,9698,62754816,11.969150887141618,150.23382233450195,7533,30855168,5.884969233916703,250.17502867383513,17231,93609984,17.854120121058322,193.92583715396668,1751,18825216,3.590510898590358,238.39942261564818,1747,7155712,1.36480037855469,244.2700492272467,3498,25980928,4.955311277145048,241.33137935963407,0,0,0,0,8032,119566336,22.804744047160824,267.1126884960159,8032,119566336,22.804744047160824,267.1126884960159,
55,5685.512829038283,11371,77369344,14.75317223323261,526.2252788672939,17064,154566656,29.47354054705203,752.1338079582747,28435,231936000,44.226712780284636,661.7942305257606,9664,59441152,11.334535202957893,184.71743822433777,7476,30621696,5.839097655548043,272.8192775548422,17140,90062848,17.173632858505936,223.14505495915986,1707,17928192,3.418637030274717,2459.635807264206,1714,7020544,1.3387123303383288,1722.6061814469078,3421,24948736,4.757349360613046,2090.366944752996,0,0,0,0,7874,116924416,22.295730561165655,995.9699498348996,7874,116924416,22.295730561165655,995.9699498348996,
60,5816.81346925488,11240,76857344,14.658400940462466,2951.801306939502,17846,160616448,30.633120660752223,22512.50618743696,29086,237473792,45.29152160121469,14953.463250739187,9450,59764736,11.398461315406514,1155.9445186243386,7633,31264768,5.9628850127131745,1645.447901349404,17083,91029504,17.36134632811969,1374.6636733594803,1790,17092608,3.2599396250559516,12432.72122290503,1841,7540736,1.4381856816985397,11817.672983161325,3631,24633344,4.698125306754491,12120.877706141559,0,0,0,0,8372,121810944,23.232049966340508,43889.410610129,8372,121810944,23.232049966340508,43889.410610129,
65,5721.506371148731,11173,77193216,14.722681929018865,1289.9264134073214,17436,154546176,29.47583104445563,4170.638523170452,28609,231739392,44.19851297347449,3045.6010733335665,9446,59600896,11.367385373509153,1142.6170372644503,7571,31010816,5.914540214613278,2103.9462837141723,17017,90611712,17.28192558812243,1570.3201415055532,1727,17592320,3.3552965555097116,2095.6498453966415,1844,7553024,1.440551070630945,1355.6247185466377,3571,25145344,4.795847626140657,1713.514215625875,0,0,0,0,8021,115982336,22.120739759211407,6768.54556726094,8021,115982336,22.120739759211407,6768.54556726094,
70,5719.473995991116,11255,77234176,14.729895332769951,490.88397547756557,17345,155254784,29.60977687172848,875.0187189391756,28600,232488960,44.339672204498434,723.8496092307693,9499,60719104,11.58018500280981,198.34007506053268,7573,31019008,5.915862184719285,457.1385136669748,17072,91738112,17.496047187529093,313.14095226101216,1756,16515072,3.1497103299601426,2073.386543849658,1793,7344128,1.4006524359172954,1426.665086447295,3549,23859200,4.550362765877438,1746.6546269371654,0,0,0,0,7979,116891648,22.2932622510919,1147.6725424238628,7979,116891648,22.2932622510919,1147.6725424238628,
75,5756.510629820941,11448,81616896,15.565864220977192,373.1467867749825,17337,155697152,29.694350635741493,548.2538765645729,28785,237314048,45.26021485671868,478.61253684210527,9664,62054400,11.834931393546343,178.8234976200331,7672,31424512,5.993240505035482,416.76454340458815,17336,93478912,17.828171898581825,284.12366508998616,1784,19562496,3.7309328274308475,1425.8038867713003,1726,7069696,1.3483228769149167,1210.7265915411356,3510,26632192,5.079255704345764,1320.042231054131,0,0,0,0,7939,117202944,22.352787253791096,531.2943423604988,7939,117202944,22.352787253791096,531.2943423604988,
80,5774.839049460053,11390,78036992,14.883444725170898,300.99399964881474,17486,155959296,29.745015817531343,460.7897241793435,28876,233996288,44.62846054270224,397.7590654176479,9583,60166144,11.475064012598958,193.05415652718355,7532,30851072,5.884007226012346,419.46237626128516,17115,91017216,17.359071238611303,292.69229330996205,1807,17870848,3.4083807125719416,873.4276004427228,1809,7409664,1.4131929197897415,430.1412001105583,3616,25280512,4.821573632361683,651.6618100110619,0,0,0,0,8145,117698560,22.447815671729256,505.8137591160221,8145,117698560,22.447815671729256,505.8137591160221,
85,5737.009171011347,11220,78045184,14.885442368507583,159.17325784313726,17466,161243136,30.753664547006903,250.78377064010076,28686,239288320,45.63910691551449,214.9520076343861,9484,60194816,11.48086811418009,147.19457117250104,7625,31232000,5.95683310905166,238.0091446557377,17109,91426816,17.437701223231752,187.66807183353788,1736,17850368,3.404574254327493,224.61442396313365,1774,7266304,1.3858914013714945,243.5666341600902,3510,25116672,4.790465655698987,234.1931193732194,0,0,0,0,8067,122744832,23.41094003658375,264.44556848890545,8067,122744832,23.41094003658375,264.44556848890545,
90,5741.246442796977,11190,77893632,14.85559890880665,263.52626291331546,17519,159084544,30.340043435828022,325.2670091329414,28709,236978176,45.19564234463467,301.2021183252638,9498,60383232,11.516077147480026,204.3881310802274,7621,31215616,5.953332243993032,351.04933565148934,17119,91598848,17.469409391473057,269.67845411531044,1692,17510400,3.3395217613266253,595.4966979905438,1796,7356416,1.4029897270976885,531.7980673719377,3488,24866816,4.742511488424314,562.6977471330275,0,0,0,0,8102,120512512,22.9837214647373,255.23283349790174,8102,120512512,22.9837214647373,255.23283349790174,
95,5775.49836882219,11246,78024704,14.881254061625377,576.3812159879068,17633,161529856,30.807766033611127,607.9888404695741,28879,239554560,45.68902009523651,595.6802652100142,9489,60264448,11.493930967961267,146.26083928759618,7606,31154176,5.941877179522422,231.90092492768866,17095,91418624,17.435808147483687,184.3642900848201,1757,17760256,3.38732309366411,2899.325014797951,1796,7356416,1.4030517242206508,3843.5641920935414,3553,25116672,4.790374817884761,3376.626889952153,0,0,0,0,8231,123019264,23.462837129868056,249.51858826388047,8231,123019264,23.462837129868056,249.51858826388047,
100,5719.197899559984,11259,77336576,14.750260017111724,323.3671788791189,17338,155873280,29.72941819560334,1350.3154687391857,28597,233209856,44.479678212715065,945.9929595412107,9521,60186624,11.479281854321258,260.8553171935721,7444,30490624,5.815419499358068,732.5165484954326,16965,90677248,17.294701353679326,467.8135374005305,1738,17149952,3.270978162790466,665.8156455696203,1776,7274496,1.3874509713675347,646.1470152027027,3514,24424448,4.658429134158001,655.874983210017,0,0,0,0,8118,118108160,22.526547724877737,2070.874514781966,8118,118108160,22.526547724877737,2070.874514781966,
105,5758.596542360769,11432,79925248,15.243463265525383,330.413625349895,17363,157159424,29.973681239939705,849.748374301676,28795,237084672,45.217144505465086,643.5655352665393,9700,61882368,11.802298109750295,270.46971463917527,7605,31150080,5.9409900135458695,745.8746365548981,17305,93032448,17.743288123296164,479.39513683906387,1732,18042880,3.441165155775089,666.1272130484988,1776,7274496,1.3874027960627828,578.5091953828828,3508,25317376,4.828567951837872,621.7687183580388,0,0,0,0,7982,118734848,22.645288430331053,1009.0669106740165,7982,118734848,22.645288430331053,1009.0669106740165,
110,5805.710850282589,11332,79609856,15.183095775595,998.661322184963,17699,159084544,30.340412473159816,693.5228110627719,29031,238694400,45.523508248754815,812.6309922496641,9498,60420096,11.523247879491759,152.77350431669828,7708,31571968,6.021367680504541,232.78764802802283,17206,91992064,17.544615559996302,188.61850139486225,1834,19189760,3.65984789610324,5379.382420392584,1836,7520256,1.434254159497449,4599.834859477124,3670,26710016,5.094102055600689,4989.396229155313,0,0,0,0,8155,119992320,22.884790633157827,249.5446033108522,8155,119992320,22.884790633157827,249.5446033108522,
115,5729.853916823425,11203,78163968,14.907693325323152,232.77598553958762,17448,158367744,30.20442565269058,297.2121247707474,28651,236531712,45.11211897801373,272.01656203971936,9508,60792832,11.594612185424001,155.786190260833,7548,30916608,5.896518850261445,237.33960797562267,17056,91709440,17.491131035685445,191.8770202861163,1695,17371136,3.3130811398991504,664.6455864306785,1793,7344128,1.4006966479224656,749.6259615170106,3488,24715264,4.713777787821616,708.3295923165138,0,0,0,0,8107,120107008,22.907210154506668,252.8973039348711,8107,120107008,22.907210154506668,252.8973039348711,
120,5734.619608918254,11216,77033472,14.691994194764275,239.820672521398,17459,158167040,30.165967768959565,989.4117824044905,28675,235200512,44.85796196372384,696.2151341586749,9491,61366272,11.703911151483936,223.79776525129068,7556,30949376,5.902733457523202,532.7751303599789,17047,92315648,17.606644609007137,360.7504824895876,1725,15667200,2.9880830432803402,327.9791727536232,1811,7417856,1.414749906243319,424.6170502484815,3536,23085056,4.402832949523659,377.47328930995474,0,0,0,0,8092,119799808,22.84848440519304,1542.2034041028176,8092,119799808,22.84848440519304,1542.2034041028176,
125,5716.4874956347785,11159,77504512,14.782004409208561,298.5088664754906,17425,156184576,29.788215311675913,484.69619833572455,28584,233689088,44.570219720884474,412.00992502798766,9378,59351040,11.319693684041436,203.89536617615695,7614,31186944,5.94811233335345,461.09316876805883,16992,90537984,17.267806017394886,319.1439578036723,1781,18153472,3.462310725167125,796.7039286917462,1760,7208960,1.3749248367089666,498.5645596590909,3541,25362432,4.837235561876091,648.5183061282123,0,0,0,0,8051,117788672,22.465178141613496,503.98636740777545,8051,117788672,22.465178141613496,503.98636740777545,
130,5697.472569669904,11210,78295040,14.932735574646165,354.55157047279215,17279,155836416,29.72172941004384,304.4943953932519,28489,234131456,44.65446498469,324.19115318192985,9393,59736064,11.393095245652088,143.62119290961354,7476,30621696,5.840289362074535,220.15703424291064,16869,90357760,17.233384607726624,177.54033155492323,1817,18558976,3.5396403289940768,1444.9583048981838,1782,7299072,1.3921074964174454,956.9684191919191,3599,25858048,4.931747825411522,1203.336194220617,0,0,0,0,8021,117915648,22.48933255155186,238.14324236379503,8021,117915648,22.48933255155186,238.14324236379503,
135,5804.0040568230415,11429,79663104,15.194018299942194,2737.5966242890895,17592,158380032,30.207573942303707,6763.248264495224,29021,238043136,45.401592242245904,5177.873101822817,9659,61235200,11.67929320706133,2955.3467702660732,7693,31510528,6.00995335397477,4772.828840894319,17352,92745728,17.6892465610361,3761.1264826532965,1770,18427904,3.514725092880864,1549.32054519774,1719,7041024,1.3429234129055803,1275.146277486911,3489,25468928,4.857648505786445,1414.237264545715,0,0,0,0,8180,119828480,22.854697175423357,9788.473685207824,8180,119828480,22.854697175423357,9788.473685207824,
140,5757.981097606469,11332,77336576,14.748171490263575,174.69126738439817,17463,158797824,30.28292254149825,239.55194645822596,28795,236134400,45.031094031761825,214.02663945129362,9600,59973632,11.43703866111113,154.3355659375,7499,30715904,5.857557227132384,228.05829243899186,17099,90689536,17.294595888243514,186.66767460085384,1732,17362944,3.311132829152444,287.5173262124711,1769,7245824,1.3817867362044522,234.70104578858113,3501,24608768,4.692919565356896,260.83009397315055,0,0,0,0,8195,120836096,23.043578578161416,251.1165779133618,8195,120836096,23.043578578161416,251.1165779133618,
145,5744.221904974615,11479,79024128,15.07166420593297,1052.3747873508146,17244,155049984,29.571491051230325,2464.2034200881467,28723,234074112,44.64315525716329,1899.9733300839048,9656,60440576,11.527366248004297,158.8671864125932,7508,30752768,5.865238939415578,248.07312852956846,17164,91193344,17.392605187419875,197.88828950128175,1823,18583552,3.5442979579286726,5785.073303346133,1709,7000064,1.33506837339654,4511.253677589233,3532,25583616,4.879366331325213,5168.720602208381,0,0,0,0,8027,117297152,22.371183738418207,4101.215671110003,8027,117297152,22.371183738418207,4101.215671110003,
150,5751.171949928904,11418,80748544,15.400951809138103,190.57152110702398,17339,151453696,28.886354575159302,264.78810577311265,28757,232202240,44.28730638429741,235.32032527732378,9652,61485056,11.726878746422445,165.82766939494405,7695,31518720,6.0114803779708685,255.2957205977908,17347,93003776,17.738359124393313,205.51503055283334,1766,19263488,3.674073062715659,325.80801981879955,1736,7110656,1.3561962230224078,262.811064516129,3502,26374144,5.030269285738067,294.5793749286122,0,0,0,0,7908,112824320,21.518677974166028,274.45882498735455,7908,112824320,21.518677974166028,274.45882498735455,
155,5794.134568758361,11415,79953920,15.248775096394057,206.4616797196671,17558,156921856,29.92806468841971,284.72387458708283,28973,236875776,45.176839784813765,253.88954764781002,9596,60936192,11.621722700258934,169.7761052521884,7628,31244288,5.958896333775301,258.24531515469323,17224,92180480,17.580619034034235,208.9565008128193,1819,19017728,3.6270523961351233,399.9937152281473,1773,7262208,1.3850449921058743,423.35476480541456,3592,26279936,5.012097388240997,411.5246564587973,0,0,0,0,8157,118415360,22.584123362538534,279.35252274120387,8157,118415360,22.584123362538534,279.35252274120387,
160,5760.569731594005,11370,79794176,15.218922900951096,386.17147774846086,17434,158515200,30.233166483589518,646.5721499369049,28804,238309376,45.45208938454061,543.7824109151506,9608,61677568,11.76359227157341,267.52670368442966,7550,30924800,5.898201730002606,560.4574443708609,17158,92602368,17.661794001576016,396.4244244084392,1762,18116608,3.455330629377686,1033.1289063564132,1716,7028736,1.340571413070791,689.7926282051283,3478,25145344,4.795902042448477,863.731248706153,0,0,0,0,8168,120561664,22.994393340516122,717.0912104554358,8168,120561664,22.994393340516122,717.0912104554358,
165,5705.034012703654,11098,76349440,14.561055420989373,187.29727374301677,17430,158400512,30.209502963546193,252.5481183591509,28528,234749952,44.77055838453556,227.1641491517106,9405,59793408,11.403556171437922,150.32615906432747,7596,31113216,5.933786318553395,243.78381134807793,17001,90906624,17.337342489991315,192.0827808364214,1693,16556032,3.1574992495514507,392.6802232722977,1724,7061504,1.3467413919412918,256.8090342227378,3417,23617536,4.504240641492743,324.12829762949957,0,0,0,0,8110,120225792,22.928975253051505,259.8511833538841,8110,120225792,22.928975253051505,259.8511833538841,
170,5720.626802325171,11319,79220736,15.10917057001769,237.18954033041788,17286,154836992,29.530885987684645,301.1118368622006,28605,234057728,44.64005655770234,275.81778077259224,9550,61562880,11.74142152253585,149.05151664921468,7497,30707712,5.856649178606205,240.08854101640657,17047,92270592,17.598070701142056,189.0881548659588,1769,17657856,3.3677490474818397,713.0053267382702,1771,7254016,1.3835034941058544,742.2715753811406,3540,24911872,4.751252541587694,727.6467183615819,0,0,0,0,8018,116875264,22.290733314972584,260.72742080319284,8018,116875264,22.290733314972584,260.72742080319284,
175,5769.783258091909,11400,78356480,14.944751100424911,445.78736736842103,17450,158650368,30.259019569929855,323.9013777077364,28850,237006848,45.203770670354764,372.0642990987868,9595,60108800,11.4644130893223,142.0186794163627,7631,31256576,5.961494806447596,229.82248289870267,17226,91365376,17.425907895769896,180.91516289330082,1805,18247680,3.4803380111026128,2060.5577612188367,1769,7245824,1.3819793359462451,1090.6791062747316,3574,25493504,4.862317347048858,1580.503105204253,0,0,0,0,8050,120147968,22.915545427536014,244.58289875776396,8050,120147968,22.915545427536014,244.58289875776396,
180,5710.291913524197,11448,79638528,15.187960415570139,285.5923360412299,17107,153694208,29.311209107310514,319.90378464955865,28555,233332736,44.499169522880656,306.14796382419894,9607,60522496,11.542318731701094,173.93823555740607,7487,30666752,5.848493526275453,261.12639708828635,17094,91189248,17.39081225797655,212.12577301977302,1841,19116032,3.645641683869045,868.2435817490494,1710,7004160,1.3357718618847367,821.591285380117,3551,26120192,4.981413545753782,845.7779588848211,0,0,0,0,7910,116023296,22.126943719150326,267.08212528445006,7910,116023296,22.126943719150326,267.08212528445006,
185,5826.829290039822,11541,80601088,15.371931893056349,196.68452213846288,17596,160186368,30.550132761136688,234.58290156853832,29137,240787456,45.922064654193036,219.57156900161306,9795,62164992,11.855870024439284,142.39382827973455,7657,31363072,5.981445396134387,224.18292634190936,17452,93528064,17.83731542057367,178.27849043089617,1746,18436096,3.5160618686170664,501.2534490263459,1802,7380992,1.4076746250273169,242.8282153163152,3548,25817088,4.923736493644383,370.00139966178125,0,0,0,0,8137,121442304,23.161012739974982,242.54339744377535,8137,121442304,23.161012739974982,242.54339744377535,
190,5750.006875669068,11299,77672448,14.814346183517603,512.1655306664306,17452,154488832,29.465416600945705,632.625697283979,28751,232161280,44.27976278446331,585.2854509408368,9568,60166144,11.475395828175397,206.7815406563545,7678,31449088,5.998236038445824,509.77683967178956,17246,91615232,17.473631866621222,341.6764673547489,1731,17506304,3.338950355342205,2200.157452339688,1751,7172096,1.3679228058503043,1313.7840999428897,3482,24678400,4.706873161192509,1754.4251892590464,0,0,0,0,8023,115867648,22.09925775664958,601.5307409946404,8023,115867648,22.09925775664958,601.5307409946404,
195,5787.098734239257,11494,79949824,15.247898010619695,244.86598468766311,17444,157601792,30.057552730909062,284.5756890621417,28938,237551616,45.30545074152876,268.80323270440255,9717,61898752,11.80522745716916,155.84077760625706,7472,30605312,5.836994412385386,262.901982735546,17189,92504064,17.642221869554547,202.37992035604165,1777,18051072,3.442670553450535,731.6740528981429,1831,7499776,1.4303448566752734,387.65258383397054,3608,25550848,4.8730154101258085,557.0888783259423,0,0,0,0,8141,119496704,22.790213461848403,281.2852013266184,8141,119496704,22.790213461848403,281.2852013266184,
200,5739.577436238328,11299,77275136,14.737977448833881,908.6592140012391,17401,157229056,29.986854783787628,12012.81025941038,28700,234504192,44.72483223262151,7641.179504634147,9521,59174912,11.2858878513359,470.09263480726815,7551,30928896,5.898784464971093,559.1640640974705,17072,90103808,17.184672316306994,509.4892118088097,1778,18100224,3.4520895974979817,3257.136379640045,1708,6995968,1.3342767668084528,3321.7931346604214,3486,25096192,4.786366364306434,3288.8155929432014,0,0,0,0,8142,119304192,22.75379355200808,24458.2462296733,8142,119304192,22.75379355200808,24458.2462296733,
205,5748.119199778595,11350,76595200,14.60866135520587,507.73031982378853,17392,156368896,29.823543096060924,447.0351394319227,28742,232964096,44.43220445126679,471.00321045856236,9556,59641856,11.375225561131158,150.95553610297196,7518,30793728,5.873150591895065,244.2690243415802,17074,90435584,17.248376153026225,192.04320182733983,1794,16953344,3.233435794074711,2408.142712931996,1752,7176192,1.3686831387337264,2132.7511215753425,3546,24129536,4.6021189328084375,2272.077831923294,0,0,0,0,8122,118398976,22.581709365432133,271.09586985964046,8122,118398976,22.581709365432133,271.09586985964046,
210,5721.374189225533,11297,77254656,14.733544677202953,296.3894310878994,17313,157319168,30.002968239330418,3563.304865188009,28610,234573824,44.73651291653337,2273.324310870325,9574,59314176,11.312043925061024,225.50795038646334,7519,30797824,5.873576291176979,324.0033024338343,17093,90112000,17.185620216238004,268.83484163107704,1723,17940480,3.4215007521419296,690.2485699361579,1786,7315456,1.3951598957364124,494.50429955207164,3509,25255936,4.816660647878342,590.6192547734397,0,0,0,0,8008,119205888,22.734232052417028,7289.227225399601,8008,119205888,22.734232052417028,7289.227225399601,
215,5780.358719734537,11577,82944000,15.819652165571098,299.4963090610694,17326,158445568,30.219832331890704,308.07162039709107,28903,241389568,46.0394844974618,304.63680811680445,9747,63295488,12.072152341460255,170.11796747717247,7496,30703616,5.856005562129429,257.73801040554963,17243,93999104,17.928157903589685,208.2087777648901,1830,19648512,3.747499824110842,988.595049726776,1752,7176192,1.3686928688434845,690.3233881278538,3582,26824704,5.116192692954327,842.7067328308207,0,0,0,0,8078,120565760,22.99513390091779,271.8740025996534,8078,120565760,22.99513390091779,271.8740025996534,
220,5705.242868200288,11277,80392192,15.332096530910304,159.8283711093376,17252,156540928,29.854897091676264,227.8156061905866,28529,236933120,45.18699362258657,200.9414763573907,9436,61566976,11.741822130540214,132.36669012293345,7600,31129600,5.936920244302151,219.88888328947368,17036,92696576,17.678742374842365,171.4115755459028,1841,18825216,3.5902744003700904,300.5825382944052,1713,7016448,1.3381505761170507,222.7843169877408,3554,25841664,4.928424976487141,263.08440855374226,0,0,0,0,7939,118394880,22.579826271257062,236.48945585086284,7939,118394880,22.579826271257062,236.48945585086284,
225,5720.73498695173,11341,80261120,15.307884612245338,464.88977488757604,17264,156987392,29.94158170622746,1488.9392440338277,28605,237248512,45.2494663184728,1082.9352227233,9581,62255104,11.873668702297367,224.19249368541907,7444,30490624,5.815355603651661,537.522939279957,17025,92745728,17.68902430594903,361.1928952716593,1760,18006016,3.434215909947972,1775.1855994318182,1735,7106560,1.355405960818865,1962.369474927954,3495,25112576,4.789621870766837,1868.1080669527896,0,0,0,0,8085,119390208,22.770820141756936,2263.3290426716144,8085,119390208,22.770820141756936,2263.3290426716144,
230,5773.527485272962,11181,77811712,14.840191704966559,1126.52150523209,17689,159076352,30.3389232639778,3053.790090790887,28870,236888064,45.17911496894436,2307.3823992379635,9398,59293696,11.308449498399533,1110.885211534369,7643,31305728,5.970605106125147,2107.1957485280645,17041,90599424,17.279054604524678,1557.7370062789741,1783,18518016,3.531742206567027,1208.9387167694897,1808,7405568,1.412384408200218,1312.0387732300885,3591,25923584,4.944126614767245,1260.847628515734,0,0,0,0,8238,120365056,22.955933749652434,4314.278915756252,8238,120365056,22.955933749652434,4314.278915756252,
235,5759.387831063569,11310,79028224,15.072882233105991,332.27068735632184,17488,154972160,29.55750488698897,362.07988243366884,28798,234000384,44.63038712009496,350.37275012153617,9524,61022208,11.638633746699131,137.3432823393532,7733,31674368,6.041183700041911,220.14669132290183,17257,92696576,17.679817446741044,174.44815350292635,1786,18006016,3.434248486406859,1371.7379916013438,1812,7421952,1.4155728519948199,1506.1739961368653,3598,25427968,4.849821338401679,1439.4417270705947,0,0,0,0,7943,115875840,22.10074833495224,239.26367103109658,7943,115875840,22.10074833495224,239.26367103109658,
240,5761.696230699426,11431,79769600,15.21351356861194,319.9367760475899,17380,158478336,30.224701077441058,972.2074432681243,28811,238247936,45.438214646053,713.4137187532539,9591,61362176,11.702883017785647,295.974873735794,7446,30498816,5.816678923331682,671.0333376309428,17037,91860992,17.519561941117328,459.89371638199214,1840,18407424,3.510630550826293,444.83819184782607,1783,7303168,1.3928469675396709,551.6495401009535,3623,25710592,4.903477518365964,497.4036442174993,0,0,0,0,8151,120676352,23.015175186569703,1339.3276900993744,8151,120676352,23.015175186569703,1339.3276900993744,
245,5713.943047963016,11125,77168640,14.716542877652,229.29972449438202,17449,156839936,29.910357926123815,245.82677396985503,28574,234008576,44.62690080377582,239.3921331980122,9389,59314176,11.311584788284426,150.1875034614975,7545,30904320,5.89364734670299,236.04013373094764,16934,90218496,17.205232134987416,188.43942830990906,1736,17854464,3.4049580893675726,657.1710627880185,1766,7233536,1.379480611567592,244.9591013590034,3502,25088000,4.784438700935164,449.2994683038264,0,0,0,0,8138,118702080,22.637229967853234,255.0885717621037,8138,118702080,22.637229967853234,255.0885717621037,
250,5777.464826966429,11297,77078528,14.701218541470274,300.8063536337081,17591,160501760,30.612565020061254,1863.0488826672731,28888,237580288,45.31378356153152,1252.1151437274993,9529,59625472,11.372390174736038,276.167171056774,7667,31404032,5.989703611300488,746.0556157558367,17196,91029504,17.362093786036525,485.6713991044429,1768,17453056,3.328828366734235,433.6043009049774,1805,7393280,1.4101232579101841,480.8037889196676,3573,24846336,4.738951624644419,457.4484307304786,0,0,0,0,8119,121704448,23.21273815085058,3225.1550252494153,8119,121704448,23.21273815085058,3225.1550252494153,
255,5707.266178576855,11257,78336000,14.9405323692974,331.47237896420006,17281,157548544,30.048242460269552,476.96725785544817,28538,235884544,44.98877482956695,419.5758551054734,9518,61149184,11.662599097581223,211.7699652237865,7527,30830592,5.880124817971322,362.0270717417298,17045,91979776,17.542723915552543,278.1228687591669,1739,17186816,3.277933271716177,986.6348711903394,1665,6819840,1.3007051709741266,994.3197201201201,3404,24006656,4.578638442690304,990.3937646886016,0,0,0,0,8089,119898112,22.867412471324105,477.43244900482136,8089,119898112,22.867412471324105,477.43244900482136,
260,5816.0436996416165,11441,78438400,14.960535450570303,710.8508847128747,17640,161660928,30.833546379274605,1047.233398526077,29081,240099328,45.794081829844906,914.8943338262095,9717,61788160,11.78483954422209,251.15423741895648,7668,31408128,5.9904640122701345,662.6908050339072,17385,93196288,17.775303556492226,432.67062513661205,1724,16650240,3.175695906348213,3301.844110788863,1815,7434240,1.417930644531859,2213.7335719008265,3539,24084480,4.593626550880072,2743.7992879344447,0,0,0,0,8157,122818560,23.425151722472613,1149.1672948387886,8157,122818560,23.425151722472613,1149.1672948387886,
265,5750.263338273113,11421,77541376,14.78846356931431,264.8092139917695,17333,158220288,30.175308792745927,367.9292144464317,28754,235761664,44.96377236206024,326.97026872782914,9663,60100608,11.462211502432458,141.9272797267929,7454,30531584,5.82289405977861,252.19090555406493,17117,90632192,17.28510556221107,189.94416743588246,1758,17440768,3.326252066881852,940.240460182025,1751,7172096,1.3678410918530113,1291.5406973158197,3509,24612864,4.694093158734863,1115.54017953833,0,0,0,0,8128,120516608,22.984573641114306,275.0982164124016,8128,120516608,22.984573641114306,275.0982164124016,
270,5714.841382291498,11348,78229504,14.920679620568858,339.96577511455763,17227,153296896,29.238250980648733,1101.450808149997,28575,231526400,44.15893060121759,799.0419838320211,9554,59793408,11.404370967122059,314.67939794850327,7585,31068160,5.925616782135965,811.2305546473303,17139,90861568,17.329987749258024,534.4320395005543,1794,18436096,3.5163086534468,474.62912374581936,1791,7335936,1.3991799152017816,608.1561529871581,3585,25772032,4.915488568648581,541.3367693165969,0,0,0,0,7851,114892800,21.913454283310983,1494.3703534581582,7851,114892800,21.913454283310983,1494.3703534581582,
275,5774.767624505743,11432,79654912,15.19235741257619,391.0351149405179,17443,157679616,30.07378983671173,634.0864725104626,28875,237334528,45.26614724928792,537.8591783203462,9593,61255680,11.683123623442016,202.52949515271553,7477,30625792,5.841171202439048,509.44615220008023,17070,91881472,17.524294825881064,336.9651041007616,1839,18399232,3.509233789134172,1374.359971179989,1803,7385088,1.4085370707499805,834.3697021630616,3642,25784320,4.917770859884152,1107.0336518396487,0,0,0,0,8163,119668736,22.8240815635227,704.014809138797,8163,119668736,22.8240815635227,704.014809138797,
280,5764.68040132865,11441,77918208,14.86141042329023,290.06671462284766,17383,159563776,30.43374359720834,852.1318600931945,28824,237481984,45.29515402049857,629.0334931307244,9691,60452864,11.530229534633891,260.0236487462594,7551,30928896,5.899096362627584,667.5583933253873,17242,91381760,17.429325897261474,438.5003252522909,1750,17465344,3.3311808886563394,456.43662971428574,1793,7344128,1.400752188874488,622.8683251533743,3543,24809472,4.731933077530828,540.6624355066327,0,0,0,0,8039,121290752,23.133895045706268,1076.6353761661899,8039,121290752,23.133895045706268,1076.6353761661899,
285,5769.714706070872,11378,78450688,14.962541400207893,370.1115087010019,17472,156160000,29.78368354215663,339.65783012820515,28850,234610688,44.74622494236452,351.6682964991335,9590,59232256,11.297097644672185,205.17242012513034,7747,31731712,6.052044495766227,278.8654795404673,17337,90963968,17.34914214043841,238.10200028840055,1788,19218432,3.665443755535709,1254.768029642058,1765,7229440,1.3788380708696775,732.1355467422096,3553,26447872,5.044281826405387,995.1433934703068,0,0,0,0,7960,117198848,22.352800975520726,311.7979268844221,7960,117198848,22.352800975520726,311.7979268844221,
290,5734.2030530619395,11293,76865536,14.660433972734772,938.704099176481,17379,157335552,30.008344333405525,907.6404009436676,28672,234201088,44.6687783061403,919.8754157366071,9484,59068416,11.266019307300871,249.65930577815269,7606,31154176,5.941983416637572,346.2283465684985,17090,90222592,17.208002723938442,292.6378970157987,1809,17797120,3.394414665433901,4551.142363736872,1765,7229440,1.3788588917125053,3203.365603399433,3574,25026560,4.773273557146406,3885.5503150531617,0,0,0,0,8008,118951936,22.687502025055448,934.8812979520479,8008,118951936,22.687502025055448,934.8812979520479,
295,5759.9839701817955,11317,79110144,15.087972731940708,198.0334146858708,17485,154574848,29.48068318100748,250.1753715184444,28802,233684992,44.56865591294819,229.68753992778278,9568,60944384,11.623379221214963,144.16165614548495,7627,31240192,5.958163406156766,235.5437375114724,17195,92184576,17.58154262737173,184.6950166908985,1749,18165760,3.464593510725745,492.7418113207547,1813,7426048,1.4163039537645492,311.8946563706564,3562,25591808,4.880897464490294,400.69355418304326,0,0,0,0,8045,115908608,22.106215821086163,250.13788353014294,8045,115908608,22.106215821086163,250.13788353014294,
300,5759.3930970411275,11385,78962688,15.059350602859004,374.7815598594642,17415,158806016,30.286652257674366,2480.259166178582,28800,237768704,45.34600286053337,1647.9375499305554,9670,61530112,11.734700941806617,265.60819855222337,7482,30646272,5.844696608081287,742.4868909382519,17152,92176384,17.579397549887904,473.63095837220146,1715,17432576,3.324649661052387,990.3538069970846,1747,7155712,1.3646999431058553,706.15796336577,3462,24588288,4.6893496041582425,846.9424439630272,0,0,0,0,8186,121004032,23.07725570648722,4447.198692768141,8186,121004032,23.07725570648722,4447.198692768141,
305,5770.581054921847,11394,79319040,15.128332256868843,170.44787449534843,17460,156614656,29.870741656268375,246.30169335624285,28854,235933696,44.99907391313722,216.34818908990087,9646,61157376,11.66440118395604,145.91134667219575,7593,31100928,5.931806187782346,237.88292940866586,17239,92258304,17.596207371738384,186.42067016648298,1748,18161664,3.4639310729128043,305.8479588100687,1815,7434240,1.4179149520380558,251.89945399449036,3563,25595904,4.88184602495086,278.36647235475726,0,0,0,0,8052,118079488,22.521020516447976,252.97875981122704,8052,118079488,22.521020516447976,252.97875981122704,
310,5764.859389047858,11358,78983168,15.06395371135892,1530.793523155485,17468,156291072,29.80839505078682,1712.4346885161438,28826,235274240,44.87234876214574,1640.8645658433359,9607,61853696,11.796959238460357,1323.0025269074633,7557,30953472,5.903557444211967,1455.4160424771735,17164,92807168,17.700516682672323,1381.3018124563039,1751,17129472,3.2669944728985634,2670.8552598515134,1777,7278592,1.3881992296367163,2628.406117613956,3528,24408064,4.655193702535279,2649.474271825397,0,0,0,0,8134,118059008,22.51663837693814,1751.1129130808952,8134,118059008,22.51663837693814,1751.1129130808952,
315,5808.13149103514,11530,80023552,15.261524666824679,360.2587256721596,17514,160358400,30.582417500444603,1713.720145426516,29044,240381952,45.84394216726928,1176.417770761603,9687,61616128,11.750991225011191,366.9213259006916,7655,31354880,5.979780484441978,1046.3957098628348,17342,92971008,17.73077170945317,666.8507694037596,1843,18407424,3.5105334418134877,325.23940477482364,1745,7147520,1.3631243560223711,408.1499260744986,3588,25554944,4.873657797835859,365.56238684503904,0,0,0,0,8114,121856000,23.239512659980253,2624.07121604634,8114,121856000,23.239512659980253,2624.07121604634,
320,5752.96858028379,11481,79908864,15.24026337045764,625.240125511715,17286,157130752,29.968065170818388,5491.384571560801,28767,237039616,45.20832854127603,3549.2910482497305,9682,61743104,11.775679432378823,201.5570403842181,7558,30957568,5.904244735963855,389.0783655729029,17240,92700672,17.679924168342676,283.7662153132251,1799,18165760,3.4645839380788166,2905.4511484157865,1752,7176192,1.368647364039253,2034.7973847031963,3551,25341952,4.83323130211807,2475.886126161645,0,0,0,0,7976,118996992,22.695173070815283,11085.56349034604,7976,118996992,22.695173070815283,11085.56349034604,
325,5742.080998690118,11334,80392192,15.33274193952155,675.9046500794071,17378,155996160,29.75225336356439,3589.1131991598572,28712,236388352,45.08499530308594,2439.130415122597,9524,61300736,11.69153797660771,203.17103328433433,7555,30945280,5.902015863508703,323.4291303772336,17079,92246016,17.593553840116414,256.3679372914105,1810,19091456,3.6412039629138406,3163.371482320442,1740,7127040,1.35929948411716,1632.8563419540228,3550,26218496,5.000503447031001,2413.2034980281687,0,0,0,0,8083,117923840,22.490938015938525,7062.592114313993,8083,117923840,22.490938015938525,7062.592114313993,
330,5740.6192740928755,11287,77778944,14.834172426916806,191.46431310357048,17418,157241344,29.989417309858826,234.67532231025376,28705,235020288,44.82358973677563,217.68446145270858,9489,59449344,11.33831052737219,140.7857174623248,7578,31039488,5.919919882625496,222.0255659804698,17067,90488832,17.258230409997687,176.85740973809106,1798,18329600,3.495861899544616,458.92215183537263,1763,7221248,1.3772524086921023,255.9093374929098,3561,25550848,4.873114308236718,358.4134206683516,0,0,0,0,8077,118980608,22.69224501854123,241.90873628822584,8077,118980608,22.69224501854123,241.90873628822584,
335,5723.9895536530785,11388,78258176,14.923406662116568,511.5704104320337,17238,156966912,29.932732654958187,796.3902964381019,28626,235225088,44.856139317074756,683.0832028226089,9649,60940288,11.62098002297552,211.06313369261062,7427,30420992,5.801116993590482,489.62532489565103,17076,91361280,17.422097016566003,332.22039499882874,1739,17317888,3.3024266391410473,2178.9624249568715,1737,7114752,1.3567443406310309,1154.2927656879676,3476,24432640,4.659170979772078,1666.9223794591485,0,0,0,0,8074,119431168,22.774871320736672,1001.5756883824622,8074,119431168,22.774871320736672,1001.5756883824622,
340,5722.866972635981,11138,77152256,14.714768712293186,252.49621592745555,17478,160100352,30.53494184844998,716.2898463210894,28616,237252608,45.24971056074316,535.7707851202125,9387,58949632,11.243095737275617,240.52342324491318,7540,30883840,5.890282230340339,620.1145259946949,16927,89833472,17.133377967615957,409.60931647663494,1751,18202624,3.4716729750175683,316.68159851513417,1844,7553024,1.4405411714519343,580.0746686550976,3595,25755648,4.912214146469503,451.7850258692629,0,0,0,0,8094,121663488,23.204118446657702,836.9153346923647,8094,121663488,23.204118446657702,836.9153346923647,
345,5732.214811628966,11367,78712832,15.01279623759707,563.517032814287,17295,157442048,30.028717374239278,6718.591161665221,28662,236154880,45.04151361183635,4277.563751761915,9596,61206528,11.673841607868711,238.64558430596082,7537,30871552,5.888091025798466,356.9288377338463,17133,92078080,17.561932633667176,290.6797219984825,1771,17506304,3.3389546297283594,2323.8029841897232,1761,7213056,1.3757368046213478,2307.371853492334,3532,24719360,4.714691434349707,2315.610679218573,0,0,0,0,7997,119357440,22.764889543819464,13685.70459634863,7997,119357440,22.764889543819464,13685.70459634863,
350,5723.965496002387,11324,78565376,14.98454235128132,2473.266176086189,17297,157032448,29.95033547069617,21316.70257917558,28621,235597824,44.93487782197749,13861.230239684148,9537,59011072,11.25500764584276,1606.6571408199645,7493,30691328,5.853666432310669,2536.642261844388,17030,89702400,17.108674078153427,2015.8396723429241,1787,19554304,3.72953470543856,7098.2523928371575,1775,7270400,1.3866619401243074,6978.736098591549,3562,26824704,5.116196645562868,7038.695564570466,0,0,0,0,8029,119070720,22.710007098261194,42012.78957142858,8029,119070720,22.710007098261194,42012.78957142858,
355,5807.123153083742,11531,80928768,15.434138580151448,231.50606504206053,17508,161579008,30.8151583515444,348.7803088873658,29039,242507776,46.249296931695845,302.212269155274,9779,61956096,11.815810312955298,187.58401196441355,7564,30982144,5.90868631542998,321.42507773664727,17343,92938240,17.72449662838528,245.95763945107538,1752,18972672,3.6183282671961483,476.66231906392693,1759,7204864,1.3740585971498327,364.58609494030696,3511,26177536,4.992386864345981,420.51248191398463,0,0,0,0,8185,123392000,23.53241343896459,370.663337690898,8185,123392000,23.53241343896459,370.663337690898,
360,5792.186465688845,11335,77697024,14.818473282136328,597.1430911336568,17628,160444416,30.60015904552491,7012.250793964147,28963,238141440,45.41863232766124,4501.625312778372,9621,60891136,11.61323337088084,187.89629882548593,7712,31588352,6.024569874628887,386.51620746887966,17333,92479488,17.637803245509726,276.2685791842151,1714,16805888,3.205239911255488,2894.3212642940493,1758,7200768,1.3733394501552882,2338.338769624573,3472,24006656,4.578579361410776,2612.8070864055303,0,0,0,0,8158,121655296,23.20224972074074,14282.954700539349,8158,121655296,23.20224972074074,14282.954700539349,
365,5712.861693471091,11214,75808768,14.458518789650906,297.92746415195296,17352,158351360,30.201336525173115,332.3622834255417,28566,234160128,44.65985531482402,318.8443928096338,9453,59023360,11.257145869833021,180.12104802708134,7521,30806016,5.875433316239706,233.79257971014493,16974,89829376,17.13257918607273,203.90233645575586,1761,16785408,3.201372919817885,930.3090948324816,1721,7049216,1.3444516337253734,1140.9113288785588,3482,23834624,4.545824553543258,1034.4005493968984,0,0,0,0,8110,120496128,22.981451575208037,252.19333575832306,8110,120496128,22.981451575208037,252.19333575832306,
370,5745.869014961262,11243,77844480,14.84680101487434,148.43727706128257,17488,159301632,30.38262483927876,228.35065473467523,28731,237146112,45.2294258541531,197.07899328251713,9524,59686912,11.383719252236194,135.43187631247375,7599,31125504,5.936376790951334,218.93563600473746,17123,90812416,17.320096043187526,172.4899309700403,1719,18157568,3.463081762638145,220.49279581151833,1748,7159808,1.3655463390686842,229.5913724256293,3467,25317376,4.828628101706829,225.0801370060571,0,0,0,0,8141,121016320,23.08070170925874,236.87245215575481,8141,121016320,23.08070170925874,236.87245215575481,
375,5789.576438979555,11493,80629760,15.37831242569267,12615.996750978857,17456,158064640,30.14727338112675,46854.44910769936,28949,238694400,45.52558580681942,33261.49139117068,9762,63266816,12.06672155078735,12758.785869596393,7627,31240192,5.958363671361848,15660.787933787858,17389,94507008,18.025085222149198,14031.634782333658,1731,17362944,3.31159087490532,11810.735413056036,1774,7266304,1.3858839849214526,11210.171917136415,3505,24629248,4.697474859826773,11506.769752068472,0,0,0,0,8055,119558144,22.80302572484345,84240.79318088145,8055,119558144,22.80302572484345,84240.79318088145,
380,5697.161839241574,11174,79220736,15.107403315516754,858.4550645247897,17317,157782016,30.089048297245274,5035.073518796558,28491,237002752,45.196451612762026,3397.0287113825416,9377,60682240,11.572110031507197,161.72351178415272,7434,30449664,5.806754368830544,283.411358488028,16811,91131904,17.37886440033774,215.5351501397894,1797,18538496,3.535293284009556,4494.098787423484,1732,7094272,1.3528784728025964,4205.651866628175,3529,25632768,4.888171756812152,4352.531752337773,0,0,0,0,8151,120238080,22.929415455612133,9545.000497239602,8151,120238080,22.929415455612133,9545.000497239602,
385,5752.519908655143,11440,79155200,15.096921177888463,247.52767613636365,17324,152809472,29.14467468996041,472.0030726737474,28764,231964672,44.24159586784887,382.724859059936,9672,61374464,11.70568004809732,226.8642628205128,7520,30801920,5.874713959002393,439.4996448138298,17192,92176384,17.580394007099716,319.8736900302466,1768,17780736,3.3912411297911422,360.56870192307696,1758,7200768,1.373370630309336,429.9741393629124,3526,24981504,4.764611760100478,395.17300113442997,0,0,0,0,8046,114806784,21.89659010064868,511.5646737509322,8046,114806784,21.89659010064868,511.5646737509322,
390,5733.602911303334,11403,77787136,14.835691283430199,917.9746956064193,17267,155963392,29.74559617709292,1272.5117508542307,28670,233750528,44.58128746052312,1131.5007274502966,9597,59736064,11.392960964538256,311.1577771178493,7570,31006720,5.91365294168641,736.9062601056803,17167,90742784,17.306613906224666,498.8968122560727,1806,18051072,3.4427303188919427,4142.57157641196,1784,7307264,1.393653480577088,3932.6971905829596,3590,25358336,4.836383799469031,4038.2774526462395,0,0,0,0,7913,117649408,22.438289754829423,1185.1571117148994,7913,117649408,22.438289754829423,1185.1571117148994,
395,5819.367651244224,11467,78946304,15.05669386594057,1312.8115251591526,17632,162103296,30.916453068302584,1507.6335185458258,29099,241049600,45.973146934243154,1430.8603030344686,9716,61849600,11.795998618641828,1248.5068157678058,7521,30806016,5.87534474243743,1443.4349626379471,17237,92655616,17.67134336107926,1333.559585542728,1751,17096704,3.260695247298741,1669.62737692747,1838,7528448,1.4358308252360055,1485.8080854189336,3589,24625152,4.696526072534747,1575.4897737531346,0,0,0,0,8273,123768832,23.60527750062915,1570.845471292155,8273,123768832,23.60527750062915,1570.845471292155,
400,5774.35449075642,11440,77672448,14.812161848126049,358.23117106643355,17437,160538624,30.614769365366893,366.0579738487125,28877,238211072,45.42693121349294,362.95728389375626,9684,60764160,11.587745663499971,139.61703820735232,7533,30855168,5.884090871799479,241.54311987256074,17217,91619328,17.47183653529945,184.2130289829819,1756,16908288,3.2244161846260786,1563.845785307517,1729,7081984,1.3505367207409134,1401.4087102371311,3485,23990272,4.574952905366992,1483.2564875179341,0,0,0,0,8175,122601472,23.380141772826498,261.81931596330276,8175,122601472,23.380141772826498,261.81931596330276,
405,5730.537673176935,11384,80015360,15.261020146280762,10240.175773893183,17270,154570752,29.48068171283323,10208.972062478286,28654,234586112,44.741701859113995,10221.369041983668,9611,61517824,11.733056645865922,10177.96713765477,7586,31072256,5.926291212167181,9997.701942657526,17197,92590080,17.6593478580331,10098.447932604524,1773,18497536,3.5279635004148413,10577.393598420756,1774,7266304,1.3858740588432084,10624.191616685455,3547,25763840,4.91383755925805,10600.799204398083,0,0,0,0,7910,116232192,22.16851644182284,10318.465822250317,7910,116232192,22.16851644182284,10318.465822250317,
410,5727.335123662682,11333,78225408,14.919101546365685,1499.9948972910968,17306,157921280,30.118649079491515,25949.307241592513,28639,236146688,45.0377506258572,16274.246771674989,9642,60981248,11.630305991323297,305.7517980709397,7517,30789632,5.8721796169248535,600.0273662365305,17159,91770880,17.50248560824815,434.6677865260213,1691,17244160,3.2887955550423884,8309.511137788291,1670,6840320,1.3045816097199023,11739.459868263473,3361,24084480,4.59337716476229,10013.77010235049,0,0,0,0,8119,120291328,22.94188785284676,52341.84104335509,8119,120291328,22.94188785284676,52341.84104335509,
415,5789.981525611248,11382,79347712,15.133281233018915,308.2675050957652,17570,158822400,30.290779465739647,747.0309459874787,28952,238170112,45.42406069875856,574.5383553467808,9558,60678144,11.572601083313144,158.1471702238962,7610,31170560,5.94488283002653,241.10729303547964,17168,91848704,17.517483913339674,194.9206170200373,1824,18669568,3.560680149705772,1094.9178125,1778,7282688,1.388962111929983,1072.6102733408325,3602,25952256,4.949642261635755,1083.906484175458,0,0,0,0,8182,120369152,22.956934523783133,1146.835267049621,8182,120369152,22.956934523783133,1146.835267049621,
420,5631.986766752889,11352,78606336,14.991336433323795,568.6226918604651,16811,150519808,28.706249348745914,3287.5809800725715,28163,229126144,43.69758578206971,2191.6176775911654,9582,60547072,11.547180196831448,164.30995126278438,7437,30461952,5.8095236858229935,265.46506951727844,17019,91009024,17.356703882654443,208.5129370115753,1770,18059264,3.444156236492346,2757.393697740113,1673,6852608,1.3068889507034918,2404.988796174537,3443,24911872,4.751045187195838,2586.1554170781296,0,0,0,0,7701,113205248,21.589836712219427,6397.833252564602,7701,113205248,21.589836712219427,6397.833252564602,
425,5861.748642356467,11367,78311424,14.936078276027445,654.9211931908155,17943,165367808,31.540053780953816,3764.3098931616787,29310,243679232,46.476132056981264,2558.427213101331,9677,61288448,11.689342499304287,188.87355172057457,7636,31277056,5.965369199003377,298.0763545049764,17313,92565504,17.654711698307665,237.03808715993762,1690,17022976,3.246735776723158,3323.5265343195265,1833,7507968,1.4319698457010464,3973.9144708128747,3523,24530944,4.6787056224242045,3661.920257734885,0,0,0,0,8474,126582784,24.142714736249392,6842.425790063724,8474,126582784,24.142714736249392,6842.425790063724,
430,5722.830427622946,11235,76918784,14.67014637248547,620.9622058744993,17381,154730496,29.510594247138354,703.0080098958632,28616,231649280,44.180740619623826,670.7957996575342,9484,59117568,11.2750531228544,340.99593968789543,7637,31281152,5.966020972718011,465.3169431714024,17121,90398720,17.24107409557241,396.4506154430232,1751,17801216,3.3950932496310693,2137.352878926328,1735,7106560,1.3553812213782572,2729.3266478386167,3486,24907776,4.750474471009326,2431.9812464142283,0,0,0,0,8009,116342784,22.189192053042085,490.69484217755024,8009,116342784,22.189192053042085,490.69484217755024,
435,5751.850670552485,11466,79056896,15.077990512371017,328.60427690563404,17295,156651520,29.87709171263818,880.8167723619543,28761,235708416,44.9550822250092,660.6690559090435,9675,60608512,11.559454205043984,309.89958315245474,7524,30818304,5.877768023163542,737.2462813662945,17199,91426816,17.437222228207524,496.8497870806442,1791,18448384,3.518536307327033,429.6472205471803,1745,7147520,1.3631984583227514,551.1641776504298,3536,25595904,4.881734765649784,489.61528902714934,0,0,0,0,8026,118685696,22.636125231151887,1087.0799360827311,8026,118685696,22.636125231151887,1087.0799360827311,
440,5594.191278145613,11192,77238272,14.730428384950063,703.2712321300929,16782,146046976,27.853219202088322,8995.6051457514,27974,223285248,42.583647587038385,5677.960148209051,9530,60555264,11.54874334428073,270.37894470094443,7381,30232576,5.765778857152061,346.4866863568622,16911,90787840,17.31452220143279,303.5970418662409,1662,16683008,3.1816850406693327,3185.4995709987966,1683,6893568,1.3147006932105296,3340.452103386809,3345,23576576,4.496385733879863,3263.4622352765323,0,0,0,0,7718,108920832,20.77273965172573,18500.239237367194,7718,108920832,20.77273965172573,18500.239237367194,
445,5868.263859799411,11505,81428480,15.530889692677663,463.2785170795306,17837,160587776,30.6289769261127,9120.21773812861,29342,242016256,46.15986661879037,5725.831338490901,9737,62648320,11.948941541725597,187.89504118311595,7605,31150080,5.941268416137507,328.03835318869164,17342,93798400,17.890209957863103,249.35219075077845,1768,18780160,3.581948150952067,1979.9125130090497,1889,7737344,1.4757470135547337,3955.0372985706726,3657,26517504,5.057695164506801,3000.150609789445,0,0,0,0,8343,121700352,23.21196149642046,18304.15038499341,8343,121700352,23.21196149642046,18304.15038499341,
450,5672.545542428284,11158,77070336,14.699858878414796,162.19127818605483,17205,157368320,30.015336846763205,224.94346393490267,28363,234438656,44.715195725178,200.25676335366498,9303,59084800,11.269423061284728,131.95631183489198,7447,30502912,5.817912896872608,216.7885171209883,16750,89587712,17.087335958157336,169.67245707462686,1855,17985536,3.4304358171300686,313.8224867924528,1709,7000064,1.3351434323560207,218.47835225277942,3564,24985600,4.765579249486089,268.10331565656566,0,0,0,0,8049,119865344,22.862280517534575,233.86118847061746,8049,119865344,22.862280517534575,233.86118847061746,
455,5684.866270572267,11143,75087872,14.269830362950819,5477.924247060935,17385,158982144,30.213244365457836,4988.516107909117,28528,234070016,44.48307472840865,5179.678295744532,9362,57929728,11.009066704299226,4974.3226691946165,7540,30883840,5.869218903373836,4774.202676923077,16902,88813568,16.878285607673064,4885.048929889954,1781,17158144,3.2607636586515913,8125.155000561483,1736,7110656,1.3513214875672388,6890.127279953917,3517,24268800,4.61208514621883,7515.542227466591,0,0,0,0,8109,120987648,22.99270397451676,4780.688542853619,8109,120987648,22.99270397451676,4780.688542853619,
460,5730.238771928821,11327,77770752,14.831105882413985,1058.7923462523174,17329,154165248,29.39975579092524,5210.224417796757,28656,231936000,44.23086167333923,3569.26716366555,9576,59777024,11.399650247429804,935.8456546574771,7558,30957568,5.9036971748714855,2434.297850621858,17134,90734592,17.30334742230129,1596.8297621104239,1751,17993728,3.4314556349841805,1731.1724254711594,1794,7348224,1.4013274320877804,2249.9373918617616,3545,25341952,4.832783067071961,1993.7011559943583,0,0,0,0,7977,115859456,22.094731183965976,8506.101053027454,7977,115859456,22.094731183965976,8506.101053027454,
465,5762.747988488577,11306,79790080,15.217556383573454,562.5911531929949,17510,160567296,30.623379250126433,1816.5699183894917,28816,240357376,45.840935633699885,1324.5695047543034,9582,63369216,12.08577078081442,499.9679991651012,7615,31191040,5.948752148917446,1258.0947376231122,17197,94560256,18.034522929731867,835.6739428388672,1724,16420864,3.1317856027590336,910.65093387471,1712,7012352,1.337395099008098,1102.9427873831776,3436,23433216,4.469180701767132,1006.4610774155994,0,0,0,0,8183,122363904,23.337232002200892,2485.581057313944,8183,122363904,23.337232002200892,2485.581057313944,
470,5751.226955797842,11323,78409728,14.953978756492273,363.2327168594896,17436,158560256,30.239955683151667,1166.5844821059877,28759,236969984,45.19393443964394,850.2886429639417,9565,60428288,11.524632951707177,325.43032169367484,7586,31072256,5.925972044441853,757.1523029264434,17151,91500544,17.45060499614903,516.383790857676,1758,17981440,3.429345804785095,568.9095711035268,1777,7278592,1.3881429373811194,788.8384800225098,3535,25260032,4.817488742166215,679.4650650636493,0,0,0,0,8073,120209408,22.925840701328696,1634.4659582559148,8073,120209408,22.925840701328696,1634.4659582559148,
475,5751.4975692791895,11311,77979648,14.87317261771958,764.6731301388029,17447,157880320,30.112744960079905,14973.585436235457,28758,235859968,44.98591757779948,9384.983756902426,9469,59355136,11.320892131703669,500.75278054704825,7669,31412224,5.9912995485498195,1304.9312231060112,17138,90767360,17.312191680253488,860.6106680476134,1842,18624512,3.552280486015912,2121.3841997828445,1715,7024640,1.3398198886116757,2931.5781358600584,3557,25649152,4.892100374627588,2512.017486364914,0,0,0,0,8063,119443456,22.78162552291841,30535.65311335731,8063,119443456,22.78162552291841,30535.65311335731,
480,5742.646747976474,11323,78299136,14.93345638635054,824.4413609467456,17392,160681984,30.645771112164958,3168.166661568537,28715,238981120,45.5792274985155,2243.9806410586802,9560,60370944,11.514135471773416,912.8200333682008,7602,31137792,5.938697188168906,1882.5424309392265,17162,91508736,17.45283265994232,1342.3637733947091,1763,17928192,3.4193209145771246,345.2013675553034,1765,7229440,1.3788214334541067,589.3377365439093,3528,25157632,4.798142348031232,467.3387517006803,0,0,0,0,8025,122314752,23.328252490541946,4953.2069673520255,8025,122314752,23.328252490541946,4953.2069673520255,
485,5753.4594981515975,11235,76050432,14.504106179149927,3574.638908678238,17535,160264192,30.565097348607704,4302.383765554605,28770,236314624,45.06920352775763,4018.191430935002,9585,59854848,11.415333850159847,3598.790116014606,7778,31858688,6.075991698251098,4021.230336718951,17363,91713536,17.491325548410945,3788.0281530265506,1650,16195584,3.08877232899008,3434.3423496969694,1739,7122944,1.358466130529527,3681.9160212765955,3389,23318528,4.447238459519607,3561.3800053113014,0,0,0,0,8018,121282560,23.130639519827078,4709.692917061611,8018,121282560,23.130639519827078,4709.692917061611,
490,5698.937067000752,11340,78925824,15.05321173695945,397.19459268077605,17156,155746304,29.70487950003353,679.668671426906,28496,234672128,44.75809123699298,567.2579452554744,9556,59637760,11.374475213562176,332.72442256174133,7509,30756864,5.866135602928461,577.983286323079,17065,90394624,17.240610816490637,440.64407143275713,1784,19288064,3.678736523397273,742.5292034753363,1703,6975488,1.3304073687291476,923.5616899588961,3487,26263552,5.00914389212642,830.9428325207915,0,0,0,0,7944,118013952,22.508336528375924,723.5012175226586,7944,118013952,22.508336528375924,723.5012175226586,
495,5772.024579291588,11440,79212544,15.106564316021908,3870.2111843531466,17424,157741056,30.082677407017925,4721.37818067034,28864,236953600,45.189241723039835,4384.025407739746,9690,61140992,11.660152311146337,3885.9921626418986,7500,30720000,5.858587950264456,4410.107673066666,17190,91860992,17.51874026141079,4114.6638513089,1750,18071552,3.44641200487557,3782.8296531428573,1849,7573504,1.444337216005197,3949.9901638723636,3599,25645056,4.8907492208807675,3868.7090041678243,0,0,0,0,8075,119447552,22.779752240748273,5187.11505374613,8075,119447552,22.779752240748273,5187.11505374613,
500,5696.488383838885,11244,78159872,14.904903948100625,630.6524399679829,17244,158191616,30.166769488501952,1246.3499151588958,28488,236351488,45.07167343660258,1003.3387381353552,9467,59457536,11.338412415398212,387.8710559839442,7364,30162944,5.752002550771041,896.9102171374253,16831,89620480,17.090414966169252,610.5889208009031,1777,18702336,3.5664915327024134,1924.074703432752,1789,7327744,1.397383563732943,1376.1142962548909,3566,26030080,4.963875096435356,1649.172524957936,0,0,0,0,8091,120700928,23.01738337399797,1535.6992487949574,8091,120700928,23.01738337399797,1535.6992487949574,
505,5730.697254722858,11436,79151104,15.094497194046015,1997.964867173837,17222,156274688,29.802336547528338,2505.0126004529093,28658,235425792,44.896833741574355,2302.674758392072,9649,61476864,11.723934402061511,1910.1705111410508,7452,30523392,5.8209580361224855,2248.9522258454103,17101,92000256,17.544892438183997,2057.799383018537,1787,17674240,3.370562791984504,2472.0150861779516,1759,7204864,1.3740023061647144,2728.9003030130757,3546,24879104,4.744565098149218,2599.443483361534,0,0,0,0,8011,118546432,22.607376205241138,2694.045610410685,8011,118546432,22.607376205241138,2694.045610410685,
510,5771.07547387547,11367,79228928,15.110345388840024,506.76330263042144,17491,158453760,30.21990959868047,1875.2772980389914,28858,237682688,45.33025498752049,1336.227516841084,9612,60792832,11.594258711738801,503.62081044527673,7581,31051776,5.922117995801903,1371.4305191927187,17193,91844608,17.516376707540704,886.2687137788636,1755,18436096,3.5160866771012222,523.9744905982906,1707,6991872,1.3334725522798905,715.6201528998242,3462,25427968,4.8495592293811125,618.4687556325823,0,0,0,0,8203,120410112,22.964319050598675,2582.2378218944286,8203,120410112,22.964319050598675,2582.2378218944286,
515,5783.4921595512915,11304,78258176,14.924735864562484,616.0130442321301,17617,159866880,30.488456023964922,1765.767761764205,28921,238125056,45.41319188852741,1316.3771000656964,9487,59580416,11.36267182486789,541.9280043217034,7683,31469568,6.001609214248591,1361.9723031367955,17170,91049984,17.36428103911648,908.8703658707047,1817,18677760,3.562064039694595,1002.8291001651073,1791,7335936,1.3990475208537323,1173.6926320491345,3608,26013696,4.961111560548328,1087.6452269955655,0,0,0,0,8143,121061376,23.0877992888626,2276.9758013017317,8143,121061376,23.0877992888626,2276.9758013017317,
520,5710.002519040414,11437,78761984,15.02108447977064,648.1547609512984,17116,151728128,28.936815871035613,1579.3029272026174,28553,230490112,43.957900350806256,1206.3284034252092,9638,60256256,11.491766279156788,448.0044356713011,7492,30687232,5.852512607126821,1232.1555393753335,17130,90943488,17.344278886283607,790.9618244016345,1799,18505728,3.5293182006138517,1720.4442745969982,1794,7348224,1.4014158592078907,1739.6498416945374,3593,25853952,4.930734059821742,1730.033694962427,0,0,0,0,7830,113692672,21.682887404700903,1874.7264093231163,7830,113692672,21.682887404700903,1874.7264093231163,
525,5822.005184211635,11440,80637952,15.379425803466793,590.2542853146853,17672,161923072,30.88228073666121,4139.450588105477,29112,242561024,46.261706540128,2744.7403069868096,9670,62156800,11.854664833017148,554.1414645294726,7520,30801920,5.874601617416076,1496.377457712766,17190,92958720,17.729266450433222,966.3354534031414,1770,18481152,3.5247609704496456,787.5486225988701,1809,7409664,1.413185415678947,1231.0249309010503,3579,25890816,4.937946386128592,1011.703034925957,0,0,0,0,8343,123711488,23.59449370356619,7152.425771425146,8343,123711488,23.59449370356619,7152.425771425146,
530,5686.018833178702,11243,76824576,14.652142781886901,651.1358529751845,17189,154419200,29.45115071855066,1241.2062994938624,28432,231243776,44.10329350043756,1007.8719568444008,9548,59252736,11.300804941500102,348.9786590909091,7455,30535680,5.823828345007829,850.5043172367539,17003,89788416,17.12463328650793,568.8736059518908,1695,17571840,3.3513378403867993,2353.198913274336,1733,7098368,1.3538154958951802,3473.6915562608197,3428,24670208,4.705153336281979,2919.655666569428,0,0,0,0,8001,116785152,22.273506877647648,1121.694529433821,8001,116785152,22.273506877647648,1121.694529433821,
535,5732.268733333794,11330,78610432,14.992360508028115,17755.268165489848,17334,155844608,29.722245342301676,30759.580354851736,28664,234455040,44.71460585032979,25619.37462273235,9570,60481536,11.534868448392203,18516.71511954023,7512,30769152,5.86820613465544,21987.010977768903,17082,91250688,17.403074583047644,20042.816424247747,1760,18128896,3.457492059635913,13614.90035284091,1771,7254016,1.383465530414641,14397.969271597967,3531,25382912,4.840957590050554,14007.65454573775,0,0,0,0,8051,117821440,22.470573677231595,42543.949301453235,8051,117821440,22.470573677231595,42543.949301453235,
540,5759.03614678525,11433,79093760,15.083936832987796,210.65519443715561,17366,158420992,30.212399010329825,281.93594351030754,28799,237514752,45.29633584331762,253.63798857599224,9650,61460480,11.72110161465468,184.47711222797926,7542,30892032,5.8914060898184335,270.44560965261206,17192,92352512,17.612507704473114,222.19083998371335,1783,17633280,3.362835218333115,352.33690689848567,1751,7172096,1.367787332706454,286.28908966304965,3534,24805376,4.730622551039569,319.6120263157895,0,0,0,0,8073,120356864,22.953205587804938,291.7263236714976,8073,120356864,22.953205587804938,291.7263236714976,
545,5719.263280312869,11328,77340672,14.75017828131933,325.9187929908192,17271,157122560,29.96593787053329,572.7693816223727,28599,234463232,44.71611615185262,474.992415014511,9460,58961920,11.245038468360967,251.0729857293869,7478,30629888,5.841639296033574,508.2164212356245,16938,89591808,17.08667776439454,364.5998844609753,1868,18378752,3.5051398129583644,704.9559111349037,1705,6983680,1.3319062583227126,828.496864516129,3573,25362432,4.837046071281077,763.9084231738035,0,0,0,0,8088,119508992,22.792392316177,578.5448118199803,8088,119508992,22.792392316177,578.5448118199803,
550,5776.361442882118,11403,78569472,14.984281038677729,200.76746601771464,17482,159391744,30.39820208211371,514.761133851962,28885,237961216,45.382483120791434,390.8051084299809,9678,60792832,11.59403081931263,184.5100183922298,7581,31051776,5.922001592858715,397.1471168711252,17259,91844608,17.516032412171345,277.9106698534098,1725,17776640,3.3902502193651,291.97881565217386,1807,7401472,1.411562706542105,351.1147758716104,3532,25178112,4.801812925907205,322.2332550962627,0,0,0,0,8094,120938496,23.06463778271289,661.4550838893007,8094,120938496,23.06463778271289,661.4550838893007,
555,5806.611409390679,11422,81178624,15.483090880884516,663.348277184381,17612,160374784,30.588069042340802,1860.7116173631614,29034,241553408,46.071159923225316,1389.6678730798376,9681,63791104,12.166792339618318,516.2384404503667,7613,31182848,5.947463084725456,1226.2721255746749,17294,94973952,18.114255424343774,828.8027081068578,1741,17387520,3.3162985412661974,1481.3668466398622,1828,7487488,1.4280786180057972,1455.8535765864333,3569,24875008,4.744377159271995,1468.2992485289997,0,0,0,0,8171,121704448,23.212527339609547,2542.3990912984946,8171,121704448,23.212527339609547,2542.3990912984946,
560,5743.5941346640675,11151,76853248,14.657557988322312,1391.6983049053897,17569,157822976,30.100216748283696,3137.698785702089,28720,234676224,44.75777473660601,2459.786133844011,9383,59686912,11.38357059136773,1217.8780545667696,7652,31342592,5.977702591624065,1395.8412841087297,17035,91029504,17.361273182991795,1297.8178627531552,1768,17166336,3.273987396954581,2314.184395927602,1817,7442432,1.4194309473315376,2710.3161205283436,3585,24608768,4.693418344286119,2514.9574345885635,0,0,0,0,8100,119037952,22.703083209328096,4879.087415925926,8100,119037952,22.703083209328096,4879.087415925926,
565,5782.4392049360495,11447,80068608,15.269337886517055,565.4635548178562,17470,161460224,30.790977601218323,1365.9397232398399,28917,241528832,46.06031548773538,1049.0655419649343,9668,61722624,11.770700461015219,537.3225620604055,7557,30953472,5.902925435257284,1200.9521214767765,17225,92676096,17.673625896272505,828.4719716690856,1779,18345984,3.498637425501836,718.3961675098369,1771,7254016,1.3833638938521438,988.5204246188595,3550,25600000,4.8820013193539795,853.1539307042253,0,0,0,0,8142,123252736,23.504688272108897,1601.1670487595186,8142,123252736,23.504688272108897,1601.1670487595186,
570,5770.281899640359,11317,79798272,15.220000992239692,1096.0633410797916,17535,159494144,30.420471134217294,2858.8174809238662,28852,239292416,45.640472126456984,2167.3892055663387,9501,61472768,11.72476002933648,1168.6190568361224,7616,31195136,5.949878223842393,2498.1204544380253,17117,92667904,17.67463825317887,1760.1644587252438,1816,18325504,3.495240962903212,716.4643017621145,1772,7258112,1.3843466665767752,815.7113064334085,3588,25583616,4.879587629479987,765.4792661649944,0,0,0,0,8147,121040896,23.086246243798126,3640.3877147416224,8147,121040896,23.086246243798126,3640.3877147416224,
575,5693.290134713812,11120,76222464,14.537490026752808,849.4734727517986,17348,157609984,30.060082687915592,3366.1774555568363,28468,233832448,44.5975727146684,2383.117588731207,9463,58253312,11.110332804582644,900.9207330656241,7584,31064064,5.924677541130276,2547.4245348101267,17047,89317376,17.03501034571292,1633.429962398076,1657,17969152,3.4271572221701634,555.6621122510561,1732,7094272,1.3530513582855535,1054.2799780600462,3389,25063424,4.780208580455716,810.4883570374742,0,0,0,0,8032,119451648,22.782353788499766,4637.7945598854585,8032,119451648,22.782353788499766,4637.7945598854585,
580,5733.987204527159,11382,77209600,14.725502396356983,1134.8377602354597,17290,156086272,29.768950653473503,3194.674026951995,28672,233295872,44.49445304983048,2376.9753527134485,9606,59314176,11.312466854198698,1041.19484155736,7619,31207424,5.9519152656681085,2240.8564454652837,17225,90521600,17.264382119866806,1571.831808766328,1776,17895424,3.4130355421582843,1641.3320602477477,1745,7147520,1.3631831130845058,1220.9839048710603,3521,25042944,4.77621865524279,1433.0084217551832,0,0,0,0,7926,117731328,22.453852274720887,4546.07768786273,7926,117731328,22.453852274720887,4546.07768786273,
585,5744.228971059993,11420,80801792,15.410723346721879,280.01706733800347,17303,156479488,29.84416606756303,326.6603849043518,28723,237281280,45.25488941428491,308.1154318490409,9615,61235200,11.678933139022257,155.24248621944878,7550,30924800,5.898056535091508,285.8717762913907,17165,92160000,17.576989674113765,212.69958729973786,1805,19566592,3.7317902076996203,944.6750160664819,1827,7483392,1.4272515615380377,562.6913267651888,3632,27049984,5.159041769237658,752.5262824889867,0,0,0,0,7926,118071296,22.518857970933485,311.107200984103,7926,118071296,22.518857970933485,311.107200984103,
590,5399.941041144227,11190,78135296,14.063329429750203,4614.5624764968725,17422,154681344,27.84061504430104,35811.47979939158,28612,232816640,41.903944474051244,23610.532475080385,9405,60055552,10.809212418693514,3317.878823604466,7593,31100928,5.597759507239111,4307.11398393257,16998,91156480,16.406971925932623,3759.769785621838,1785,18079744,3.254117011056689,11446.66878207283,1747,7155712,1.287934394724974,11986.42796279336,3532,25235456,4.542051405781662,11713.64479813137,0,0,0,0,8082,116424704,20.954921142336953,70559.68756916605,8082,116424704,20.954921142336953,70559.68756916605,
595,6147.352237115435,12095,84873216,16.187628823807884,6531.5206886316655,18643,167194624,31.88855851353767,13363.720467253124,30738,252067840,48.07618733734555,10675.339430021473,10238,65597440,12.511214498010872,6788.389749951162,8191,33550336,6.398960846282051,9060.274052984983,18429,99147776,18.910175344292924,7798.157199413968,1857,19275776,3.676414325797013,5115.351894991923,1966,8052736,1.5358755980698953,5559.6500422177005,3823,27328512,5.2122899238669085,5343.834803034267,0,0,0,0,8486,125591552,23.953722069185723,19325.579061984445,8486,125591552,23.953722069185723,19325.579061984445,
