5,4997.484601083883,9981,70492160,13.443388054801856,142.18626530407775,15010,134373376,25.62601908924054,226.38563284477016,24991,204865536,39.069407144042394,192.75777131767438,8360,53280768,10.161045428057092,136.7370380382775,6439,26374144,5.029748732415407,218.61922767510484,14799,79654912,15.190794160472498,172.3637303196162,1621,17211392,3.282342626744765,170.28962122146822,1510,6184960,1.1795186497821502,226.46690993377484,3131,23396352,4.461861276526915,197.38246885978918,0,0,0,0,7061,101814272,19.416751707042984,233.45051805693245,7061,101814272,19.416751707042984,233.45051805693245,
10,5050.6555674128695,9998,67993600,12.968379145855241,140.1997699539908,15256,136404992,26.01644351296815,231.03675911116937,25254,204398592,38.98482265882339,195.07460588421634,8461,52756480,10.062212252928646,132.6953766694244,6695,27422720,5.230319179608484,222.0204585511576,15156,80179200,15.29253143253713,172.1537709158089,1537,15237120,2.9061668929265965,181.51055172413794,1528,6258688,1.1937158635461933,229.34421269633506,3065,21495808,4.099882756472789,205.35715334420883,0,0,0,0,7033,102723584,19.59240846981347,239.9874690743637,7033,102723584,19.59240846981347,239.9874690743637,
15,4981.5999336872455,9732,66732032,12.727102901638494,137.08413830661735,15178,137482240,26.22055050905328,222.6261261694558,24910,204214272,38.94765341069177,189.20602878362104,8233,51073024,9.740623992175937,131.5184344710312,6579,26947584,5.139431008463028,213.94241997264024,14812,78020608,14.880055000638965,168.12843991358358,1499,15659008,2.986478909462556,167.65281054036026,1601,6557696,1.2506808093250201,216.45979075577765,3100,22216704,4.237159718787576,192.85925419354837,0,0,0,0,6998,103976960,19.830438691265233,232.20063403829664,6998,103976960,19.830438691265233,232.20063403829664,
20,5021.050627263674,9978,70184960,13.38578734549924,437.3471269793546,15129,137932800,26.306763283319924,524.3515565470288,25107,208117760,39.69255062881916,489.77433910861515,8413,54685696,10.429743031792258,128.53189302270297,6468,26492928,5.052773419941003,210.4356587816945,14881,81178624,15.482516451733261,164.13121813050196,1565,15499264,2.956044313706981,2097.451001277955,1575,6451200,1.2303831379726469,3165.024026666667,3140,21950464,4.186427451679628,2632.937471019108,0,0,0,0,7086,104988672,20.023606725406275,223.94919785492522,7086,104988672,20.023606725406275,223.94919785492522,
25,5043.684780797307,9924,68210688,13.009343194670889,242.64100715437326,15296,141025280,26.896756511890874,270.7792964827406,25220,209235968,39.90609970656176,259.70695773195877,8375,51978240,9.91344293162635,163.26475510447762,6606,27058176,5.160614972917546,249.7997540115047,14981,79036416,15.074057904543894,201.42310252987116,1549,16232448,3.0959002630445407,671.8057010974823,1611,6598656,1.2585150955752598,358.68137740533825,3160,22831104,4.3544153586198,512.17175,0,0,0,0,7079,107368448,20.477626443398066,270.35276804633423,7079,107368448,20.477626443398066,270.35276804633423,
30,4958.279092364332,9873,69763072,13.305925535005828,138.2622227286539,14919,131739648,25.12673103466372,214.3861421677056,24792,201502720,38.43265656966955,184.0710624394966,8319,52871168,10.084129098511932,135.26480009616543,6417,26284032,5.013159004117685,206.29359342371825,14736,79155200,15.097288102629618,166.19529458469057,1554,16891904,3.221796436493896,154.3082709137709,1589,6508544,1.241375979046751,213.94232913782253,3143,23400448,4.4631724155406465,184.45733821189944,0,0,0,0,6913,98947072,18.872196051499284,222.0000730507739,6913,98947072,18.872196051499284,222.0000730507739,
35,4995.7103629681,9767,67031040,12.78492685261447,146.3988725299478,15212,141496320,26.987797013355753,233.72212588745728,24979,208527360,39.77272386597022,199.57799619680532,8236,51081216,9.742793936996948,135.4305058280719,6514,26681344,5.088971189607739,223.9954809640774,14750,77762560,14.831765126604688,174.5432006101695,1531,15949824,3.042132915617522,205.40309732201175,1552,6356992,1.2124782447453504,228.80451481958764,3083,22306816,4.254611160362872,217.18350600064872,0,0,0,0,7146,108457984,20.68634757900266,243.65656437167647,7146,108457984,20.68634757900266,243.65656437167647,
40,4986.67189169641,9777,67981312,12.962953805772184,146.0930420374348,15163,137912320,26.297683595851623,214.50336002110402,24940,205893632,39.26063740162381,187.6850890136327,8255,52359168,9.984059679411088,126.2765045427014,6623,27127808,5.17284105896422,203.61095681715236,14878,79486976,15.156900738375308,160.7022390106197,1522,15622144,2.9788941263610957,253.57367082785808,1561,6393856,1.219206536772331,211.49584945547727,3083,22016000,4.198100663133427,232.26861758027894,0,0,0,0,6979,104390656,19.905636000115074,225.51283278406646,6979,104390656,19.905636000115074,225.51283278406646,
45,5038.86076441569,9860,69001216,13.15848477949068,147.3807045638945,15339,139767808,26.653625556842005,238.93660753634526,25199,208769024,39.81211033633269,203.1121223064407,8362,52617216,10.034067165934777,140.8114201148051,6611,27078656,5.163881210804516,228.69561927091212,14973,79695872,15.197948376739294,179.61476217190943,1498,16384000,3.1244176135559014,184.05116955941256,1537,6295552,1.200557468008855,230.75276447625242,3035,22679552,4.324975081564756,207.7020266886326,0,0,0,0,7191,106393600,20.289186878028634,250.1008044778195,7191,106393600,20.289186878028634,250.1008044778195,
50,4552.474018968705,9324,64471040,12.231516332810216,736.3157625482626,13560,121536512,23.058040192321773,5292.567154424779,22884,186007552,35.28955652513199,3436.139607760881,7888,49696768,9.428525264675118,147.3197295892495,5985,24514560,4.6509291773741515,322.17424076858816,13873,74211328,14.079454442049268,222.75433273264613,1436,14774272,2.8029910681350985,3971.6923001392756,1420,5816320,1.1034786018164235,1838.4026570422536,2856,20590592,3.906469669951522,2911.0230798319326,0,0,0,0,6155,91205632,17.3036324131312,10922.577743298132,6155,91205632,17.3036324131312,10922.577743298132,
55,5427.366048568947,10683,73011200,13.925694136427762,1402.74698989048,16454,153219072,29.2240359361208,17192.61919849277,27137,226230272,43.14973007254856,10976.633466669124,9023,57577472,10.981962551235066,211.89659714064058,6945,28446720,5.4257473086951356,387.46783326133914,15968,86024192,16.4077098599302,288.25821004509015,1660,15433728,2.9437315851926957,7875.66451626506,1661,6803456,1.2976481324323428,6512.0248470800725,3321,22237184,4.241379717625039,7193.639376091539,0,0,0,0,7848,117968896,22.50064049499332,34324.65837398064,7848,117968896,22.50064049499332,34324.65837398064,
60,4993.434003273429,9889,67674112,12.907383419852973,234.48914258266763,15079,136269824,25.990542246404104,273.63622382120826,24968,203943936,38.89792566625707,258.13135813841717,8348,51593216,9.840297878977609,153.66094226161954,6540,26787840,5.109205154693043,241.5452623853211,14888,78381056,14.949503033670652,192.26676262761956,1541,16080896,3.0670855408753646,672.3566417910447,1570,6430720,1.226521726738238,481.52173184713376,3111,22511616,4.293607267613603,576.0497280617166,0,0,0,0,6969,103051264,19.654815364972823,256.9185656478691,6969,103051264,19.654815364972823,256.9185656478691,
65,4959.008686403888,9884,67809280,12.933094804135552,158.62748502630512,14912,135389184,25.82244129603724,256.5833493830472,24796,203198464,38.7555361001728,217.53689982255202,8390,53030912,10.114453544496708,153.4101073897497,6471,26505216,5.055273722595056,246.05993184979138,14861,79536128,15.169727267091764,193.75308660251665,1494,14778368,2.8186412596388446,187.92721619812582,1481,6066176,1.156986614613395,230.0456542876435,2975,20844544,3.9756278742522393,208.89441176470586,0,0,0,0,6960,102817792,19.610180958828792,272.0142920977012,6960,102817792,19.610180958828792,272.0142920977012,
70,5001.736350474188,9803,68243456,13.015720170564656,151.82626043048046,15207,135872512,25.91425901794435,247.85556513447753,25010,204115968,38.929979188509,210.2156101559376,8284,53321728,10.169776434812478,142.3799681313375,6637,27185152,5.184882946524076,241.25291095374416,14921,80506880,15.354659381336553,186.3595754976208,1519,14921728,2.8459437357521784,203.3424456879526,1612,6602752,1.259308619827755,227.30934677419356,3131,21524480,4.105252355579934,215.6818403066113,0,0,0,0,6958,102084608,19.470067451592517,258.91367375682665,6958,102084608,19.470067451592517,258.91367375682665,
75,5003.03311132119,9833,67584000,12.88916454165495,263.0018506051053,15185,136953856,26.11891549180454,254.75893928218636,25018,204537856,39.00808003345949,257.9987085298585,8216,51945472,9.906689982864732,146.99907753164558,6557,26857472,5.12207587270494,223.47752447765745,14773,78802944,15.028765855569672,180.94405665741556,1617,15638528,2.982474558790218,852.4135905998763,1523,6238208,1.1897089452691205,442.50311162179906,3140,21876736,4.172183504059339,653.5939538216561,0,0,0,0,7105,103858176,19.80713067383048,243.38355045742435,7105,103858176,19.80713067383048,243.38355045742435,
80,4981.1084616990665,9720,66924544,12.764096682738076,339.8595994855967,15187,136630272,26.058631069593854,323.8275920194904,24907,203554816,38.82272775233193,330.0841107720721,8195,52211712,9.95801091957049,149.20166992068334,6688,27394048,5.224694204917819,236.51066282894735,14883,79605760,15.18270512448831,188.43586629039845,1525,14712832,2.8060857631675846,1364.4115554098362,1485,6082560,1.1600883514208973,1035.5189252525252,3010,20795392,3.966174114588482,1202.150573421927,0,0,0,0,7014,103153664,19.673848513255138,256.4072887082977,7014,103153664,19.673848513255138,256.4072887082977,
85,5041.741189274487,9888,68808704,13.123545071186735,152.0068488066343,15322,139829248,26.66894348712261,229.0742678501501,25210,208637952,39.792488558309344,198.84647572391907,8346,53514240,10.206507313236186,138.29796705008388,6647,27226112,5.192702189902865,221.4064057469535,14993,80740352,15.399209503139051,175.14328099779897,1542,15294464,2.9170377579505486,226.205504539559,1570,6430720,1.2264995393632463,226.97164331210192,3112,21725184,4.143537297313795,226.5920205655527,0,0,0,0,7105,106172416,20.2497417578565,236.7124662913441,7105,106172416,20.2497417578565,236.7124662913441,
90,5045.942659951908,10031,69173248,13.193077160980637,1105.9008180640017,15200,136904704,26.11116834608105,1042.89550125,25231,206077952,39.30424550706169,1067.944303634418,8511,53665792,10.235415499950753,877.6127028551286,6599,27029504,5.155205837595406,932.9007338990757,15110,80695296,15.390621337546158,901.758680145599,1520,15507456,2.9576616610298845,2384.1640736842105,1630,6676480,1.2733725587635267,1554.329845398773,3150,22183936,4.231034219793411,1954.7577904761904,0,0,0,0,6971,103198720,19.682589949722118,1027.4339446277436,6971,103198720,19.682589949722118,1027.4339446277436,
95,5015.7559272976705,9903,66764800,12.733755360183668,154.11560173684742,15177,138833920,26.47918024131444,235.7988499044607,25080,205598720,39.21293560149811,203.5456917464115,8370,51945472,9.907330397414066,141.25588004778973,6625,27136000,5.175529402528638,225.55603849056604,14995,79081472,15.082859799942703,178.50086502167392,1533,14819328,2.8264249627696016,224.32817221135028,1560,6389760,1.218690697048253,244.35692435897437,3093,21209088,4.045115659817855,234.42996766892983,0,0,0,0,6992,105308160,20.08496014173755,243.59462070938216,6992,105308160,20.08496014173755,243.59462070938216,
100,4992.107972666237,9815,68046848,12.978147056949092,147.78066255731025,15147,136839168,26.098473296728784,237.46513685878392,24962,204886016,39.076620353677875,202.20141138530568,8347,53350400,10.175186024003006,141.898075476219,6531,26750976,5.102045291574943,229.35447588424438,14878,80101376,15.277231315577948,180.28883707487566,1468,14696448,2.802961032946087,181.22886035422343,1557,6377472,1.2163350970727587,234.11128580603724,3025,21073920,4.019296130018846,208.448012892562,0,0,0,0,7059,103710720,19.780092908081084,245.7088927610143,7059,103710720,19.780092908081084,245.7088927610143,
105,5010.607130708203,9804,68222976,13.01199913952672,165.9371251529988,15250,137912320,26.30367501368064,232.5374533114754,25054,206135296,39.31567415320736,206.47576187435138,8287,52305920,9.976178494942136,140.88403837335588,6614,27090944,5.166988611240979,224.6560624433021,14901,79396864,15.143167106183116,178.06732588416884,1517,15917056,3.0358206445845846,302.7960112063283,1545,6328320,1.206984790500047,226.76082006472492,3062,22245376,4.242805435084631,264.43076943174395,0,0,0,0,7091,104493056,19.929701611939613,241.1472992525737,7091,104493056,19.929701611939613,241.1472992525737,
110,5051.997757917716,9938,68452352,13.055210538914807,226.19527430066412,15324,139743232,26.65178422427935,266.40443252414514,25262,208195584,39.70699476319415,250.58626237035864,8381,52621312,10.035919686060227,146.7165420594201,6626,27140096,5.1761503728368545,234.30098868095382,15007,79761408,15.212070058897082,185.38746518291464,1557,15831040,3.019290852854579,654.0123937058445,1517,6213632,1.1850618948979035,467.207216875412,3074,22044672,4.204352747752483,561.825193558881,0,0,0,0,7181,106389504,20.29057195654459,253.60671563849044,7181,106389504,20.29057195654459,253.60671563849044,
115,4997.297251738976,9805,65994752,12.586737465236185,282.0816412034676,15183,136892416,26.108574529894398,268.7894130935915,24988,202887168,38.69531199513058,274.0051285016808,8331,50634752,9.657227441984219,137.78447293242107,6595,27013120,5.1520316275591265,225.4886347232752,14926,77647872,14.809259069543344,176.53624480771808,1474,15360000,2.929510023251967,1097.644537313433,1604,6569984,1.2530490872789748,566.2092094763093,3078,21929984,4.182559110530942,820.7042300194931,0,0,0,0,6984,103309312,19.703493815056298,241.37063874570447,6984,103309312,19.703493815056298,241.37063874570447,
120,4969.85044358111,9904,68620288,13.087360745247038,199.7100510904685,14947,135680000,25.87708617479306,239.06666816083495,24851,204300288,38.964446920040096,223.38166814212707,8311,52989952,10.106320417910878,135.2024160750812,6429,26333184,5.02230300430927,219.8108161455903,14740,79323136,15.128623422220148,172.1052250339213,1593,15630336,2.9810403273361605,536.2593006905211,1549,6344704,1.2100711391623984,341.98357069076826,3142,21975040,4.191111466498559,440.4817367918523,0,0,0,0,6969,103002112,19.64471203132139,233.95511565504378,6969,103002112,19.64471203132139,233.95511565504378,
125,5062.386844434943,10046,69128192,13.184080260294532,300.4818205255823,15268,138506240,26.41581288154646,547.4118154964632,25314,207634432,39.599893141840994,449.4162901161413,8448,53215232,10.149171697680071,272.58752509469696,6626,27140096,5.1761400607164525,506.9547106851796,15074,80355328,15.325311758396523,375.60709333952497,1598,15912960,3.034908562614461,447.94803316645806,1545,6328320,1.2069327488389556,457.23033398058254,3143,22241280,4.241841311453417,452.51092045816097,0,0,0,0,7097,105037824,20.032740071991054,604.8162350288854,7097,105037824,20.032740071991054,604.8162350288854,
130,4971.5810296964955,9801,65880064,12.565071578961346,147.8007625752474,15058,136716288,26.075414024034558,221.8289445477487,24859,202596352,38.6404856029959,192.64232354479262,8291,51523584,9.826910929604251,133.72133578579184,6427,26324992,5.020872608678474,212.44056215963903,14718,77848576,14.847783538282725,168.0961467590705,1510,14356480,2.7381606493570954,225.10707218543047,1530,6266880,1.1952598554968206,225.2882411764706,3040,20623360,3.933420504853916,225.19825263157895,0,0,0,0,7101,104124416,19.859281559859262,229.5808681875792,7101,104124416,19.859281559859262,229.5808681875792,
135,5013.575772275169,9792,68890624,13.138732005680353,167.42829421977126,15278,137625600,26.24777902317973,356.6846619976437,25070,206516224,39.386511028860085,282.7637065416833,8222,52883456,10.08586532643671,159.75492021405984,6609,27070464,5.162844391791513,325.22255454683005,14831,79953920,15.248709718228225,233.4907165396804,1570,16007168,3.0528666792436425,207.61331401273884,1578,6463488,1.2327081934100481,335.7171273764258,3148,22470656,4.28557487265369,271.8279955527319,0,0,0,0,7091,104091648,19.85222643797817,390.67420335636723,7091,104091648,19.85222643797817,390.67420335636723,
140,5040.659238329775,10028,69177344,13.19363932567812,134.81974930195452,15177,137539584,26.231820410737498,209.20854062067602,25205,206716928,39.42545973641562,179.6123970243999,8497,54009856,10.300866134667045,122.29084359185596,6617,27103232,5.169181799870456,201.44831298171377,15114,81113088,15.470047934537499,156.94645924308588,1531,15167488,2.892773191011077,204.3547668190725,1590,6512640,1.2421035305718642,203.5163396226415,3121,21680128,4.134876721582941,203.92762832425507,0,0,0,0,6970,103923712,19.82053508029518,217.87425451936872,6970,103923712,19.82053508029518,217.87425451936872,
145,5014.832693145759,9964,68464640,13.058158098506254,265.2354785226816,15111,136871936,26.105379061901587,624.1760622725167,25075,205336576,39.16353716040784,481.54459760717845,8478,53268480,10.159817294111507,256.00222127860343,6622,27123712,5.1732649074668515,552.5762524916944,15100,80392192,15.333082201578359,386.062700397351,1486,15196160,2.8983408043947474,317.91351009421265,1511,6189056,1.1804293680432516,511.3107988087359,2997,21385216,4.078770172437999,415.4187831164498,0,0,0,0,6978,103559168,19.751684786391483,716.5626133562625,6978,103559168,19.751684786391483,716.5626133562625,
150,4987.833131904782,9913,67796992,12.930298942893973,163.20989871885402,15028,136626176,26.057458406184836,217.75483823529413,24941,204423168,38.987757349078805,196.0755156168558,8361,52572160,10.026606267039883,131.19843451740223,6556,26853376,5.121498300484104,210.116716290421,14917,79425536,15.148104567523987,165.88290561104782,1552,15224832,2.90369267585409,335.6634117268041,1578,6463488,1.232721830104319,214.94949619771864,3130,21688320,4.136414505958409,274.8050862619808,0,0,0,0,6894,103309312,19.703238275596412,225.66060516391065,6894,103309312,19.703238275596412,225.66060516391065,
155,4990.247796294933,9789,66580480,12.698322522713662,435.14746194708346,15164,136925184,26.114563125917872,1095.3842535610659,24953,203505664,38.812885648631536,836.3749980363082,8228,50978816,9.722751283770792,354.1753422459893,6561,26873856,5.125419506091931,889.3757556774882,14789,77852672,14.848170789862724,591.6119446210021,1561,15601664,2.975571238942869,861.9498968609867,1596,6537216,1.2467870037681332,828.8089254385965,3157,22138880,4.222358242711002,845.1957028824834,0,0,0,0,7007,103514112,19.74235661605781,1348.9986360782075,7007,103514112,19.74235661605781,1348.9986360782075,
160,4972.83758612987,9760,69603328,13.275347674489883,248.9596295081967,15105,135471104,25.838218618612274,369.77232446209865,24865,205074432,39.11356629310215,322.35097305449426,8212,53125120,10.13248157112539,191.0191917924988,6513,26677248,5.088115071144154,336.66375802241674,14725,79802368,15.220596642269545,255.43909398981324,1548,16478208,3.142866103364491,556.3284114987081,1554,6365184,1.214022849770922,437.64309781209784,3102,22843392,4.356888953135413,496.87097195357836,0,0,0,0,7038,102428672,19.536080697697198,385.4251962205172,7038,102428672,19.536080697697198,385.4251962205172,
165,4979.544906444183,9864,68653056,13.093334616106763,1731.3351879562044,15036,137105408,26.148391480516775,1847.034781125299,24900,205758464,39.24172609662354,1801.2010145783133,8370,52850688,10.07954755394222,1711.0749837514936,6435,26357760,5.0268843299711845,1664.0044831390833,14805,79208448,15.106431883913405,1690.6157691995945,1494,15802368,3.013787062164542,1844.8411512717537,1605,6574080,1.2537916627200856,2137.290062305296,3099,22376448,4.267578724884627,1996.3030751855435,0,0,0,0,6996,104173568,19.867715487825507,1948.7986806746712,6996,104173568,19.867715487825507,1948.7986806746712,
170,5072.86724915153,10018,69758976,13.305120570960803,755.0654177480535,15347,136712192,26.07509889595201,741.3827202710628,25365,206471168,39.38021946691281,746.7867519416519,8488,53456896,10.19582693744404,568.4087223138548,6748,27639808,5.271737044967618,663.870620035566,15236,81096704,15.467563982411656,610.6886439354162,1530,16302080,3.109293633516763,1790.5830849673202,1471,6025216,1.1491886771113464,722.1246770904147,3001,22327296,4.25848231062811,1266.8568877040987,0,0,0,0,7128,103047168,19.654173173873048,818.7368496071829,7128,103047168,19.654173173873048,818.7368496071829,
175,4962.934949496087,9929,68947968,13.15007895688323,1136.6385350992043,14887,130142208,24.821330642015734,1235.6387505877613,24816,199090176,37.971409598898965,1196.028292029336,8382,52961280,10.101023044763272,1116.5403297542352,6444,26394624,5.034106148527032,1296.6632985723154,14826,79355904,15.135129193290304,1194.8293093214625,1547,15986688,3.0490559121199574,1245.5352107304461,1551,6352896,1.2116540404043181,1283.0448858800773,3098,22339584,4.260709952524276,1264.314263718528,0,0,0,0,6892,97394688,18.57557045308438,1167.9125313406848,6892,97394688,18.57557045308438,1167.9125313406848,
180,4999.680022278387,9789,69447680,13.244716270369507,142.20219991827562,15212,138735616,26.458966959226515,220.8597637391533,25001,208183296,39.70368322959602,190.06183996640135,8245,53669888,10.23565421944274,138.97126998180715,6553,26841088,5.118998862856466,213.3371742713261,14798,80510976,15.354653082299205,171.90273172050277,1544,15777792,3.0090620509267674,159.4554494818653,1578,6463488,1.23268429812109,214.4349854245881,3122,22241280,4.241746349047857,187.2445935297886,0,0,0,0,7081,105431040,20.107283798248957,229.25318683801723,7081,105431040,20.107283798248957,229.25318683801723,
185,4997.204592309945,9866,69447680,13.245575802951148,292.5444915872694,15121,135258112,25.79742873282529,429.56678526552474,24987,204705792,39.04300453577644,375.46417393044385,8322,53706752,10.24334945020911,154.0468692621966,6696,27426816,5.231045448337416,302.41291965352445,15018,81133568,15.474394898546525,220.19809268877347,1544,15740928,3.002226352742038,1039.0323238341969,1566,6414336,1.2233896613047182,1442.4792107279695,3110,22155264,4.225616014046756,1242.1827498392283,0,0,0,0,6859,101416960,19.342993623183155,322.437674004957,6859,101416960,19.342993623183155,322.437674004957,
190,5042.75003843972,9827,68763648,13.114454805066417,176.6135610053933,15389,135495680,25.84144418344038,428.496426473455,25216,204259328,38.955898988506796,330.33442937024114,8264,52207616,9.956924049641206,171.24763746369797,6690,27402240,5.226096178573644,398.0806668161435,14954,79609856,15.183020228214849,272.72637000133744,1563,16556032,3.157530755425212,204.98463723608444,1578,6463488,1.232702506694949,371.04397591888466,3141,23019520,4.390233262120161,288.41081884750076,0,0,0,0,7121,101629952,19.382645498171787,469.8026192950428,7121,101629952,19.382645498171787,469.8026192950428,
195,5009.370485553954,9833,68956160,13.151216135795842,175.49988274178784,15216,136437760,26.02120638451794,396.7267273264984,25049,205393920,39.17242252031378,309.8839965667292,8257,52731904,10.056950194964994,170.46746505994915,6616,27099136,5.1683068579997204,348.3388107617896,14873,79831040,15.225257052964714,249.59049492368723,1576,16224256,3.0942659408308484,201.8657918781726,1530,6266880,1.1952100200634177,312.51932614379086,3106,22491136,4.289475960894266,256.3731670959433,0,0,0,0,7070,103071744,19.6576895064548,460.2305151343706,7070,103071744,19.6576895064548,460.2305151343706,
200,4988.454246245429,9831,68317184,13.029565660380426,335.04803488963483,15113,135737344,25.888049428583663,343.92480539932507,24944,204054528,38.91761508896409,340.4262674390635,8326,53342208,10.173513615632489,129.40030302666347,6556,26853376,5.121520023349966,212.61289719341062,14882,80195584,15.295033638982455,166.05812908211263,1505,14974976,2.856052044747937,1472.7377461794022,1498,6135808,1.1702313903261514,1474.5692883845127,3003,21110784,4.026283435074088,1473.6513826173825,0,0,0,0,7059,102748160,19.59629801490755,225.94427482646267,7059,102748160,19.59629801490755,225.94427482646267,
205,4989.285479937241,9851,66719744,12.723449082498215,143.7462410922749,15100,135524352,25.8444815392362,225.50700317880793,24951,202244096,38.56793062173441,193.2267231373492,8315,50589696,9.647450403212932,138.7108149128082,6519,26701824,5.092035396206389,217.88720892774967,14834,77291520,14.73948579941932,173.50594182283945,1536,16130048,3.0759986792852825,171.00507486979166,1573,6443008,1.2286810366977525,222.47362364907818,3109,22573056,4.304679715983035,197.04561112898037,0,0,0,0,7008,102379520,19.523765106332057,233.27597360159817,7008,102379520,19.523765106332057,233.27597360159817,
210,4984.891811896028,9899,68669440,13.097371995116115,353.28446378422063,15026,136544256,26.043184779552092,268.41184586716355,24925,205213696,39.140556774668205,302.1191295085256,8418,53567488,10.216965759148735,129.8451488477073,6576,26935296,5.137388502229858,201.22875212895377,14994,80502784,15.354354261378594,161.15224336401226,1481,15101952,2.8804062359673797,1623.3129264010804,1533,6279168,1.1976302575909934,771.9262093933463,3014,21381120,4.078036493558373,1190.2751569343066,0,0,0,0,6917,103329792,19.70816601973124,220.69007416510047,6917,103329792,19.70816601973124,220.69007416510047,
215,4988.789572855817,9826,68272128,13.021325760479423,130.15566751475677,15119,138563584,26.427791525753445,218.15313168860376,24945,206835712,39.44911728623287,183.49035025055122,8300,53067776,10.1214480773201,124.44218192771085,6524,26722304,5.0966600228802355,212.1032420294298,14824,79790080,15.218108100200334,163.02156374797627,1526,15204352,2.8998776831593243,161.2316376146789,1493,6115328,1.166357053059502,213.2498586738111,3019,21319680,4.066234736218826,186.95644849287845,0,0,0,0,7102,105725952,20.164774449813706,224.74142607716135,7102,105725952,20.164774449813706,224.74142607716135,
220,4986.014840325614,9877,68382720,13.04196128457469,151.2769719550471,15055,136077312,25.952682707166236,247.79377987379607,24932,204460032,38.99464399174092,209.55791785656987,8384,52830208,10.075784165824759,139.65975727576335,6530,26746880,5.101168444939965,240.07234900459417,14914,79577088,15.176952610764724,183.62477162397747,1493,15552512,2.966177118749931,216.51389618218352,1491,6107136,1.164753775100381,241.31262575452718,2984,21659648,4.130930893850312,228.90495040214478,0,0,0,0,7034,103223296,19.68676048712589,256.33576798407734,7034,103223296,19.68676048712589,256.33576798407734,
225,5017.556962586381,9932,70004736,13.351697028510353,230.90603534031416,15157,136032256,25.9448370495499,344.0248121659959,25089,206036992,39.29653407806025,299.2444027661525,8342,52592640,10.030764135865246,169.0086916806521,6630,27156480,5.1794366215565875,301.7096787330317,14972,79749120,15.210200757421834,227.77221987710394,1590,17412096,3.3209328926451063,555.6529792452831,1547,6336512,1.208535211696537,600.7115559146736,3137,23748608,4.529468104341643,577.8734504303475,0,0,0,0,6980,102539264,19.556865216296774,327.32781246418335,6980,102539264,19.556865216296774,327.32781246418335,
230,5040.064353890314,10042,68554752,13.074910518489075,494.9116121290579,15160,136138752,25.964677116748604,645.3242286939313,25202,204693504,39.03958763523767,585.3907513689389,8489,53469184,10.197758374162417,225.38788608787843,6584,26968064,5.1434074716933775,475.7890637910085,15073,80437248,15.341165845855794,334.76500769588006,1553,15085568,2.877152144326657,1968.1807108821636,1559,6385664,1.2178876440416124,1296.4321680564465,3112,21471232,4.095039788368269,1631.658866966581,0,0,0,0,7017,102785024,19.60338200101361,659.7381161465014,7017,102785024,19.60338200101361,659.7381161465014,
235,4967.131307554296,9664,68255744,13.018569960988582,178.69782740066225,15172,136810496,26.094170383280105,309.59382625889793,24836,205066240,39.11274034426869,258.66054662586566,8113,52248576,9.965487183291549,167.65055158387773,6588,26984448,5.146803822791213,295.6063995142684,14701,79233024,15.112291006082762,224.99176144479966,1551,16007168,3.053082777697034,236.4841257253385,1579,6467584,1.2335766903745182,306.1285959468018,3130,22474752,4.286659468071552,271.6178696485623,0,0,0,0,7005,103358464,19.713789870114372,323.5296957887224,7005,103358464,19.713789870114372,323.5296957887224,
240,4970.362012284682,9931,69611520,13.275639710127832,280.6137245997382,14924,133361664,25.43345415251851,469.16151708657196,24855,202973184,38.70909386264634,393.8258451015892,8341,53190656,10.144010431051488,262.1417370818847,6503,26636288,5.079816712854445,465.457855297555,14844,79826944,15.223827143905933,351.2123862840205,1590,16420864,3.131629279076345,377.51614465408807,1556,6373376,1.2154689843459199,579.7680141388174,3146,22794240,4.347098263422264,477.549173553719,0,0,0,0,6865,100352000,19.138168455318144,447.6001482884195,6865,100352000,19.138168455318144,447.6001482884195,
245,5032.738562221153,9924,70217728,13.39014468011201,165.9383954050786,15245,138563584,26.423333394593083,251.90468376516893,25169,208781312,39.813478074705095,218.0086431721562,8330,53694464,10.239246725286609,144.1107731092437,6639,27193344,5.18562506744815,238.0510902244314,14969,80887808,15.42487179273476,185.77486325071817,1594,16523264,3.150897954825401,280.00620828105394,1590,6512640,1.2419255697006415,314.952379245283,3184,23035904,4.392823524526043,297.4573426507538,0,0,0,0,7016,104857600,19.99578275744429,250.7256888540479,7016,104857600,19.99578275744429,250.7256888540479,
250,4968.883969041801,9967,68046848,12.978080818103807,167.21343072138055,14879,134127616,25.581185485440756,263.95592203777136,24846,202174464,38.55926630354456,225.14756612734445,8512,53678080,10.237630116249345,156.9200038768797,6486,26566656,5.066865237237181,249.84406012950973,14998,80244736,15.304495353486528,197.10572389651955,1455,14368768,2.740450701854461,227.4317463917526,1459,5976064,1.1397712582684316,261.01280808773134,2914,20344832,3.8802219601228924,244.24532532601236,0,0,0,0,6934,101584896,19.374548989935143,277.77529607730025,6934,101584896,19.374548989935143,277.77529607730025,
255,5061.636208489275,9899,67407872,12.856615217645528,170.69861531467825,15410,137379840,26.20227711003409,254.928841596366,25309,204787712,39.058892327679615,221.98423651665414,8368,51593216,9.840306573583463,149.76682170172086,6775,27750400,5.292797478249283,239.2822910701107,15143,79343616,15.133104051832746,189.8161715644192,1531,15814656,3.0163086440620637,285.1057015022861,1625,6656000,1.2694901700597911,289.33860369230774,3156,22470656,4.285798814121855,287.2851901140684,0,0,0,0,7010,102973440,19.639989461725015,262.0742790299572,7010,102973440,19.639989461725015,262.0742790299572,
260,4979.893825663941,9953,68132864,12.993991743900779,370.49857460062293,14949,134123520,25.57943126452032,521.9860493009566,24902,202256384,38.5734230084211,461.43850951730786,8444,53002240,10.108347551164847,141.1112187351966,6494,26599424,5.072921869958618,259.12359639667386,14938,79601664,15.181269421123467,192.41476543044584,1509,15130624,2.8856441927359313,1654.0948853545394,1554,6365184,1.2139391108585915,2649.5629942084943,3063,21495808,4.099583303594523,2159.1413891609536,0,0,0,0,6901,101158912,19.29257028370311,290.2477790175337,6901,101158912,19.29257028370311,290.2477790175337,
265,5006.255309209053,9771,67088384,12.795723927987034,233.40450475898064,15261,140009472,26.70391570342834,295.6652957866457,25032,207097856,39.49963963141537,271.3623959332055,8284,52035584,9.924713155940367,155.25502257363593,6625,27136000,5.17563166389365,272.92424181132077,14909,79171584,15.100344819834017,207.54280696223756,1487,15052800,2.871010772046666,668.7712232683255,1619,6631424,1.2648071945424633,410.20829586164297,3106,21684224,4.13581796658913,533.9955054732775,0,0,0,0,7017,106242048,20.263476844992226,290.7079586717971,7017,106242048,20.263476844992226,290.7079586717971,
270,4971.30481783957,9836,68091904,12.986728884401685,153.827445099634,15022,136007680,25.93986601338775,236.28266129676473,24858,204099584,38.926594897789435,203.65616252313137,8288,53133312,10.133773284916906,134.65374251930504,6475,26521600,5.058293402700969,229.05098054054054,14763,79654912,15.192066687617876,176.0560398970399,1548,14958592,2.8529555994847784,256.48354780361757,1485,6082560,1.1600873672603766,232.7179717171717,3033,21041152,4.013042966745155,244.8475832509067,0,0,0,0,7062,103403520,19.721485243426404,243.6628222883036,7062,103403520,19.721485243426404,243.6628222883036,
275,4926.07553221249,9738,67518464,12.877276807257624,274.316472170877,14894,133836800,25.525662440981733,315.69698851886665,24632,201355264,38.402939248239356,299.3376401835011,8207,52125696,9.941532677090544,161.8643242354088,6461,26464256,5.047323795904606,241.79736201826344,14668,78589952,14.98885647299515,197.07344320970822,1531,15392768,2.9357441301670804,877.1216832135859,1494,6119424,1.1671106254575887,855.5347275769745,3025,21512192,4.102854755624669,866.4602247933884,0,0,0,0,6939,101253120,19.31122801961954,268.27630897823894,6939,101253120,19.31122801961954,268.27630897823894,
280,5003.476625337341,9993,69201920,13.197838227086201,251.00243540478334,15027,135073792,25.760586635964586,665.9464577760032,25020,204275712,38.95842486305079,500.2176162270184,8472,53727232,10.24658443472564,222.23465509915013,6421,26300416,5.015881577752028,539.3090946893008,14893,80027648,15.262466012477669,358.93880984355064,1521,15474688,2.9512537923605606,411.23953911900065,1580,6471680,1.2342458951640247,520.2710803797469,3101,21946368,4.185499687524586,466.7925333763302,0,0,0,0,7026,102301696,19.510459163048534,814.438573441503,7026,102301696,19.510459163048534,814.438573441503,
285,4948.662760509662,9860,68079616,12.984271403066131,217.05771430020283,14885,134750208,25.699811119551747,255.91977695666776,24745,202829824,38.68408252261788,240.43463095574864,8361,52748288,10.060251917976395,131.90247889008492,6483,26554368,5.064498616574077,213.20531281813976,14844,79302656,15.12475053455047,167.41085078146054,1499,15331328,2.9240194850897376,692.0296444296198,1487,6090752,1.1616395870500775,567.3040268997983,2986,21422080,4.085659072139816,629.9174564634964,0,0,0,0,6915,102105088,19.473672915927594,229.00574822848878,6915,102105088,19.473672915927594,229.00574822848878,
290,5055.854940933795,9988,69734400,13.29987354161071,477.4809132959552,15293,137584640,26.2403966086757,463.9522782972602,25281,207319040,39.54027015028641,469.29716205846285,8388,52518912,10.01650387962012,161.95464151168335,6654,27254784,5.198082733972257,267.4236145175834,15042,79773696,15.214586613592376,208.61004281345566,1600,17215488,3.283369661990591,2131.627393125,1587,6500352,1.2397591371827428,2058.4347542533083,3187,23715840,4.5231287991733335,2095.180352682774,0,0,0,0,7052,103829504,19.802554737520698,290.5628908111174,7052,103829504,19.802554737520698,290.5628908111174,
295,5077.428781057931,9995,67977216,12.964677131711417,410.56158389194593,15394,139399168,26.58633748032867,339.59503754709624,25389,207376384,39.551014612040085,367.5327519398165,8459,52670464,10.045359317707707,148.77671332308785,6664,27295744,5.205869390559465,248.341012454982,15123,79966208,15.251228708267172,192.6500512464458,1536,15306752,2.9193178140037093,1852.2531334635416,1546,6332416,1.2077242013512803,1110.2861856403624,3082,21639168,4.12704201535499,1480.0659493835174,0,0,0,0,7184,105771008,20.172743888417926,258.39073747216037,7184,105771008,20.172743888417926,258.39073747216037,
300,4987.766670812067,9917,69255168,13.208227490328804,153.53536240798627,15024,134676480,25.685268504968718,250.41588964323748,24941,203931648,38.89349599529752,211.8944114109298,8410,53387264,10.18192791039423,145.62289227110585,6542,26796032,5.110493508500771,243.12930541118925,14952,80183296,15.292421418895001,188.28520866773675,1507,15867904,3.026299579934575,197.6918812209688,1506,6168576,1.1764602910122535,248.72591832669323,3013,22036480,4.202759870946828,223.20043079986723,0,0,0,0,6976,101711872,19.398314705455693,257.6139875286697,6976,101711872,19.398314705455693,257.6139875286697,
305,5003.155742784557,9914,66863104,12.751992681709032,180.2544549122453,15104,136572928,26.046905904571442,241.0940234375,25018,203436032,38.79889858628047,216.98484275321766,8369,51601408,9.84131363661911,137.15361106464334,6628,27148288,5.177665247143314,222.73592410983707,14997,78749696,15.018978883762426,174.97714716276587,1545,15261696,2.91067904508992,413.72433333333333,1482,6070272,1.1577097007040422,325.28903846153844,3027,21331968,4.068388745793962,370.4269739015527,0,0,0,0,6994,103354368,19.711530956724086,240.6508535887904,6994,103354368,19.711530956724086,240.6508535887904,
310,4976.507077816893,9776,68632576,13.089854518073212,209.54762111292962,15108,136011776,25.940660606776024,395.7734194466508,24884,204644352,39.03051512484924,322.61221527889404,8214,52797440,10.069719786223663,205.39520185049915,6626,27140096,5.17625782028844,369.46670072441896,14840,79937536,15.245977606512104,278.6524627358491,1562,15835136,3.0201347318495486,231.38371062740077,1540,6307840,1.2030541870274973,325.3317220779221,3102,22142976,4.223188918877046,278.02456737588653,0,0,0,0,6942,102563840,19.56134859946009,436.5093071161049,6942,102563840,19.56134859946009,436.5093071161049,
315,4979.435142844666,9843,66469888,12.67719610634514,233.38687209184192,15056,135860224,25.911382650441332,344.1725178002126,24899,202330112,38.588578756786475,300.37705972127395,8309,51642368,9.849278315799824,140.910594174991,6488,26574848,5.068378625706635,238.52543680641182,14797,78217216,14.917656941506458,183.71150645401096,1534,14827520,2.827917790545317,734.2899967405476,1591,6516736,1.242877680872265,1151.7332960402262,3125,21344256,4.070795471417583,946.81872928,0,0,0,0,6977,102768640,19.600126343862435,258.262966891214,6977,102768640,19.600126343862435,258.262966891214,
320,5016.979962383213,9882,67715072,12.914543753070452,1278.8599680226675,15205,137064448,26.14078016023449,1413.56318112463,25087,204779520,39.05532391330494,1360.5023467532985,8387,52883456,10.085874328326435,1051.868968045785,6651,27242496,5.195658752823105,1174.40768034882,15038,80125952,15.28153308114954,1106.0653356164385,1495,14831616,2.8286694247440183,2552.2870695652173,1514,6201344,1.1827134794428178,2511.79687648613,3009,21032960,4.011382904186836,2531.914137587238,0,0,0,0,7040,103620608,19.762407927968564,1403.3213374999998,7040,103620608,19.762407927968564,1403.3213374999998,
325,5057.222285163121,9984,67424256,12.859704349701389,145.82332882612178,15303,140812288,26.856868728147397,238.80129660850812,25287,208236544,39.716573077848786,202.09104903705463,8427,51961856,9.910589233965847,132.98543099560936,6597,27021312,5.1537251439754606,221.53879672578447,15024,78983168,15.064314377941308,171.86898755324813,1557,15462400,2.949115115735541,215.306286448298,1585,6492160,1.2382377373353197,319.85318675078867,3142,21954560,4.187352853070861,268.0455725652451,0,0,0,0,7121,107298816,20.46490584683662,236.75291377615503,7121,107298816,20.46490584683662,236.75291377615503,
330,5013.7653055452565,9978,68866048,13.134017528053514,139.95960994187212,15093,135913472,25.921190127631696,216.31481865765588,25071,204779520,39.05520765568521,185.92623134298591,8374,52477952,10.00850726041882,131.80615428707907,6637,27185152,5.184706734889144,208.11294108784088,15011,79663104,15.193213995307964,165.54462234361466,1604,16388096,3.125510267634694,182.52634164588528,1525,6246400,1.1913029637947785,213.05184983606557,3129,22634496,4.316813231429473,197.40374656439755,0,0,0,0,6931,102481920,19.545180428947774,224.88672586928294,6931,102481920,19.545180428947774,224.88672586928294,
335,5016.108417362211,9849,67432448,12.860458414786983,182.06830815311199,15234,137342976,26.193526763422362,271.2189177497703,25083,204775424,39.053985178209345,236.21336203803372,8279,51204096,9.76544922816328,154.21121403551155,6647,27226112,5.192459884777324,243.2802295772529,14926,78430208,14.957909112940603,193.8763451025057,1570,16228352,3.0950091866237033,328.9656853503185,1515,6205440,1.1834777682319308,435.13668514851486,3085,22433792,4.278486954855635,381.1047662884927,0,0,0,0,7072,103911424,19.817589110413106,262.36329595588234,7072,103911424,19.817589110413106,262.36329595588234,
340,5016.124121199133,9868,68734976,13.109435252036235,559.8067788812323,15214,139988992,26.699312830513225,920.1887997896673,25082,208723968,39.80874808254946,778.4038630890678,8265,52297728,9.974451421130961,230.0310102843315,6509,26660864,5.084876589923357,612.7207520356429,14774,78958592,15.059328011054317,398.63311730066334,1603,16437248,3.1349838309052744,2260.1166525265126,1565,6410240,1.2225890095606167,2790.325675399361,3168,22847488,4.357572840465891,2522.0412487373737,0,0,0,0,7140,106917888,20.39184723102925,790.5732973389355,7140,106917888,20.39184723102925,790.5732973389355,
345,5023.829875034644,9815,68898816,13.140961249744622,198.80734834437087,15305,137904128,26.30223431165816,368.76846742894475,25120,206802944,39.44319556140279,302.360490366242,8251,52494336,10.01216095218638,192.7428789237668,6692,27410432,5.227947962861364,359.030601315003,14943,79904768,15.240108915047744,267.21235883022155,1564,16404480,3.1288002975582434,230.80091432225063,1520,6225920,1.1874597883367117,345.1924414473684,3084,22630400,4.316260085894955,287.18065531776915,0,0,0,0,7093,104267776,19.886826560460086,383.00805004934443,7093,104267776,19.886826560460086,383.00805004934443,
350,4986.350182347321,9859,66723840,12.72541454289917,672.0715874835176,15075,134397952,25.63206273674693,11924.295658507463,24934,201121792,38.357477279646105,7475.122757399535,8383,52797440,10.069404141066316,257.34620744363593,6590,26992640,5.14797310237603,494.9201427921093,14973,79790080,15.217377243442346,361.90856862352234,1476,13926400,2.656010401832853,3027.5206802168022,1503,6156288,1.174112833516111,5034.911039254824,2979,20082688,3.8301232353489643,4040.3127948976166,0,0,0,0,6982,101249024,19.30997680085479,24195.038960040103,6982,101249024,19.30997680085479,24195.038960040103,
355,5025.582125938094,9844,68927488,13.146305068236376,251.7268176554246,15285,138182656,26.355107427027715,498.6848707883546,25129,207110144,39.50141249526409,401.941861713558,8364,53542912,10.212057276680884,241.44784636537543,6700,27443200,5.234148083978115,465.9847489552239,15064,80986112,15.446205360658999,341.31489677376527,1480,15384576,2.9342477915554928,309.81689594594593,1556,6373376,1.215572301294022,427.8454280205655,3036,21757952,4.149820092849515,370.3084624505929,0,0,0,0,7029,104366080,19.905387041755578,545.5360571916347,7029,104366080,19.905387041755578,545.5360571916347,
360,5020.187851881567,9876,67424256,12.859612815622025,139.7154369177805,15226,137428992,26.21139233277141,215.37869676868516,25102,204853248,39.07100514839344,185.61013831567206,8330,51122176,9.75036920914759,124.23612172869147,6651,27242496,5.195874177553131,206.62565178168697,14981,78364672,14.946243386700722,160.81397129697618,1546,16302080,3.109243606474434,223.11950905562742,1585,6492160,1.2382289236839141,211.35976593059937,3131,22794240,4.347472530158348,217.16639731715108,0,0,0,0,6990,103694336,19.777289231534365,224.61854048640916,6990,103694336,19.777289231534365,224.61854048640916,
365,5011.147817072267,9901,68755456,13.112879254095354,180.13557913342086,15157,136593408,26.050774297960913,238.78727822128388,25058,205348864,39.16365355205627,215.61262451113416,8325,52752384,10.060810908703328,141.75279075075076,6645,27217920,5.190937843647303,228.8515309255079,14970,79970304,15.25174875235063,180.41485678022713,1576,16003072,3.052068345392026,382.88730076142133,1525,6246400,1.1912987526805323,254.2902793442623,3101,22249472,4.243367098072558,319.6462631409223,0,0,0,0,6987,103129088,19.668537701633078,244.85296650923144,6987,103129088,19.668537701633078,244.85296650923144,
370,5001.118126264956,9906,69505024,13.255754015682177,242.04978306077123,15102,139354112,26.5771267087948,348.2258741226328,25008,208859136,39.83288072447698,306.16811828214975,8422,54730752,10.438056759829408,182.52513049156968,6544,26804224,5.112007441724566,327.8999761613692,14966,81534976,15.550064201553974,246.09141340371508,1484,14774272,2.8176972558527673,579.8642196765499,1498,6135808,1.1701997475096881,399.84946461949266,2982,20910080,3.9878970033624555,489.43427230046944,0,0,0,0,7060,106414080,20.294919519560548,356.11263583569405,7060,106414080,20.294919519560548,356.11263583569405,
375,5056.088440796625,10236,70893568,13.5210418252901,365.38252022274327,15046,140025856,26.706166849975006,654.1630422039079,25282,210919424,40.2272086752651,537.2435966300135,8676,54906880,10.472010958401537,338.6325423005993,6432,26345472,5.024690375564243,591.3395856654229,15108,81252352,15.49670133396578,446.2187021445592,1560,15986688,3.0490308668885637,514.1535512820514,1559,6385664,1.217893702659306,474.76203271327773,3119,22372352,4.26692456954787,494.4641067649888,0,0,0,0,7055,107294720,20.463582771751454,751.0824817859674,7055,107294720,20.463582771751454,751.0824817859674,
380,4995.595615196596,9885,68304896,13.027592002128417,227.30170389479008,15094,137867264,26.295017941930944,514.196130979197,24979,206172160,39.32260994405936,400.6627064334041,8398,52822016,10.074587818388586,218.0128301976661,6562,26877952,5.126352765529304,473.2968886010363,14960,79699968,15.200940583917891,329.98970127005344,1487,15482880,2.953004183739831,279.76166442501676,1532,6275072,1.1968260342564605,423.0794046997389,3019,21757952,4.149830217996291,352.48865286518713,0,0,0,0,7000,104714240,19.97183914214518,572.4777957142857,7000,104714240,19.97183914214518,572.4777957142857,
385,4984.706554925656,9773,68497408,13.063550565615119,154.87844622940756,15153,132317184,25.235001941734783,260.8160331287534,24926,200814592,38.2985525073499,219.27996489609242,8253,53223424,10.150557678024448,147.70399769780687,6636,27181056,5.183861840185489,251.10640732368896,14889,80404480,15.334419518209938,193.79026207267108,1520,15273984,2.9129928875906703,193.8328697368421,1592,6520832,1.2436268911355182,258.3193505025126,3112,21794816,4.1566197787261885,226.82209768637532,0,0,0,0,6925,98615296,18.807513210413777,270.6944151624549,6925,98615296,18.807513210413777,270.6944151624549,
390,5020.998183574164,9899,67407872,12.856002420123126,1519.250083745833,15208,138055680,26.329924139894874,14934.898639926356,25107,205463552,39.185926560018,9645.477161548572,8355,51855360,9.889833544312983,1462.5907838420108,6582,26959872,5.141776018062248,1476.757317532665,14937,78815232,15.03160956237523,1468.8332772979848,1544,15552512,2.966168875810142,1825.8488212435234,1517,6213632,1.1850614128533015,2163.162381674357,3061,21766144,4.151230288663443,1993.0179395622345,0,0,0,0,7109,104882176,20.003086708979325,30120.748982838657,7109,104882176,20.003086708979325,30120.748982838657,
395,5006.171367602568,9969,67833856,12.937173558850152,264.43763546995683,15064,136265728,25.988399852413917,600.876892259692,25033,204099584,38.92557341126407,466.8952300163784,8458,52875264,10.084292824780908,238.06356715535588,6455,26439680,5.042537003947692,493.59662587141753,14913,79314944,15.126829828728601,348.66947435123717,1511,14958592,2.8528807340692444,412.0695810721376,1574,6447104,1.2295822221864705,462.6682547649301,3085,21405696,4.082462956255715,437.8855656401945,0,0,0,0,7035,103378944,19.716280626279755,730.2350322672352,7035,103378944,19.716280626279755,730.2350322672352,
400,5029.780467183861,9934,67612672,12.895530903920848,344.762711294544,15216,138760192,26.465251131769953,1062.4047089905362,25150,206372864,39.360782035690804,778.9432535188866,8333,50987008,9.724575555340566,332.49639253570143,6634,27172864,5.182586297728897,850.8807744950257,14967,78159872,14.907161853069464,562.2660183737556,1601,16625664,3.1709553485802826,408.6073297938788,1530,6266880,1.195260330950439,621.7954529411764,3131,22892544,4.366215679530722,512.784215266688,0,0,0,0,7052,105320448,20.087404503090614,1356.9852454622803,7052,105320448,20.087404503090614,1356.9852454622803,
405,4994.442467841497,9936,69701632,13.293579615809623,595.165652173913,15038,136433664,26.020793525474687,2369.66646222902,24974,206135296,39.31437314128431,1663.674628773925,8404,53641216,10.230517638164354,135.79164290813898,6525,26726400,5.0972913553010395,226.12588107279694,14929,80367616,15.327808993465394,175.27391928461384,1532,16060416,3.0630619776452686,3115.12594843342,1529,6262784,1.194445744406941,2620.2176854153045,3061,22323200,4.2575077220522095,2867.914339758249,0,0,0,0,6984,103444480,19.729056425766707,4317.477096792669,6984,103444480,19.729056425766707,4317.477096792669,
410,5052.715921152765,9991,67674112,12.907086824857446,147.25946051446303,15274,135139328,25.77433213972411,226.33318436558858,25265,202813440,38.68141896458155,195.063618761132,8452,52449280,10.003343831999734,134.9595582110743,6607,27062272,5.161428559002127,218.13410534281823,15059,79511552,15.164772391001861,171.45163822298957,1539,15224832,2.9037429928577128,214.80902144249515,1542,6316032,1.2046197726625216,222.86757976653698,3081,21540864,4.108362765520234,218.84222395326194,0,0,0,0,7125,101761024,19.40828380805946,234.68620575438598,7125,101761024,19.40828380805946,234.68620575438598,
415,5047.792581155048,10034,69779456,13.308828126943437,142.0854003388479,15206,137240576,26.175486923066845,222.06042844929632,25240,207020032,39.48431505001028,190.26686933438987,8496,53620736,10.226923515485826,132.66834392655366,6595,27013120,5.152132043742191,212.90246823351023,15091,80633856,15.379055559228016,167.7318950367769,1538,16158720,3.081904611457611,194.10575877763327,1544,6324224,1.2062004360178837,221.61670077720206,3082,22482944,4.2881050474754945,207.88800876054512,0,0,0,0,7067,103903232,19.817154443306773,230.70368062827225,7067,103903232,19.817154443306773,230.70368062827225,
420,4994.307414530288,9990,68235264,13.014602482696256,144.0077199199199,14982,134541312,25.661243036744338,224.16764370578028,24972,202776576,38.67584551944059,192.09982220086496,8422,52535296,10.020126744886378,136.45380978389932,6622,27123712,5.173341595558833,214.46774252491696,15044,79659008,15.19346834044521,170.79363048391386,1568,15699968,2.994475737809877,184.58108163265305,1488,6094848,1.162478449742003,220.31184811827956,3056,21794816,4.1569541875518805,201.97878468586387,0,0,0,0,6872,101322752,19.3254229914435,234.34956591967403,6872,101322752,19.3254229914435,234.34956591967403,
425,5019.790606961217,9840,66445312,12.672403991954514,6207.828586178862,15261,139145216,26.53767944832245,6104.063436078894,25101,205590528,39.21008344027696,6144.741061551333,8322,51884032,9.895286731974345,6118.091945445807,6566,26894336,5.1292691783487445,6266.3991518428265,14888,78778368,15.02455591032309,6183.499328385276,1518,14561280,2.7771172599801686,6699.784003952569,1589,6508544,1.2413050143765085,6875.671212712397,3107,21069824,4.018422274356677,6789.737262632765,0,0,0,0,7106,105742336,20.167105255597196,5781.521771742189,7106,105742336,20.167105255597196,5781.521771742189,
430,4982.280857010335,9809,68526080,13.06947532691625,196.8839418901009,15104,139345920,26.576422631302496,344.20892088188555,24913,207872000,39.64589795821875,286.20263023321155,8317,52998144,10.107946279436302,178.09061969460143,6489,26578944,5.069206538933624,347.6013980582524,14806,79577088,15.177152818369928,252.38181521004998,1492,15527936,2.9615290474799463,301.6453766756032,1588,6504448,1.240545536111357,323.12969206549116,3080,22032384,4.202074583591303,312.72235487012983,0,0,0,0,7027,106262528,20.266670556257516,345.83977771452965,7027,106262528,20.266670556257516,345.83977771452965,
435,4969.427012257932,9696,66359296,12.656590669016175,335.1799152227723,15152,134103040,25.57723464623107,678.5784689149947,24848,200462336,38.233825315247245,544.5800635463619,8200,50827264,9.694193791236449,261.24209829268295,6590,26992640,5.148258287069724,642.6258180576632,14790,77819904,14.842452078306172,431.1757503042596,1496,15532032,2.962396877779726,740.4540454545454,1622,6643712,1.2671433902317286,586.2069679408139,3118,22175744,4.229540268011454,660.213904425914,0,0,0,0,6940,100466688,19.161832968929616,734.3067893371758,6940,100466688,19.161832968929616,734.3067893371758,
440,4848.345567345148,9833,67231744,12.716284128538932,6051.939270619343,14613,133099520,25.174585887466346,6819.635362485458,24446,200331264,37.89087001600528,6510.842280945758,8322,52211712,9.875379175489568,6072.938184450853,6339,25964544,4.910961684586834,6491.677472314245,14661,78176256,14.786340860076402,6253.989159538913,1511,15020032,2.8409049530493644,5936.285424884182,1534,6283264,1.1884232882404486,6610.837575619296,3045,21303296,4.029328241289813,6276.109069950739,0,0,0,0,6740,100851712,19.075200914639066,7175.60285074184,6740,100851712,19.075200914639066,7175.60285074184,
445,5128.760683568759,10020,69124096,13.182731730305076,3155.97482744511,15627,140939264,26.878680736434426,3196.4894512062456,25647,210063360,40.061412466739505,3180.6608346005382,8443,52617216,10.034686644198803,3186.365193414663,6850,28057600,5.350895493753838,3222.8191026277373,15293,80674816,15.385582137952643,3202.693531746551,1577,16506880,3.1480450861062725,2993.2697799619527,1625,6656000,1.269373018591239,3055.5837704615383,3202,23162880,4.417418104697512,3024.893838226109,0,0,0,0,7152,106225664,20.258412224089348,3203.286657438479,7152,106225664,20.258412224089348,3203.286657438479,
450,5035.5887988542745,9906,68354048,13.036435457716959,377.99391671714113,15274,138039296,26.326756433396408,938.882779232683,25180,206393344,39.36319189111337,718.2249129864972,8280,52137984,9.943719255829288,257.5280585748792,6646,27222016,5.191763545780615,661.3873197411978,14926,79360000,15.135482801609903,437.3517655098486,1626,16216064,3.0927162018876704,991.4362939729397,1557,6377472,1.2163069275925997,1481.50551701991,3183,22593536,4.30902312948027,1231.1591278667922,0,0,0,0,7071,104439808,19.91868596002319,1080.216568095036,7071,104439808,19.91868596002319,1080.216568095036,
455,4982.810015391336,10023,69672960,13.288022499631044,317.9754718148259,14893,132947968,25.35582800076569,950.0697394077755,24916,202620928,38.64385050039673,695.7961463718093,8399,52805632,10.071086776322364,303.1695117275866,6449,26415104,5.0378869547396,819.9562315087611,14848,79220736,15.108973731061964,527.6278600484914,1624,16867328,3.2169357233086795,394.5489070197044,1497,6131712,1.1694397226306685,678.000623246493,3121,22999040,4.386375445939348,530.5076443447613,0,0,0,0,6947,100401152,19.148501323395422,1129.4838000575787,6947,100401152,19.148501323395422,1129.4838000575787,
460,4984.051183203462,9783,68177920,13.002996214505135,143.21338178472863,15139,136413184,26.016929163585402,226.13175156879583,24922,204591104,39.019925378090534,193.58258169488803,8277,51904512,9.899307181148036,134.5257633200435,6546,26812416,5.1137046092009975,218.15288955087075,14823,78716928,15.013011790349035,171.4564229912973,1506,16273408,3.103689033357098,190.96067131474103,1534,6283264,1.1983536313037475,233.0989804432855,3040,22556672,4.302042664660846,212.22388388157896,0,0,0,0,7059,103317504,19.704870923080655,232.01670718232046,7059,103317504,19.704870923080655,232.01670718232046,
465,5020.78651714301,9994,68104192,12.988774069902494,437.44612447468484,15112,136372224,26.008795566448164,982.6323922710429,25106,204476416,38.997569636350654,765.608909424042,8483,53063680,10.120260304058869,287.33437156666275,6558,26861568,5.123015598148827,778.136752820982,15041,79925248,15.243275902207696,501.3282560335084,1511,15040512,2.868513765843625,1280.1979444076771,1561,6393856,1.2194308247499726,876.9445406790519,3072,21434368,4.087944590593597,1075.2895579427081,0,0,0,0,6993,103116800,19.666349143549365,1197.9993506363508,6993,103116800,19.666349143549365,1197.9993506363508,
470,4924.440959009679,9750,68091904,12.986553150409804,1670.2393254358974,14874,133894144,25.536419389662303,36380.91609856125,24624,201986048,38.522972540072104,22637.044325576673,8186,52310016,9.976616354901566,1739.4405735401904,6315,25866240,4.93323406790411,3110.738081868567,14501,78176256,14.909850422805674,2336.623096476105,1564,15781888,3.00993679550824,1308.0389309462917,1500,6144000,1.171789564822829,1112.5292633333333,3064,21925888,4.181726360331068,1212.3259735639688,0,0,0,0,7059,101883904,19.431395756935363,73638.84986088681,7059,101883904,19.431395756935363,73638.84986088681,
475,5012.281559551591,9940,69214208,13.199143915267255,1326.320300301811,15126,134156288,25.583593363519256,2982.1223343911147,25066,203370496,38.78273727878651,2325.5089050905613,8449,54128640,10.322327307388848,1330.360092555332,6708,27475968,5.239664894284101,2346.1733085867622,15157,81604608,15.56199220167295,1779.92630309428,1491,15085568,2.8768166078784057,1303.4281441985245,1510,6184960,1.179471376024,1884.7439794701988,3001,21270528,4.056287983902406,1595.9262819060314,0,0,0,0,6908,100495360,19.164457093211155,3839.532204255935,6908,100495360,19.164457093211155,3839.532204255935,
480,5033.212150013509,10025,69840896,13.319538105202632,326.6545893266833,15144,136318976,25.99774486418678,952.0268790279979,25169,206159872,39.31728296938942,702.936442210656,8402,53477376,10.19880883828078,332.4901641275887,6616,27099136,5.168146390476841,854.8524616082225,15018,80576512,15.366955228757622,562.6106169263551,1623,16363520,3.1207292669218534,296.4447929759704,1553,6361088,1.2131395623353287,586.3599549259498,3176,22724608,4.333868829257182,438.20746505037783,0,0,0,0,6975,102858752,19.61645891137461,1125.6163670250896,6975,102858752,19.61645891137461,1125.6163670250896,
485,4982.026569676678,9693,66973696,12.77377407959576,1909.7037370267203,15218,135647232,25.871755623140654,18209.938734656327,24911,202620928,38.64552970273642,11867.432298462527,8248,52150272,9.9465287493984,1928.0791311833173,6635,27176960,5.183413309162613,2442.8306759608136,14883,79327232,15.129942058561012,2157.5608552711146,1445,14823424,2.8272453301973615,1804.8177501730104,1615,6615040,1.2616748295851725,2358.835590712074,3060,21438464,4.088920159782534,2097.216054901961,0,0,0,0,6968,101855232,19.42666748439287,36897.409105912746,6968,101855232,19.42666748439287,36897.409105912746,
490,4981.260603801264,9838,68001792,12.969428833154224,152.351385749136,15070,136626176,26.057599575875937,241.6877710683477,24908,204627968,39.02702840903016,206.40226605909749,8299,52391936,9.992287929458842,144.79114122183398,6466,26484736,5.051218337259078,232.652945406743,14765,78876672,15.04350626671792,183.26824422621064,1539,15609856,2.977140903695383,193.11972189733592,1577,6459392,1.231947311762692,241.3490703868104,3116,22069248,4.209088215458075,217.52847753530168,0,0,0,0,7027,103682048,19.774433926854165,250.0773133627437,7027,103682048,19.774433926854165,250.0773133627437,
495,5016.413555565333,9888,68698112,13.102115665417598,279.805376618123,15196,139268096,26.561235078694477,859.614564622269,25084,207966208,39.66335074411207,631.056390049434,8295,52109312,9.938296893360523,208.4368869198312,6460,26460160,5.046486238886101,407.86538916408665,14755,78569472,14.984783132246623,295.7502128769909,1593,16588800,3.1638187720570756,651.4322580037665,1569,6426624,1.225686827989519,843.6092039515614,3162,23015424,4.389505600046594,746.7914067046173,0,0,0,0,7167,106381312,20.289062011818856,1270.304125715083,7167,106381312,20.289062011818856,1270.304125715083,
500,5040.352294739701,9794,66981888,12.774646552239714,334.71388503165207,15410,140222464,26.74293708000822,380.24789500324465,25204,207204352,39.517583632247934,362.5538744643707,8270,52277248,9.970208154236866,258.6782174123337,6748,27639808,5.271406771510645,355.78618227623,15018,79917056,15.241614925747513,302.31149394060463,1524,14704640,2.804438398002848,747.3221338582676,1610,6594560,1.2577007857338678,499.80518198757767,3134,21299200,4.062139183736716,620.1676052967455,0,0,0,0,7052,105988096,20.213829522763703,376.3596938457175,7052,105988096,20.213829522763703,376.3596938457175,
505,5013.156624280099,10035,71659520,13.667305237865696,589.4988073741903,15032,136097792,25.957333588943325,579.9711229377328,25067,207757312,39.62463882680902,583.7853134399809,8496,56180736,10.71510480952077,251.816329566855,6441,26382336,5.031786969825261,360.1055615587642,14937,82563072,15.746891779346033,298.51184695722037,1539,15478784,2.9522004283449252,2453.664064977258,1538,6299648,1.2015041700964526,2416.656656697009,3077,21778432,4.153704598441378,2435.16637439064,0,0,0,0,7053,103415808,19.72404244902161,380.2450106337729,7053,103415808,19.72404244902161,380.2450106337729,
510,4968.2118435450875,9767,68157440,12.998984415345598,1205.9183654141495,15076,133926912,25.542535662773737,1284.9086055319715,24843,202084352,38.54152007811933,1253.8536735498933,8222,52477952,10.008593048642295,1162.8036977621016,6679,27357184,5.217561112385412,1219.1892404551581,14901,79835136,15.226154161027708,1188.077104892289,1545,15679488,2.990391366703302,1435.360952750809,1512,6193152,1.1811577185097684,1681.0306011904763,3057,21872640,4.17154908521307,1556.86978770036,0,0,0,0,6885,100376576,19.14381683187856,1261.6701424836601,6885,100376576,19.14381683187856,1261.6701424836601,
515,4963.024223578469,9790,67522560,12.878450131356008,199.34558569969357,15026,135340032,25.813148270565073,373.07094050312793,24816,202862592,38.691598401921084,304.5356719858156,8256,52621312,10.036363290114082,161.99563057170545,6572,26918912,5.134193161253969,345.01844674376144,14828,79540224,15.170556451368052,243.1141865389803,1534,14901248,2.8420868412419265,400.3633363754889,1548,6340608,1.2093321688407097,345.428665374677,3082,21241856,4.051419010082636,372.7712303698897,0,0,0,0,6906,102080512,19.469622940470394,405.9628071242398,6906,102080512,19.469622940470394,405.9628071242398,
520,5039.930588059969,10002,68857856,13.13341287138457,1736.795622575485,15198,133554176,25.473086674461083,1830.7396786419265,25200,202412032,38.60649954584566,1793.452835436508,8455,52834304,10.077204962702371,1660.1910467179184,6703,27455488,5.23664662880797,1811.322052364613,15158,80289792,15.31385159151034,1727.022497493073,1547,16023552,3.0562079086821985,2155.471568842922,1537,6295552,1.2007647125880723,2234.290741054001,3084,22319104,4.256972621270271,2194.75336770428,0,0,0,0,6958,99803136,19.035675333065043,1760.3025366484624,6958,99803136,19.035675333065043,1760.3025366484624,
525,4992.104438107588,9802,69398528,13.23487470314391,168.43132381146705,15162,137089024,26.14401354184758,253.1665806621818,24964,206487552,39.378888244991494,219.89567104630666,8245,53751808,10.250915465346015,146.60306670709522,6530,26746880,5.100851786078601,242.89240398162326,14775,80498688,15.351767251424617,189.1593694077834,1557,15646720,2.983959237797895,284.0215484906872,1572,6438912,1.2279539062351548,272.0214230279898,3129,22085632,4.21191314403305,277.9927222754874,0,0,0,0,7060,103903232,19.815207849533824,258.47119277620396,7060,103903232,19.815207849533824,258.47119277620396,
530,4923.402209936541,9558,65863680,12.560464697276267,336.4538203599079,15063,137293824,26.182476131094724,477.4075567284073,24621,203157504,38.74294082837099,422.6885846228829,8110,51171328,9.75857496660898,167.47962836004933,6465,26480640,5.049962951983275,359.3990003093581,14575,77651968,14.808537918592256,252.60887293310464,1448,14692352,2.8018897306672867,1282.8493294198895,1519,6221824,1.1865264847737966,1134.3130697827519,2967,20914176,3.988416215441083,1206.8039710144926,0,0,0,0,7079,104591360,19.945986694337655,444.2229039412346,7079,104591360,19.945986694337655,444.2229039412346,
535,5033.390082466611,9899,68763648,13.115078035670523,464.67458086675424,15269,136556544,26.045007542960423,650.5267916693955,25168,205320192,39.16008557863095,577.4279743324857,8361,52142080,9.944897748039418,226.44657493122833,6700,27443200,5.234156709494431,487.34601955223883,15061,79585280,15.17905445753385,342.5096702742182,1538,16621568,3.1701802876311045,1759.7489356306892,1555,6369280,1.2147930870543044,1001.137796141479,3093,22990848,4.384973374685409,1378.3585955383123,0,0,0,0,7014,102744064,19.596057746411688,728.6720812660394,7014,102744064,19.596057746411688,728.6720812660394,
540,5018.839472670249,9992,69160960,13.190458716036225,245.51563040432345,15104,133935104,25.544258783279155,678.163914592161,25096,203096064,38.73471749931538,505.9045244262034,8435,53673984,10.236764644059148,247.4821919383521,6597,27021312,5.153536046768788,663.5436033045323,15032,80695296,15.390300690827935,430.0764662054284,1557,15486976,2.9536940719770786,234.8618432883751,1496,6127616,1.1686660491080956,464.2832239304813,3053,21614592,4.122360121085174,347.28057418932195,0,0,0,0,7011,100786176,19.222056687402272,737.558538296962,7011,100786176,19.222056687402272,737.558538296962,
545,4947.389562582933,9633,66527232,12.68800989762369,181.36046672895256,15106,138149888,26.347814174796934,401.12507559909966,24739,204677120,39.035824072420624,315.5519935324791,8138,52117504,9.939800390183711,171.1415277709511,6521,26710016,5.094108640709523,408.7494026989726,14659,78827520,15.033909030893234,276.8404807967801,1495,14409728,2.748209507439979,236.98703879598662,1534,6283264,1.1983380853931005,306.5983520208605,3029,20692992,3.9465475928330798,272.24083690987123,0,0,0,0,7051,105156608,20.05536744869431,414.6388689547582,7051,105156608,20.05536744869431,414.6388689547582,
550,4978.337107671651,9822,67698688,12.91233687586578,269.49736662594177,15070,136454144,26.026233705384353,509.04620862641013,24892,204152832,38.93857058125013,414.52392330869355,8293,52236288,9.96315538346541,175.5481914867961,6588,26984448,5.146809979320169,410.340585154827,14881,79220736,15.109965362785578,279.4936447147369,1529,15462400,2.94918149240037,779.0595049051668,1484,6078464,1.1593603535687813,759.9635761455526,3013,21540864,4.108541845969151,769.6541420511119,0,0,0,0,6998,103391232,19.7200633724954,548.7591657616463,6998,103391232,19.7200633724954,548.7591657616463,
555,5034.647724058797,10030,69677056,13.289441802859008,183.5381371884347,15144,136241152,25.985151563499873,568.3577071447438,25174,205918208,39.27459336635888,415.03522018749504,8425,53858304,10.272345556745229,182.98076830860532,6491,26587136,5.070940376365753,546.2256207055923,14916,80445440,15.343285933110982,341.05413495575226,1605,15818752,3.0170962461137787,186.46388971962617,1549,6344704,1.210119649205138,421.4492704970949,3154,22163456,4.227215895318917,301.8704701965758,0,0,0,0,7104,103309312,19.70409153792898,620.612850929054,7104,103309312,19.70409153792898,620.612850929054,
560,4982.183216678578,9867,69910528,13.332724438046563,477.02197496706196,15047,134451200,25.64135690642597,787.130090981591,24914,204361728,38.97408134447253,664.3141328570282,8345,53710848,10.243263156556397,256.9151865787897,6590,26992640,5.1478002136587095,652.5715634294385,14935,80703488,15.391063370215106,431.4967415467024,1522,16199680,3.0894612814901663,1683.8492739816031,1494,6119424,1.1670430226412916,1602.7579290495314,3016,22319104,4.256504304131457,1643.6800202254642,0,0,0,0,6963,101339136,19.326513670125966,739.4771693235674,6963,101339136,19.326513670125966,739.4771693235674,
565,4993.7498221226615,9873,67260416,12.828263577085663,427.5504034234782,15097,137089024,26.14634636511053,1420.5060637212691,24970,204349440,38.974609942196196,1027.896883340008,8371,52899840,10.089338292312364,449.2552217178354,6513,26677248,5.08802634903836,1227.1973752495012,14884,79577088,15.177364641350724,789.6702476484817,1502,14360576,2.7389252847732983,306.58433555259654,1578,6463488,1.2327507414068068,813.2982515842839,3080,20824064,3.971676026180105,566.1929587662338,0,0,0,0,7006,103948288,19.825569274665362,1736.9767196688551,7006,103948288,19.825569274665362,1736.9767196688551,
570,5074.330954218247,9990,69836800,13.319081350715347,7168.951138638638,15384,137859072,26.292100939649643,7323.024746944879,25374,207695872,39.61118229036499,7262.364411681248,8471,54366208,10.368572830970368,7060.503247904616,6647,27226112,5.192488782299408,7166.849917707236,15118,81592320,15.561061613269777,7107.261173171055,1519,15470592,2.9505085197449774,7773.731969716919,1601,6557696,1.2506656447211302,7695.376637101811,3120,22028288,4.201174164466107,7733.524633974359,0,0,0,0,7136,104075264,19.848946512629105,7384.958423206278,7136,104075264,19.848946512629105,7384.958423206278,
575,5004.923660394561,9964,68218880,13.010480487927946,309.52151525491774,15063,134803456,25.709271890615227,618.1621141206931,25027,203022336,38.71975237854318,495.2830264514324,8377,51261440,9.776413287686475,274.52324424018144,6566,26894336,5.129199332556883,545.058663874505,14943,78155776,14.905612620243359,393.3973368132236,1587,16957440,3.234067200241471,494.26034089476997,1488,6094848,1.1623893705215722,470.9195356182796,3075,23052288,4.396456570763043,482.9656682926829,0,0,0,0,7009,101814272,19.417683187536774,717.9044755314595,7009,101814272,19.417683187536774,717.9044755314595,
580,5041.4155265277,10043,69259264,13.209148880678912,1744.9478314248731,15166,134905856,25.72928780732395,7458.995760912568,25209,204165120,38.93843668800286,5182.579268554881,8489,53231616,10.152350751274655,1998.0375111320534,6642,27205632,5.188666796704083,3762.8130239385723,15131,80437248,15.341017547978737,2772.7145950036347,1554,16027648,3.056798129404257,362.4006685971686,1636,6701056,1.2780275337861908,682.0009260391198,3190,22728704,4.334825663190448,526.3085122257053,0,0,0,0,6888,100999168,19.262593476833676,12632.80663327526,6888,100999168,19.262593476833676,12632.80663327526,
585,5019.311872425138,10003,70782976,13.500006298338452,321.5359610116965,15095,137216000,26.17037272115839,435.82763643590596,25098,207998976,39.67037901949684,390.2758144075225,8442,54071296,10.312689262448117,288.6572924662402,6635,27176960,5.183296209101072,387.62070369253956,15077,81248256,15.495985471549188,332.20854493599523,1561,16711680,3.1873170358903353,499.3461595131326,1531,6270976,1.1960250936147312,746.8444239059438,3092,22982656,4.383342129505066,621.8946209573091,0,0,0,0,6929,103768064,19.791051418442585,413.2682912397171,6929,103768064,19.791051418442585,413.2682912397171,
590,5017.224433658129,9856,67371008,12.849038180107414,7879.583574472402,15232,135655424,25.87228206997674,8490.444509716386,25088,203026432,38.721320250084155,8250.463428013392,8292,51437568,9.810203153318877,7765.871894356006,6665,27299840,5.2066415047675045,8214.271023855963,14957,78737408,15.016844658086383,7965.683367119075,1564,15933440,3.038835026788536,8482.459054987212,1535,6287360,1.199128988719898,8394.928737459284,3099,22220800,4.2379640155084335,8439.103444336884,0,0,0,0,7032,102068224,19.46651157648934,8773.054434869171,7032,102068224,19.46651157648934,8773.054434869171,
595,4974.1314146864015,9785,68812800,13.12481902974529,273.0102178845171,15086,135548928,25.853549770914338,680.5452115206151,24871,204361728,38.978368800659624,520.2086785010655,8276,52580352,10.02876796933573,251.52300592073468,6649,27234304,5.194459626712883,597.5063260640698,14925,79814656,15.223227596048613,405.6565466666667,1509,16232448,3.0960510604095584,390.85525844930413,1463,5992448,1.1429529905069855,557.783094326726,2972,22224896,4.239004050916544,473.0273391655451,0,0,0,0,6974,102322176,19.51613715369447,785.4672830513335,6974,102322176,19.51613715369447,785.4672830513335,
