5,3725.1927772113054,7531,53002240,10.108812673033913,157.83546660470057,11096,101036032,19.270021808788837,397.10689356524875,18627,154038272,29.37883448182275,300.36812100714013,6353,41426944,7.901122981071484,146.83332535809853,4792,19628032,3.7435417565052944,384.44299728714526,11145,61054976,11.644664737576777,248.99802234185734,1178,11575296,2.2076896919624294,217.17044397283533,1134,4644864,0.8858882203416119,383.576594356261,2312,16220160,3.0935779123040414,298.7900696366782,0,0,0,0,5170,76763136,14.64059183194193,411.8126479690522,5170,76763136,14.64059183194193,411.8126479690522,
10,3766.5212608730412,7505,52445184,10.002915889043338,187.4309308461026,11328,101003264,19.264441026860332,495.0296576624294,18833,153448448,29.267356915903672,372.4507565443636,6316,40173568,7.662339818786088,184.89868524382518,4831,19787776,3.774139851606402,475.1933947422894,11147,59961344,11.43647967039249,310.70955288418406,1189,12271616,2.340576070257251,200.88228763666947,1192,4882432,0.9312305326257154,454.8799832214765,2381,17154048,3.2718066028829664,328.04115077698447,0,0,0,0,5305,76333056,14.559070642628216,522.1149353440151,5305,76333056,14.559070642628216,522.1149353440151,
15,3755.698066040574,7335,51916800,9.900493363631128,227.90482944785276,11447,102285312,19.50572941038237,442.3174457062986,18782,154202112,29.406222774013493,358.5821384836546,6166,39497728,7.532185996488754,200.4080830360039,4959,20312064,3.873494800019468,422.84073845533374,11125,59809792,11.405680796508221,299.558064,1169,12419072,2.368307367142373,372.93899401197604,1183,4845568,0.9240460472722385,414.41030008453083,2352,17264640,3.2923534144146114,393.79807355442176,0,0,0,0,5305,77127680,14.70818856309066,466.7470676720075,5305,77127680,14.70818856309066,466.7470676720075,
20,3765.0079856263305,7225,50696192,9.668011040342403,246.4047132179931,11603,104284160,19.88749786597056,556.6382926829268,18828,154980352,29.555508906312962,437.5901934884215,6115,39174144,7.470700298120283,240.41357416189697,5069,20762624,3.9595336481777204,514.0395845334385,11184,59936768,11.430233946298003,364.4309424177396,1110,11522048,2.19731074222212,279.40995225225225,1159,4747264,0.9053263953911971,480.57611475409834,2269,16269312,3.1026371376133173,382.1651670339357,0,0,0,0,5375,78774272,15.02263782240164,613.2129746976744,5375,78774272,15.02263782240164,613.2129746976744,
25,3703.6844835624315,7346,50962432,9.720009336796789,190.43097331881296,11173,101412864,19.342365469357958,260.68314338136577,18519,152375296,29.062374806154747,232.81595609914143,6248,40222720,7.6716357247503995,154.4513074583867,4910,20111360,3.8358178623751997,240.51481955193483,11158,60334080,11.5074535871256,192.3229550994802,1098,10739712,2.04837361204639,395.16772404371585,1104,4521984,0.8624730998090062,380.6817826086957,2202,15261696,2.9108467118553962,387.90501771117164,0,0,0,0,5159,76779520,14.644074507173752,254.1989356464431,5159,76779520,14.644074507173752,254.1989356464431,
30,3728.7754069081807,7252,50634752,9.657230821810247,233.05837024269167,11393,101908480,19.436329303238875,380.1728149741069,18645,152543232,29.093560125049123,322.95243668543844,6103,38232064,7.291748300499664,208.29010191708994,5029,20598784,3.928669616800173,368.68623642871347,11132,58830848,11.220417917299837,280.7507703018325,1149,12402688,2.3654825213105832,364.61689208006965,1169,4788224,0.9132262441915693,366.84477502138583,2318,17190912,3.2787087655021523,365.74044477998274,0,0,0,0,5195,76521472,14.594433442247132,394.2914833493744,5195,76521472,14.594433442247132,394.2914833493744,
35,3712.018164562998,7323,50757632,9.680775781389883,194.494995083982,11238,101249024,19.310772800207918,323.3586326748532,18561,152006656,28.9915485815978,272.51716841764994,6168,39747584,7.580878646110993,188.59378550583656,4872,19955712,3.806063557692988,314.90622393267654,11040,59703296,11.386942203803981,244.33601376811595,1155,11010048,2.09989713527889,226.00898701298703,1105,4526080,0.8632389637214187,313.9379574660633,2260,15536128,2.963136099000309,269.0008066371682,0,0,0,0,5261,76767232,14.641470278793511,333.1647496673636,5261,76767232,14.641470278793511,333.1647496673636,
40,3750.1356387368987,7444,49192960,9.380650372656907,271.3497129231596,11311,104108032,19.85245549723735,381.8932558571302,18755,153300992,29.23310586989426,338.01769554785386,6308,38121472,7.269418236329544,191.27649048826888,4870,19947520,3.8038107672638746,317.9748743326489,11178,58068992,11.073229003593418,246.47609053497942,1136,11071488,2.111232136327362,715.9816558098591,1156,4734976,0.9029168884922052,868.2399455017301,2292,15806464,3.014149024819567,792.7751038394415,0,0,0,0,5285,79425536,15.145727841481271,334.4127912961211,5285,79425536,15.145727841481271,334.4127912961211,
45,3750.6849169623174,7310,49537024,9.447643833673993,265.05148153214776,11445,105168896,20.057690017646223,590.9354890345129,18755,154705920,29.505333851320216,463.91804862703276,6158,39354368,7.505619476925726,257.44081779798637,4915,20131840,3.8395212041101106,555.3234844354018,11073,59486208,11.345140681035836,389.66273656642284,1152,10182656,1.9420243567482673,305.7341788194444,1159,4747264,0.9053926908572977,525.2885944779983,2311,14929920,2.847417047605565,415.8439009086975,0,0,0,0,5371,80289792,15.312776122678816,637.6898650158257,5371,80289792,15.312776122678816,637.6898650158257,
50,3789.5899834781294,7384,51294208,9.781502975258345,274.46613475081256,11568,105668608,20.150380400520227,586.5310380359613,18952,156962816,29.931883375778572,464.9455987230899,6260,40255488,7.676484168397271,270.51416980830675,5029,20598784,3.928066634398644,571.6909103201432,11289,60854272,11.604550802795915,404.6817513508725,1124,11038720,2.1050188068610747,296.47618861209963,1169,4788224,0.9130860798592195,560.5672728828058,2293,15826944,3.018104886720294,431.113117313563,0,0,0,0,5370,80281600,15.309227686262362,606.0808785847299,5370,80281600,15.309227686262362,606.0808785847299,
55,3736.634521272128,7426,50688000,9.667023222325433,210.5056505521142,11259,102027264,19.458253046052864,521.2154345856649,18685,152715264,29.125276268378297,397.7297050575328,6268,39026688,7.443022000995291,204.58581046585832,4947,20262912,3.8644657681490036,495.347562967455,11215,59289600,11.307487769144295,332.8424658047258,1158,11661312,2.224001221330142,242.5484464594128,1082,4431872,0.8452298284085752,492.8050157116451,2240,16093184,3.0692310497387174,363.4313071428572,0,0,0,0,5230,77332480,14.748557449495287,551.5612154875716,5230,77332480,14.748557449495287,551.5612154875716,
60,3738.0386782123724,7400,52453376,10.00425574833552,238.02208297297298,11291,101498880,19.358539547380463,507.72357948808786,18691,153952256,29.362795295715983,400.9453935048954,6221,40304640,7.687168246417423,227.12869570808553,4875,19968000,3.8084293903744855,490.13305579487184,11096,60272640,11.495597636791908,342.6790071196828,1179,12148736,2.317087501918097,295.50110093299406,1149,4706304,0.897617511700571,484.0550870322019,2328,16855040,3.2147050136186683,388.5631842783505,0,0,0,0,5267,76824576,14.652492645305406,529.1682160622745,5267,76824576,14.652492645305406,529.1682160622745,
65,3731.311643489929,7318,50434048,9.6187879081467,180.2976966384258,11340,102895616,19.624264682900453,290.78383880070544,18658,153329664,29.243052591047153,247.4492054882624,6158,38633472,7.368180585530714,174.92191636895095,4941,20238336,3.8598579594049256,279.32041428860555,11099,58871808,11.22803854493564,221.39754284169746,1160,11800576,2.250607322615987,208.83567499999998,1131,4632576,0.883525470974898,273.5013015030946,2291,16433152,3.1341327935908847,240.7592121344391,0,0,0,0,5268,78024704,14.880881252520629,305.24612623386486,5268,78024704,14.880881252520629,305.24612623386486,
70,3737.9177136718263,7200,50118656,9.558141756936553,219.06908222222222,11492,104980480,20.020854301265437,225.64428106508876,18692,155099136,29.57899605820199,223.11157019045584,6051,37662720,7.182667003516804,118.79457411998017,5034,20619264,3.9323051327573237,190.83681783869685,11085,58281984,11.114972136274128,151.51091646368968,1149,12455936,2.37547475341975,747.1465831157528,1182,4841472,0.9233183684781797,452.48636463620977,2331,17297408,3.29879312189793,597.7307194337194,0,0,0,0,5276,79519744,15.165230800029933,208.03499886277484,5276,79519744,15.165230800029933,208.03499886277484,
75,3729.273692483455,7417,49901568,9.517646394930722,211.78355022246188,11230,101494784,19.357938112122493,353.28296206589494,18647,151396352,28.875584507053215,297.00038912425595,6274,37986304,7.245067115372856,206.49028243544788,4876,19972096,3.8092459838859227,345.6867502050861,11150,57958400,11.05431309925878,267.36220860986543,1143,11915264,2.2725792795578648,240.83863517060365,1175,4812800,0.9179376601857997,350.0621310638298,2318,16728064,3.1905169397436643,296.20429853321826,0,0,0,0,5179,76709888,14.630754468050771,361.1654887043831,5179,76709888,14.630754468050771,361.1654887043831,
80,3749.5918054148415,7398,51642368,9.849453113055679,192.45259380913762,11351,101715968,19.39970408919033,294.7476852259713,18749,153358336,29.24915720224601,254.38398122566537,6282,39813120,7.593328383478839,183.2016329194524,4984,20414464,3.893533813092442,283.5800481540931,11266,60227584,11.48686219657128,227.60834528670335,1116,11829248,2.25612472957684,244.52655107526883,1081,4427776,0.8444843603436857,287.4285087881591,2197,16257024,3.100609089920526,265.6357983614019,0,0,0,0,5286,76873728,14.661685915754203,306.77408191449115,5286,76873728,14.661685915754203,306.77408191449115,
85,3751.314858657442,7356,50941952,9.716185727562253,225.05038281674823,11401,105660416,20.152667606994925,398.0918631698974,18757,156602368,29.86885333455718,330.22956485578715,6220,39587840,7.550609878337958,218.1490263665595,4903,20082688,3.830381814122194,387.79225616969205,11123,59670528,11.380991692460151,292.9274814348647,1136,11354112,2.165575849224296,262.83773943661976,1162,4759552,0.9077918963920028,382.4611101549054,2298,16113664,3.0733677456162987,323.3261453437772,0,0,0,0,5336,80818176,15.414493896480728,410.9595371064468,5336,80818176,15.414493896480728,410.9595371064468,
90,3762.014916391143,7393,51716096,9.86305290804128,344.4439903963208,11419,101605376,19.37770397884302,648.4158039232858,18812,153321472,29.2407568868843,528.9567555815437,6221,39907328,7.610939686602739,326.375913357981,5018,20553728,3.9199112539641328,609.2241550418494,11239,60461056,11.530850940566872,452.66228018506985,1172,11808768,2.25211322143854,440.34971331058017,1205,4935680,0.9413098965776764,690.1726489626556,2377,16744448,3.1934231180162165,566.9953327724022,0,0,0,0,5196,76115968,14.51648282830121,676.5810648575828,5196,76115968,14.51648282830121,676.5810648575828,
95,3757.5690011911106,7346,51621888,9.84548849268762,218.3745332153553,11443,102383616,19.52692457059587,565.9268914620292,18789,154005504,29.37241306328349,430.0431497152589,6203,40345600,7.694839455127593,206.58570643237144,4951,20279296,3.867730978917433,555.9665400929106,11154,60624896,11.562570434045027,361.6676956248879,1143,11276288,2.1506490375600267,282.3518670166229,1187,4861952,0.9272867444910105,520.0331027801179,2330,16138240,3.0779357820510374,403.43668540772535,0,0,0,0,5305,77242368,14.731906847187426,585.4913828463714,5305,77242368,14.731906847187426,585.4913828463714,
100,3763.8902822658993,7357,50741248,9.677328685525385,216.00908862308006,11464,103772160,19.791340187906492,469.64196118283326,18821,154513408,29.46866887343188,370.49860836299877,6203,38998016,7.437669229487181,196.43566451716913,4959,20312064,3.8738999799419105,468.1411641459972,11162,59310080,11.311569209429091,317.1476850026877,1154,11743232,2.2396594560382046,321.2204835355286,1167,4780032,0.911643733936723,449.74194944301627,2321,16523264,3.1513031899749278,385.84114304179235,0,0,0,0,5338,78680064,15.00579647402786,475.38676564256275,5338,78680064,15.00579647402786,475.38676564256275,
105,3733.207035754812,7322,50470912,9.62606494217963,242.61115610488937,11345,101457920,19.35056229652568,526.8177723226091,18667,151928832,28.97662723870531,415.33971779075375,6148,38023168,7.251968905880012,233.0102820429408,5012,20529152,3.915422617286504,496.6170257382282,11160,58552320,11.167391523166517,351.3971099462365,1174,12447744,2.374096036299618,292.88898722316867,1121,4591616,0.875735984432995,484.80819536128456,2295,17039360,3.249832020732613,386.63253071895423,0,0,0,0,5212,76337152,14.55940369480618,564.8950704144282,5212,76337152,14.55940369480618,564.8950704144282,
110,3708.646162390267,7362,51466240,9.81599907450559,263.32101820157567,11182,102166528,19.48591045884544,483.2861836880701,18544,153632768,29.30190953335103,395.95963341242447,6186,39239680,7.4840645550150064,254.87006498545102,4815,19722240,3.7615627173692334,462.7351759086189,11001,58961920,11.245627272384239,345.85002217980184,1176,12226560,2.331934519490584,307.7747568027211,1146,4694016,0.8952753632617115,466.57726614310644,2322,16920576,3.2272098827522955,386.15015546942294,0,0,0,0,5221,77750272,14.829072378214493,505.90666289982767,5221,77750272,14.829072378214493,505.90666289982767,
115,3771.3700980330977,7386,51380224,9.799402630375532,290.8486190089358,11472,103964672,19.82847875990049,447.89658559972105,18858,155344896,29.627881390276023,386.386548414466,6241,39407616,7.5159480793082745,286.8787974683544,4982,20406272,3.8919502474913026,436.6793536732236,11223,59813888,11.407898326799577,353.376736612314,1145,11972608,2.283454551067258,312.48674672489085,1151,4714496,0.8991639371462243,430.8723370981755,2296,16687104,3.1826184882134823,371.83422691637634,0,0,0,0,5339,78843904,15.037364575262965,462.03390709870763,5339,78843904,15.037364575262965,462.03390709870763,
120,3734.4995677256757,7362,51048448,9.735935515406844,304.81338318391744,11312,100438016,19.15549023295284,614.1884936350779,18674,151486464,28.891425748359683,492.22107566670235,6176,39477248,7.529081801933015,278.9176738989637,4876,19972096,3.80906856881359,588.4811158736669,11052,59449344,11.338150370746606,415.49307591386173,1186,11571200,2.2068537134738295,439.6632150084317,1208,4947968,0.9436740834960659,534.3275223509934,2394,16519168,3.1505277969698953,487.4303341687552,0,0,0,0,5228,75517952,14.402747580643183,656.6179556235654,5228,75517952,14.402747580643183,656.6179556235654,
125,3742.8216912260655,7315,50049024,9.545638993849204,262.721381544771,11400,103649280,19.76858947044391,590.630388508772,18715,153698304,29.314228464293116,462.46290862944164,6173,38588416,7.35980562738795,257.5289298558238,4962,20324352,3.8763778285849706,564.8835306328094,11135,58912768,11.23618345597292,394.49287498877413,1142,11460608,2.1858333664612553,290.7888108581436,1132,4636672,0.8843328702051968,528.2417093639576,2274,16097280,3.0701662366664517,408.99315611257697,0,0,0,0,5306,78688256,15.007878771653742,628.0182312476442,5306,78688256,15.007878771653742,628.0182312476442,
130,3736.1284350213464,7371,52555776,10.023490180588036,294.49421435354765,11311,101904384,19.435306071455827,569.1187444965078,18682,154460160,29.458796252043864,460.76538769938975,6271,41050112,7.82911843113189,267.8090639451443,4927,20180992,3.84893898525113,556.9144836614573,11198,61231104,11.678057416383021,395.0123505090194,1100,11505664,2.1943717494561445,446.62383090909094,1184,4849664,0.9249327701516822,537.062612331081,2284,16355328,3.1193045196078266,493.5062815236427,0,0,0,0,5200,76873728,14.661434316053017,587.9812163461539,5200,76873728,14.661434316053017,587.9812163461539,
135,3748.0918513662236,7278,52252672,9.961866247007949,340.9700735092058,11471,102834176,19.605127694393786,624.9541022578677,18749,155086848,29.566993941401737,514.7169823457251,6165,40542208,7.729289967303023,335.12421849148416,4967,20344832,3.878701077752487,576.0628171934769,11132,60887040,11.60799104505551,442.62889148401,1113,11710464,2.2325762797049244,373.3507529200359,1137,4657152,0.8878766107116122,594.0478232189973,2250,16367616,3.1204528904165367,484.8763391111111,0,0,0,0,5367,77832192,14.838550005929688,676.7490439724241,5367,77832192,14.838550005929688,676.7490439724241,
140,3764.4285901820067,7179,50561024,9.642798612560489,1064.7370902632679,11645,104886272,20.003495145158492,1302.8330723915842,18824,155447296,29.646293757718983,1212.0292551529963,6038,38043648,7.255534147234432,1045.954065419013,5093,20860928,3.9785137179010506,1342.4900461417633,11131,58904576,11.234047865135482,1181.6343951127483,1141,12517376,2.3872644653260577,1164.1340262927256,1228,5029888,0.9592803545223818,1273.9118045602606,2369,17547264,3.3465448198484395,1221.038674546222,0,0,0,0,5324,78995456,15.065701072735061,1271.567548271976,5324,78995456,15.065701072735061,1271.567548271976,
145,3755.473906208125,7503,51007488,9.728579603211243,258.2015387178462,11275,100368384,19.143107251030937,487.5477466962306,18778,151375872,28.87168685424218,395.90941468740016,6339,39419904,7.5184975589259615,237.45982615554504,4897,20058112,3.825652799881591,468.76969103532775,11236,59478016,11.344150358807552,338.271895247419,1164,11587584,2.210082044285281,371.15833934707905,1188,4866048,0.9280938383212844,480.8542836700337,2352,16453632,3.1381758826065655,426.56598469387757,0,0,0,0,5190,75444224,14.389360612828064,506.7978377649325,5190,75444224,14.389360612828064,506.7978377649325,
150,3689.9051192557254,7308,51261440,9.777092345758257,326.8410097153804,11142,101036032,19.27059823354526,619.2915043080237,18450,152297472,29.04769057930352,503.4525766937669,6157,38416384,7.327155342458386,289.8631375669969,4873,19959808,3.8069333600383533,589.0118932895547,11030,58376192,11.13408870249674,422.0255932910245,1151,12845056,2.4499370032998717,524.6453179843614,1090,4464640,0.8515406038255294,597.5572587155963,2241,17309696,3.3014776071254013,560.1089571619813,0,0,0,0,5179,76611584,14.61212426968138,652.3563570187295,5179,76611584,14.61212426968138,652.3563570187295,
155,3719.305485307424,7378,50356224,9.603927009198207,294.9738498238005,11220,100438016,19.15551441292901,567.3455776292335,18598,150794240,28.759441422127214,459.2931737283579,6195,38113280,7.26895565483889,271.668391928975,4841,19828736,3.7817317920553535,544.1600198306135,11036,57942016,11.050687446894244,391.19829140993113,1183,12242944,2.334971354359317,417.0172240067625,1139,4665344,0.8897732929458888,558.8193467954346,2322,16908288,3.2247446473052057,486.57476830318694,0,0,0,0,5240,75943936,14.484009327927765,590.6189864503817,5240,75943936,14.484009327927765,590.6189864503817,
160,3735.259005256077,7241,49152000,9.373642372256471,307.75208520922524,11438,102973440,19.637780769877306,728.6095194964155,18679,152125440,29.01142314213378,565.4622053107769,6134,37453824,7.142715487659431,292.92156358004564,4931,20197376,3.8517858781330547,678.7173224498073,11065,57651200,10.994501365792486,464.84735544509715,1107,11698176,2.2309268845970402,389.92951942186085,1164,4767744,0.9092433101088777,595.5855103092783,2271,16465920,3.140170194705918,495.338402465874,0,0,0,0,5343,78008320,14.876751581635375,803.6344811903425,5343,78008320,14.876751581635375,803.6344811903425,
165,3705.274671972594,7397,51806208,9.840548662159113,16491.504383398675,11206,101834752,19.343431438851983,15837.763420578262,18603,153640960,29.183980101011095,16097.70654276192,6289,40497152,7.692402326278238,16643.774631896962,4901,20074496,3.81313480338724,16236.920036727199,11190,60571648,11.505537129665477,16465.580318141197,1108,11309056,2.1481463358808752,15627.21955234657,1130,4628480,0.8791761534028936,16899.12064159292,2238,15937536,3.027322489283769,16269.421621537087,0,0,0,0,5175,77131776,14.651120482061849,15227.985597294686,5175,77131776,14.651120482061849,15227.985597294686,
170,3781.054295180948,7424,52412416,9.995961061283397,5646.070153825431,11483,106258432,20.265334624243035,5814.842411739092,18907,158670848,30.261295685526434,5748.572498862855,6263,40476672,7.719606690184631,5699.303349353345,5086,20832256,3.973074238643901,5675.73927683838,11349,61308928,11.692680928828532,5688.743223103357,1161,11935744,2.276354371098767,5358.904345391903,1102,4513792,0.8608587909920525,6078.9152368421055,2263,16449536,3.1372131620908195,5709.523878038003,0,0,0,0,5295,80912384,15.431401594607083,5893.4959133144475,5295,80912384,15.431401594607083,5893.4959133144475,
175,3728.570332744642,7209,50950144,9.717370193035167,383.5612616174227,11435,103116800,19.666757344614545,581.4850464363795,18644,154066944,29.384127537649714,504.9546578523922,6093,39010304,7.440166711027167,295.2586325291318,4911,20115456,3.8364824357259995,542.2503777234779,11004,59125760,11.276649146753167,405.4891360414395,1116,11939840,2.2772034820080003,865.66513172043,1174,4808704,0.917131007848162,796.8899165247019,2290,16748544,3.1943344898561623,830.4065716157205,0,0,0,0,5350,78192640,14.913143901040385,570.2319885981309,5350,78192640,14.913143901040385,570.2319885981309,
180,3740.5579006191097,7357,51515392,9.825145339083248,294.64383036563817,11347,103821312,19.801062169813395,586.2003195558298,18704,155336704,29.626207508896645,471.51997893498714,6189,38854656,7.4104578744170855,259.1639885280336,4981,20402176,3.8911544035917673,553.1759963862678,11170,59256832,11.301612278008854,390.271760340197,1168,12660736,2.414687464666162,482.6444648972603,1117,4575232,0.8725997728994186,638.3974494180841,2285,17235968,3.2872872375655806,558.7827947483589,0,0,0,0,5249,78843904,15.03730799332221,606.4308319679939,5249,78843904,15.03730799332221,606.4308319679939,
185,3700.544663898409,7306,51093504,9.744640123729319,285.3525821242814,11198,101076992,19.27757610495979,553.4080567958564,18504,152170496,29.022216228689107,447.5707622676178,6129,39477248,7.529167990420328,281.15336090716266,4891,20033536,3.8208301142504486,536.9737975874054,11020,59510784,11.349998104670776,394.6939921052632,1177,11616256,2.2154721333089906,307.21921495327103,1099,4501504,0.8585345114621229,529.1270391264786,2276,16117760,3.074006644771113,414.37066432337434,0,0,0,0,5208,76541952,14.598211479247217,573.9658141321045,5208,76541952,14.598211479247217,573.9658141321045,
190,3713.5876280934417,7477,54034432,10.30566064194034,307.4282182693594,11092,103673856,19.773087970599754,590.8795174900829,18569,157708288,30.078748612540092,476.744918735527,6320,41115648,7.8417390481956595,301.61529414556964,4722,19341312,3.688851542695746,566.1424351969505,11042,60456960,11.530590590891405,414.7376596631045,1157,12918784,2.463921593744681,339.1807510803803,1109,4542464,0.8663567049660277,563.6807213706041,2266,17461248,3.330278298710709,449.0529783759929,0,0,0,0,5261,79790080,15.21787972293798,618.8156451245011,5261,79790080,15.21787972293798,618.8156451245011,
195,3802.997677072745,7568,52211712,9.957540331850753,376.07024352536996,11449,101642240,19.384668026584798,586.2102874486854,19017,153853952,29.342208358435553,502.5830143555766,6424,41488384,7.912444184617265,321.5439469178082,5018,20553728,3.9198978100907724,571.416543443603,11442,62042112,11.832341994708038,431.12799597972383,1144,10723328,2.045096147233488,682.2563706293706,1176,4816896,0.9186528148000694,587.5319889455782,2320,15540224,2.9637489620335575,634.2409081896552,0,0,0,0,5255,76271616,14.546117401693957,600.0410555661275,5255,76271616,14.546117401693957,600.0410555661275,
200,3499.913709660985,7371,51359744,9.375302930475605,29868.434487857823,10914,99532800,18.1689019228453,29821.33461343229,18285,150892544,27.544204853320906,29840.321388077657,6193,39743488,7.2548500147065,29817.419843855965,4744,19431424,3.5470481778591814,30842.75313301012,10937,59174912,10.801898192565682,30262.16530639115,1178,11616256,2.1204529157691057,30136.62947113752,1131,4632576,0.8456390154213183,30242.21721308576,2309,16248832,2.966091931190424,30188.348715894328,0,0,0,0,5039,75468800,13.776214729564801,28765.246564794605,5039,75468800,13.776214729564801,28765.246564794605,
205,3983.943730876334,7895,55156736,10.519107778143493,13591.343579354021,12027,107724800,20.54452209751774,13973.038700922923,19922,162881536,31.063629875661228,13821.774621774923,6666,42545152,8.113914487715466,13361.083795679568,5220,21381120,4.077657998062456,14051.841505747127,11886,63926272,12.191572485777922,13664.44533417466,1229,12611584,2.405193290428027,14840.254659886086,1189,4870144,0.9287998773364483,15027.256341463415,2418,17481728,3.333993167764475,14932.208753928866,0,0,0,0,5618,81473536,15.538064222118832,13676.70274225703,5618,81473536,15.538064222118832,13676.70274225703,
210,3807.0201365722437,7602,54132736,10.324512216355435,566.3111370691923,11434,102842368,19.614698299655892,877.2920572852895,19036,156975104,29.93921051601133,753.1022613469216,6430,41480192,7.911344976924296,329.53798242612754,5060,20725760,3.9529382426421384,670.0212458498024,11490,62205952,11.864283219566435,479.4810035683203,1172,12652544,2.4131672394311394,1865.3310895904438,1136,4653056,0.8874580718659031,2522.7129498239433,2308,17305600,3.3006253112970425,2188.8951247833625,0,0,0,0,5238,77463552,14.77430198514785,720.6658969072165,5238,77463552,14.77430198514785,720.6658969072165,
215,3839.7133875851164,7536,50335744,9.600564690062287,355.33611279193207,11663,104169472,19.868301830715605,706.8751110348967,19199,154505216,29.46886652077789,568.8888674410125,6418,38608896,7.363896392589073,347.373216110938,5001,20484096,3.906943121084018,681.635026394721,11419,59092992,11.27083951367309,493.76460880987827,1118,11726848,2.236668297473214,401.04798300536675,1147,4698112,0.8960735372692199,653.2792240627724,2265,16424960,3.132741834742434,528.7783289183224,0,0,0,0,5515,78987264,15.065285172362367,740.9095889392567,5515,78987264,15.065285172362367,740.9095889392567,
220,3718.0654380613,7451,51757056,9.870986780970686,295.57185303986046,11141,100409344,19.14983934383629,622.0250936181671,18592,152166400,29.020826124806977,491.19446240318416,6298,39739392,7.579005519862108,287.834363766275,4854,19881984,3.7918462990528417,607.506381540997,11152,59621376,11.37085181891495,426.97424668220947,1153,12017664,2.291981261108578,337.83612662619254,1189,4870144,0.9288226719352758,588.7994785534062,2342,16887808,3.220803933043854,465.2466413321947,0,0,0,0,5098,75657216,14.429170372848175,643.5980800313848,5098,75657216,14.429170372848175,643.5980800313848,
225,3810.849098319158,7534,52756480,10.061045561168214,425.1426449429254,11523,104734720,19.97367507756764,721.6555030807949,19057,157491200,30.034720638735855,604.4320223015164,6390,40886272,7.797310309905366,320.4628028169014,4912,20119552,3.8369453258119774,632.63221009772,11302,61005824,11.634255635717343,456.1357924261193,1144,11870208,2.2637352512628484,1009.8491057692307,1213,4968448,0.9475192752870375,1225.2441104699094,2357,16838656,3.2112545265498857,1120.6993988120494,0,0,0,0,5398,79646720,15.189210476468627,689.5008966283808,5398,79646720,15.189210476468627,689.5008966283808,
230,3741.4193891469613,7539,51924992,9.90289883800411,622.6747164080116,11170,104013824,19.837044497300333,898.9246721575649,18709,155938816,29.739943335304442,787.6066745951147,6344,40026112,7.633598441664128,622.0411913619167,4705,19271680,3.6754073544852357,873.1999183846972,11049,59297792,11.309005796149364,728.9922105167889,1195,11898880,2.2693003963399807,626.0379656903766,1114,4562944,0.8702239729854522,889.0882190305207,2309,16461824,3.1395243693254327,752.9491749675184,0,0,0,0,5351,80179200,15.291413169829646,923.5916082975145,5351,80179200,15.291413169829646,923.5916082975145,
235,3722.046176020047,7358,51728384,9.86599850998678,330.9389142430008,11253,104783872,19.9851115593065,640.8573568826091,18611,156512256,29.851110069293277,518.3287500940304,6171,38948864,7.428599242336233,323.0847245179063,4884,20004864,3.8154673151298937,630.3002311629812,11055,58953728,11.244066557466127,458.8097841700588,1187,12779520,2.4373992676505463,371.77143723673123,1075,4403200,0.8398090425398518,596.9194241860465,2262,17182720,3.277208310190398,478.7714752431476,0,0,0,0,5294,80375808,15.329835201636755,659.5189132980734,5294,80375808,15.329835201636755,659.5189132980734,
240,3759.8111640892207,7403,51814400,9.881790535104649,395.41601175199247,11398,103419904,19.723741440383975,853.1760091244078,18801,155234304,29.605531975488624,672.930423222169,6206,38469632,7.336741241557539,373.3973562681276,5006,20504576,3.9105330765797532,843.9907321214542,11212,58974208,11.247274318137292,583.5106669639672,1197,13344768,2.5450492935471107,509.5745547201337,1112,4554752,0.8686601640344956,666.7411645683453,2309,17899520,3.4137094575816063,585.2650138588133,0,0,0,0,5280,78360576,14.944548199769727,901.148934090909,5280,78360576,14.944548199769727,901.148934090909,
245,3748.9791196157607,7374,51011584,9.715121525032353,1928.11946880933,11399,102625280,19.544914871501977,2151.5739316606723,18773,153636864,29.26003639653433,2063.8014281148457,6274,39469056,7.5168549072757145,1915.5298275422376,4968,20348928,3.875439516328949,2138.9365857487924,11242,59817984,11.392294423604664,2014.2564575698273,1100,11542528,2.198266617756638,1999.9262045454545,1243,5091328,0.9696399595001778,2204.682533386967,2343,16633856,3.167906577256816,2108.5528015364916,0,0,0,0,5188,77185024,14.69983539567285,2150.9510215882806,5188,77185024,14.69983539567285,2150.9510215882806,
250,3723.6246463234306,7443,52523008,10.017497004027588,895.6295808141879,11176,98115584,18.713181255125697,1156.1283021653544,18619,150638592,28.730678259153283,1051.993172297116,6254,39993344,7.627765791727783,870.6557716661337,4842,19832832,3.7826343674258425,1134.6769049979348,11096,59826176,11.410400159153625,985.8675892213411,1189,12529664,2.3897312122998042,1026.9888763666947,1139,4665344,0.8898018472734478,1145.58292976295,2328,17195008,3.279533059573252,1085.0123414948455,0,0,0,0,5195,73617408,14.040745040426408,1178.4341432146296,5195,73617408,14.040745040426408,1178.4341432146296,
255,3747.1280326979613,7430,53243904,10.154731717540995,310.4145006729475,11307,101748736,19.405622786017066,600.4555006633059,18737,154992640,29.560354503558063,485.44217782996213,6314,41058304,7.830681647559884,303.5515003167564,4925,20172800,3.847377006607385,575.9476540101523,11239,61231104,11.67805865416727,422.9171962808079,1116,12185600,2.324050069981111,349.2433396057347,1164,4767744,0.9093090021707607,560.6030627147766,2280,16953344,3.2333590721518712,457.14804035087724,0,0,0,0,5218,76808192,14.648936777238921,632.4772297815255,5218,76808192,14.648936777238921,632.4772297815255,
260,3781.8836187378015,7406,52178944,9.888242380247094,1182.7437551984879,11626,103817216,19.674023971249145,1431.2433872355066,19032,155996160,29.562266351496238,1334.5437090689366,6300,40165376,7.6115946919462285,1184.0313682539681,5008,20512768,3.887300246508945,1406.4480623003196,11308,60678144,11.498894938455173,1282.5335617262115,1106,12013568,2.2766476883008657,1175.4092504520795,1159,4747264,0.8996367782955006,1489.0612553925798,2265,16760832,3.1762844665963663,1335.9049121412802,0,0,0,0,5459,78557184,14.887086946444699,1441.7149164682178,5459,78557184,14.887086946444699,1441.7149164682178,
265,3778.947564791093,7639,52027392,9.922774654683957,25494.5330200288,11257,103460864,19.732275626095266,25720.995783068312,18896,155488256,29.655050280779225,25629.44471157917,6448,40292352,7.6846429127795695,25384.774321650126,4965,20336640,3.8786471548185992,25437.619981268883,11413,60628992,11.56329006759817,25407.763781039168,1191,11735040,2.2381317419043882,26088.75979345088,1156,4734976,0.9030646749184896,26559.387474048443,2347,16470016,3.141196416822878,26320.5644797614,0,0,0,0,5136,78389248,14.950563796358178,25806.233333917447,5136,78389248,14.950563796358178,25806.233333917447,
270,3706.8648536384203,7272,51998720,9.917607169910756,541.0481940319032,11263,103034880,19.65162728311186,7799.523331439226,18535,155033600,29.56923445302262,4951.7417722686805,6120,40198144,7.666907976802219,508.0343900326797,4929,20189184,3.8506408617952044,820.7655960641104,11049,60387328,11.517548838597424,647.5449443388542,1152,11800576,2.250699193108538,716.4340277777777,1153,4722688,0.9007484101541633,938.6786452732003,2305,16523264,3.1514476032627012,827.604545770065,0,0,0,0,5181,78123008,14.900238011162495,15965.678668403783,5181,78123008,14.900238011162495,15965.678668403783,
275,3736.4492352551606,7379,51273728,9.77772286214531,329.0703850115192,11307,102866944,19.616370982578474,763.5245654904041,18686,154140672,29.39409384472378,591.9609671946912,6240,39579648,7.547702190198924,323.74525432692303,4930,20193280,3.8507887610142495,736.858761663286,11170,59772928,11.398490951213173,506.077357385855,1139,11694080,2.230020671946386,358.2440597014925,1139,4665344,0.889664989613637,691.1015329236171,2278,16359424,3.119685661560023,524.6727963125549,0,0,0,0,5238,78008320,14.875917231950586,804.3707371134021,5238,78008320,14.875917231950586,804.3707371134021,
280,3780.6701728218545,7562,52711424,10.05302921970966,319.35502010050254,11343,104067072,19.847487247273552,687.4902469364366,18905,156778496,29.900516466983213,540.236156202063,6416,40345600,7.694641216422422,315.27149111596015,4791,19623936,3.742642240393891,653.6225086620747,11207,59969536,11.437283456816314,459.9167775497457,1146,12365824,2.3583880032872377,342.2170811518325,1160,4751360,0.906170945284265,646.901999137931,2306,17117184,3.2645589485715028,495.4844293148309,0,0,0,0,5392,79691776,15.198674061595396,726.3149319362018,5392,79691776,15.198674061595396,726.3149319362018,
285,3766.141677329439,7471,52207616,9.957129532519662,339.9786170526034,11361,101584896,19.374452340814383,774.7517947363788,18832,153792512,29.331581873334045,602.2692963041632,6275,40247296,7.676035994550306,332.5679756175299,4938,20226048,3.8575479077029726,705.7783120696638,11213,60473344,11.533583902253278,496.9229779719968,1196,11960320,2.281093537969356,378.8596998327759,1161,4755456,0.9069690402679529,652.9940671834626,2357,16715776,3.1880625782373087,513.8915201527365,0,0,0,0,5262,76603392,14.609935392843457,866.3427827822121,5262,76603392,14.609935392843457,866.3427827822121,
290,3739.1210394853606,7482,51417088,9.806824155371581,305.30074926490244,11214,100106240,19.093346798158326,668.7165020510078,18696,151523328,28.900170953529905,523.2802235772358,6324,39870464,7.604526912163385,302.5480994623656,4845,19845120,3.7850763190293404,628.6085199174407,11169,59715584,11.389603231192725,443.9898343629689,1158,11546624,2.202297243208196,320.3333549222798,1126,4612096,0.879668923679471,597.3432850799289,2284,16158720,3.0819661668876672,456.8977950963222,0,0,0,0,5243,75649024,14.428601555449513,721.1081510585543,5243,75649024,14.428601555449513,721.1081510585543,
295,3733.875094618317,7397,52256768,9.96632027466151,2102.2619532242798,11274,100798464,19.224108452668528,2325.1813699662944,18671,153055232,29.190428727330037,2236.866072143967,6271,40341504,7.693861764002289,2099.042099505661,4860,19906560,3.7965446413901027,2316.1399995884776,11131,60248064,11.490406405392392,2193.831048782679,1126,11915264,2.27245851065922,2120.1941936056837,1072,4390912,0.8374271307757594,2315.7708125,2198,16306176,3.109885641434979,2215.580060509554,0,0,0,0,5342,76500992,14.590136680502665,2335.2954054661172,5342,76500992,14.590136680502665,2335.2954054661172,
300,3778.1869330895174,7384,51814400,9.881732136154593,275.93617903575296,11509,102133760,19.47833919486283,537.8325250673386,18893,153948160,29.360071331017423,435.474899539512,6221,39809024,7.5921387060305525,243.69639350586723,5041,20647936,3.937850727142712,505.96596250743903,11262,60456960,11.529989433173265,361.0912520866631,1163,12005376,2.2895934301240404,448.38992433361994,1145,4689920,0.8944334621262457,753.4099764192139,2308,16695296,3.1840268922502863,599.710530762565,0,0,0,0,5323,76795904,14.64605500559387,521.6392430959985,5323,76795904,14.64605500559387,521.6392430959985,
305,3733.2362371125755,7300,48934912,9.333184338669163,349.9547419178082,11367,103747584,19.787413251372833,729.705882202868,18667,152682496,29.120597590041996,581.1987131836931,6155,38068224,7.260619004234636,306.23862323314376,4935,20213760,3.855299632655254,650.7761452887538,11090,58281984,11.115918636889889,459.5562671776375,1145,10866688,2.0725653344345267,584.9527423580786,1115,4567040,0.8710555401034666,1013.1915775784754,2260,15433728,2.9436208745379933,796.2298668141593,0,0,0,0,5317,78966784,15.061058078614112,743.5166215911228,5317,78966784,15.061058078614112,743.5166215911228,
310,3693.1063956488256,7221,48996352,9.34406361357129,439.8413210081706,11247,100909056,19.2443028911505,834.8491332799857,18468,149905408,28.58836650472179,680.4008220164609,6111,38559744,7.353704636194626,433.8784305351006,4949,20271104,3.8658895522123653,786.4983554253384,11060,58830848,11.219594188406992,591.6646880650994,1110,10436608,1.9903589773766632,472.6694504504505,1125,4608000,0.8787887949563369,764.9959031111111,2235,15044608,2.869147772333,619.8136380313199,0,0,0,0,5173,76029952,14.499624543981799,896.2975932727624,5173,76029952,14.499624543981799,896.2975932727624,
315,3780.3343853893466,7482,50552832,9.64151006629142,410.1559232825448,11421,102088704,19.47050695934592,512.7074453200245,18903,152641536,29.11201702563734,472.11650801460087,6269,38477824,7.33854687755158,248.60499665018344,5005,20500480,3.909881533121743,472.75305534465537,11274,58978304,11.248428410673323,348.1136922121696,1213,12075008,2.30296318873984,1245.079879637263,1145,4689920,0.8944684026821971,643.3620427947599,2358,16764928,3.197431591422037,952.8971301950805,0,0,0,0,5271,76898304,14.66615702354198,522.26392563081,5271,76898304,14.66615702354198,522.26392563081,
320,3724.1308600420493,7389,49684480,9.475877685900342,286.4270296386521,11233,103677952,19.773570979844145,561.77317475296,18622,153362432,29.249448665744485,452.5189235313071,6234,38924288,7.423682246422997,254.79799759384022,4848,19857408,3.7872263001850666,527.7023923267326,11082,58781696,11.210908546608064,374.18443557119656,1155,10760192,2.0521954394773454,457.14164935064935,1161,4755456,0.9069657043141218,525.8672515073213,2316,15515648,2.959161143791467,491.5934732297064,0,0,0,0,5224,79065088,15.079378975344955,601.3715534073507,5224,79065088,15.079378975344955,601.3715534073507,
325,3749.333169635984,7465,51494912,9.82169993212739,210.31373288680507,11282,102502400,19.55043277135602,430.42830189682684,18747,153997312,29.372132703483413,342.7793309862911,6311,40038400,7.636582630969236,206.37984091269215,4832,19791872,3.7749327133343575,411.98078373344373,11143,59830272,11.411515344303593,295.53570160638964,1154,11456512,2.1851173011581535,231.82741767764298,1140,4669440,0.890609125248586,393.2202114035088,2294,16125952,3.0757264264067397,312.03133435047954,0,0,0,0,5310,78041088,14.884890932773079,455.2033736346516,5310,78041088,14.884890932773079,455.2033736346516,
330,3753.073109583999,7402,50585600,9.647597200072433,286.26049608214,11365,100601856,19.18661010777158,603.9150329960404,18767,151187456,28.83420730784401,478.62708701444024,6247,39649280,7.561841368153939,281.96580006403076,4983,20410368,3.8926297042883347,589.5302642986153,11230,60059648,11.454471072442274,418.43897239536955,1155,10936320,2.0857558319184935,309.4890380952381,1162,4759552,0.9077334369622807,541.0369991394148,2317,15695872,2.9934892688807744,425.6127889512301,0,0,0,0,5220,75431936,14.386246966520964,631.6436877394636,5220,75431936,14.386246966520964,631.6436877394636,
335,3756.2124760662996,7370,50864128,9.700561704689601,285.9442248303935,11413,100966400,19.255825899548935,544.1468667309208,18783,151830528,28.956387604238536,442.8343250279508,6243,38834176,7.406267154305211,282.0628414223931,5019,20557824,3.9206892571941627,533.0550133492728,11262,59392000,11.326956411499374,393.91950195347187,1127,12029952,2.2942945503843903,307.445091393079,1144,4685824,0.8936578023969162,503.66772465034967,2271,16715776,3.1879523527813065,406.2908388375165,0,0,0,0,5250,75722752,14.441478839957856,563.5712763809523,5250,75722752,14.441478839957856,563.5712763809523,
340,3766.0526705337434,7463,52166656,9.948025929651362,324.502707356291,11371,101662720,19.386777918808637,583.0788316770733,18834,153829376,29.334803848459998,480.6176648614208,6260,39645184,7.560218512334762,314.4815520766773,5003,20492288,3.9078182887912813,570.8613461922846,11263,60137472,11.468036801126043,428.36489665275684,1203,12521472,2.3878074173165995,376.6493674147963,1103,4517888,0.8615477858358552,552.7067606527652,2306,17039360,3.249355203152455,460.8606877710321,0,0,0,0,5265,76652544,14.6174118441815,601.0511914529915,5265,76652544,14.6174118441815,601.0511914529915,
345,3769.642011558022,7277,50376704,9.607171681076293,618.2764200906967,11574,104009728,19.835345190468356,809.5343507862451,18851,154386432,29.44251687154465,735.7035746114265,6152,39030784,7.443429461661598,320.4172649544863,5013,20533248,3.9158266230779297,705.169644524237,11165,59564032,11.359256084739528,493.16815423197494,1125,11345920,2.163742219414695,2247.1026622222225,1195,4894720,0.9334555784117546,1387.5896225941424,2320,16240640,3.0971977978264493,1804.379350862069,0,0,0,0,5366,78581760,14.986062988978672,778.3014440924339,5366,78581760,14.986062988978672,778.3014440924339,
350,3745.569156078228,7398,51425280,9.80798927185159,312.6293296836983,11331,104640512,19.957363753723023,709.4998325831789,18729,156065792,29.765353025574612,552.735030380693,6284,40353792,7.696400661591546,304.683400700191,4856,19890176,3.79351620104431,681.2886116144975,11140,60243968,11.489916862635855,468.84811382405746,1114,11071488,2.111588610260043,357.4517872531418,1152,4718592,0.8999445353383536,643.6696831597222,2266,15790080,3.011533145598397,502.96062047661076,0,0,0,0,5323,80031744,15.263903017340358,749.4829287995491,5323,80031744,15.263903017340358,749.4829287995491,
355,3762.6605610673314,7380,51589120,9.839479112679355,301.654168699187,11434,102494208,19.548494310168756,510.5718442364877,18814,154083328,29.38797342284811,428.62157074518973,6160,39391232,7.5130028286333745,295.52597159090914,4952,20283392,3.8686066348541615,499.70006138933763,11112,59674624,11.381609463487536,386.5150008099352,1220,12197888,2.32647628404598,332.59654098360653,1182,4841472,0.923403279967209,468.28173942470386,2402,17039360,3.249879564013189,399.3658601165695,0,0,0,0,5300,77369344,14.756484395347385,530.161273018868,5300,77369344,14.756484395347385,530.161273018868,
360,3788.52778425827,7530,52158464,9.947197645475557,284.3876047808765,11415,105611264,20.14123952339734,453.0721567236093,18945,157769728,30.088437168872897,386.02572356822384,6343,40513536,7.726380706093821,276.13552624940877,4941,20238336,3.859675166192455,439.6233309046752,11284,60751872,11.586055872286277,347.7230167493796,1187,11644928,2.2208169393817343,328.4844321819714,1151,4714496,0.8991066821063581,439.8989704604691,2338,16359424,3.1199236214880925,383.3339332763045,0,0,0,0,5323,80658432,15.382457675098527,468.4042975765546,5323,80658432,15.382457675098527,468.4042975765546,
365,3716.4076937740006,7203,49414144,9.42400519635707,228.5712641954741,11381,103383040,19.716668696622385,460.0235093577014,18584,152797184,29.140673892979454,370.3145919070168,6098,38756352,7.391407258614937,219.20790997048212,4971,20361216,3.883183838784068,443.8698887547777,11069,59117568,11.274591097399004,320.1018205799982,1105,10657792,2.0325979377421333,280.24342171945705,1194,4890624,0.9327140421460827,440.0682998324958,2299,15548416,2.965311979888216,363.249469769465,0,0,0,0,5216,78131200,14.900770815692233,479.986348351227,5216,78131200,14.900770815692233,479.986348351227,
370,3764.9225970547095,7375,51884032,9.894313517619207,549.3436351186441,11453,102690816,19.583195247511732,814.1104647690562,18828,154574848,29.47750876513094,710.4002794773742,6219,39714816,7.573637314820859,526.0446036340247,4932,20201472,3.852431851969521,789.6628787510137,11151,59916288,11.42606916679038,642.6409028786655,1156,12169216,2.3206762027983467,674.6867811418686,1175,4812800,0.9178036143682455,796.9749846808511,2331,16982016,3.2384798171665925,736.329268983269,0,0,0,0,5346,77676544,14.812959781173966,840.4310190796858,5346,77676544,14.812959781173966,840.4310190796858,
375,3703.685622780597,7219,49532928,9.44736449648962,346.3283749826846,11300,104337408,19.900166693052185,664.0284392035398,18519,153870336,29.3475311895418,540.183913926238,6081,37543936,7.1607163627572845,315.29528597270183,4843,19836928,3.783476908666106,621.224103861243,10924,57380864,10.94419327142339,450.9244753753204,1138,11988992,2.286648133732334,512.1563312829526,1165,4771840,0.9101281434226748,657.4001622317596,2303,16760832,3.1967762771550086,585.6296543638732,0,0,0,0,5292,79728640,15.206561640963402,704.6602114512472,5292,79728640,15.206561640963402,704.6602114512472,
380,3722.972696135821,7356,52826112,10.075166116777838,424.61288172920064,11260,100634624,19.19335941095718,601.115068383659,18616,153460736,29.26852552773502,531.3712950150408,6211,40767488,7.775306533324791,416.9458517146997,4914,20127744,3.8388281226522682,591.2916082621083,11125,60895232,11.61413465597706,493.95574364044944,1145,12058624,2.2998595834530478,466.2023344978166,1181,4837376,0.92259992121537,557.0392286198137,2326,16896000,3.222459504668418,512.3237325881341,0,0,0,0,5165,75669504,14.43193136708954,620.5392793804452,5165,75669504,14.43193136708954,620.5392793804452,
385,3770.781672495319,7463,51548160,9.831462010315896,1132.0393256063244,11392,102100992,19.473091261910554,1370.6190005266856,18855,153649152,29.30455327222645,1276.1867483956512,6301,39088128,7.455037104842637,1120.7151734645295,4917,20140032,3.8411838462235406,1328.8744754931868,11218,59228160,11.296220951066177,1211.9541900517027,1162,12460032,2.3764249054732582,1193.4450765920826,1176,4816896,0.9186968076385771,1383.7631232993197,2338,17276928,3.2951217131118353,1289.1739144568007,0,0,0,0,5299,77144064,14.713210608048437,1406.437143800717,5299,77144064,14.713210608048437,1406.437143800717,
390,3719.9100139790207,7320,50270208,9.586503101306855,272.76962035519125,11283,99811328,19.033969491782404,525.3476406983958,18603,150081536,28.620472593089257,425.961998118583,6142,38105088,7.26662090372832,262.1991476717682,4940,20234240,3.85865927812726,504.3720625506073,11082,58339328,11.12528018185558,370.1520622631294,1178,12165120,2.319882197578535,327.8832393887946,1124,4603904,0.8779621515415061,495.5409955516014,2302,16769024,3.1978443491200412,409.74567115551696,0,0,0,0,5219,74973184,14.297348062113638,551.621261161142,5219,74973184,14.297348062113638,551.621261161142,
395,3710.8291553197,7348,51372032,9.797458383158514,299.7872320359281,11208,99069952,18.89420554245375,756.6374858137045,18556,150441984,28.691663925612264,575.7291184522526,6235,39714816,7.574243061960209,300.7384471531676,4859,19902464,3.795714422242642,718.6927009672771,11094,59617280,11.369957484202851,483.7959304128358,1113,11657216,2.2232153211983037,294.4585471698113,1198,4907008,0.9358439756836149,581.5593063439065,2311,16564224,3.1590592968819187,443.2887979229771,0,0,0,0,5151,74260480,14.162647144527494,833.1502733449817,5151,74260480,14.162647144527494,833.1502733449817,
400,3751.5897704114673,7464,52248576,9.964535395990612,893.838646034298,11296,101974016,19.447873410048782,1408.23571990085,18760,154222592,29.412408806039394,1203.5736858208954,6334,40783872,7.77805573360603,842.4741013577518,4851,19869696,3.7894293827179726,1200.6403982683983,11185,60653568,11.567485116324002,997.812921770228,1130,11464704,2.1864796623845817,1181.752828318584,1179,4829184,0.9209930410687466,1377.0037192536047,2309,16293888,3.1074727034533285,1281.4500134257255,0,0,0,0,5266,77275136,14.737450986262065,1606.4634893657426,5266,77275136,14.737450986262065,1606.4634893657426,
405,3751.9623244426334,7389,49065984,9.3580009487139,347.3882387332521,11372,104919040,20.01045114795113,635.5366743756596,18761,153985024,29.36845209666503,522.0497178721816,6251,38334464,7.31125560389126,313.51279491281394,4881,19992576,3.8130397053737837,606.3244888342552,11132,58327040,11.124295309265044,441.90067472152356,1138,10731520,2.0467453448226416,533.465039543058,1156,4734976,0.9030677933644937,691.5441980968858,2294,15466496,2.9498131381871353,613.1248073234524,0,0,0,0,5335,80191488,15.294343649212852,650.1271111527648,5335,80191488,15.294343649212852,650.1271111527648,
410,3791.427742458535,7457,49688576,9.476413317834803,288.5570868982164,11502,102350848,19.51995845239931,527.2024667883846,18959,152039424,28.996371770234113,433.3378854369956,6340,38965248,7.431301615082225,268.4206604100947,5078,20799488,3.9667980239028213,504.54078554549034,11418,59764736,11.398099638985046,373.4318703801016,1117,10723328,2.045111702752577,402.84978513876456,1166,4775936,0.9108480692931645,584.1331132075472,2283,15499264,2.9559597720457416,495.4368900569427,0,0,0,0,5258,76775424,14.642312359203325,536.463570559148,5258,76775424,14.642312359203325,536.463570559148,
415,3737.2117110521312,7296,49381376,9.41827548656078,1103.7502149122806,11391,102506496,19.550577498894334,1268.8022663506276,18687,151887872,28.968852985455115,1204.3606883930006,6160,38072320,7.261352907065565,1114.1764849025974,4908,20103168,3.834181825484432,1278.4024841075795,11068,58175488,11.095534732549996,1187.0009522045536,1136,11309056,2.156922579495215,1047.2133987676057,1177,4820992,0.9194849243266455,1311.6564205607476,2313,16130048,3.076407503821861,1181.778654561176,0,0,0,0,5306,77582336,14.796910749083256,1250.4160604975498,5306,77582336,14.796910749083256,1250.4160604975498,
420,3781.3650000893927,7378,51617792,9.844180047184567,333.94891122255353,11531,105422848,20.105499607557245,679.3118040933136,18909,157040640,29.949679654741814,544.5565328679464,6246,40620032,7.746765079188173,320.80698334934357,5111,20934656,3.992509460495185,652.5855955781648,11357,61554688,11.73927453968336,470.1175836048252,1132,10997760,2.0974149679963947,406.46170406360426,1121,4591616,0.8756805136402079,628.5829598572702,2253,15589376,2.9730954816366024,516.9800918774966,0,0,0,0,5299,79896576,15.237309633421852,715.821463672391,5299,79896576,15.237309633421852,715.821463672391,
425,3727.1681708852047,7435,51339264,9.791578465777745,336.71111149966373,11202,99385344,18.955070998374914,593.6183528834136,18637,150724608,28.74664946415266,491.1283952889413,6337,39735296,7.578434872866595,305.889815843459,4928,20185088,3.849760545664012,574.8043289366884,11265,59920384,11.428195418530606,423.5294714602752,1098,11603968,2.2131435929111496,514.5932158469946,1094,4481024,0.8546343419148598,557.0372888482632,2192,16084992,3.0677779348260095,535.7765260036497,0,0,0,0,5180,74719232,14.250676110796045,619.2429077220078,5180,74719232,14.250676110796045,619.2429077220078,
430,3743.917647957878,7460,51281920,9.780512390921425,299.45497184986596,11261,100958208,19.254797876312402,606.3798450404049,18721,152240128,29.035310267233825,484.0755047807275,6330,39968768,7.622862612668631,295.6712142180095,4894,20045824,3.8231491726173683,587.145857785043,11224,60014592,11.446011785285998,422.76288435495366,1130,11313152,2.1576497782527935,320.6507115044248,1149,4706304,0.8975885572818464,592.2052828546563,2279,16019456,3.0552383355346397,457.5599710399298,0,0,0,0,5218,76206080,14.534060146413186,627.5407698351859,5218,76206080,14.534060146413186,627.5407698351859,
435,3715.569049888338,7361,51314688,9.786891672259571,414.8169807091428,11218,99606528,18.997256679917644,562.1126756997683,18579,150921216,28.784148352177215,503.75411975886755,6245,40206336,7.668273360065449,412.785512570056,4835,19804160,3.777108974726614,549.7857997931748,11080,60010496,11.445382334792063,472.56858014440434,1116,11108352,2.1186183121941218,426.18482885304655,1154,4726784,0.901506464702071,518.3886681109185,2270,15835136,3.0201247768961923,473.0584986784141,0,0,0,0,5229,75075584,14.318641240488958,583.1602851405622,5229,75075584,14.318641240488958,583.1602851405622,
440,3779.0660325975014,7444,50950144,9.717110019836218,243.37105857066095,11453,103964672,19.827935245878518,513.3215125294682,18897,154914816,29.545045265714734,406.9812903106313,6330,39849984,7.600109605513832,195.61506856240126,4997,20467712,3.9035612805789515,472.1852959775865,11327,60317696,11.503670886092783,317.6263183543745,1114,11100160,2.1170004143223853,514.7313967684021,1189,4870144,0.9288241670218877,721.1266265769555,2303,15970304,3.045824581344273,621.2897676943118,0,0,0,0,5267,78626816,14.995549798277677,505.43797228023544,5267,78626816,14.995549798277677,505.43797228023544,
445,3765.8144605810157,7518,51998720,9.917480121704891,191.090919792498,11312,102453248,19.54044350407282,371.09665620579915,18830,154451968,29.457923625777713,299.22819490175254,6366,40300544,7.686340048637607,183.4081792334276,4900,20070400,3.82793639987034,360.6336102040816,11266,60370944,11.514276448507948,260.4900726966093,1152,11698176,2.231140073067284,233.54606423611114,1172,4800512,0.9155798899281712,358.18852303754267,2324,16498688,3.146719962995455,296.40362091222033,0,0,0,0,5240,77582336,14.796927214274309,383.7678885496183,5240,77582336,14.796927214274309,383.7678885496183,
450,3695.27801268942,7199,50302976,9.593695305278313,285.806453396305,11279,100151296,19.100679416119213,503.7007973224577,18478,150454272,28.694374721397526,418.8095005411841,6114,39260160,7.48762881696056,279.97262103369314,4914,20127744,3.838728013202315,515.6324021164021,11028,59387904,11.326356830162874,384.9809783278927,1085,11042816,2.1060664883177536,318.6802331797235,1131,4632576,0.8835167649433899,475.9104040671972,2216,15675392,2.9895832532611437,398.9272202166065,0,0,0,0,5234,75390976,14.378434637973507,498.5038215513947,5234,75390976,14.378434637973507,498.5038215513947,
455,3771.63848657704,7351,50790400,9.685544438213094,469.53994735410146,11511,106291200,20.26934501384111,625.714938319868,18862,157081600,29.954889452054207,564.8495815926201,6209,39047168,7.446152833023018,326.55528748590757,4956,20299776,3.8710934061116204,612.2959305891849,11165,59346944,11.317246239134638,453.39188643081053,1142,11743232,2.2393916051900757,1246.940781961471,1150,4710400,0.898256137414924,617.7634165217391,2292,16453632,3.137647742605,931.2540584642234,0,0,0,0,5405,81281024,15.499995470314568,639.7110257169288,5405,81281024,15.499995470314568,639.7110257169288,
460,3785.5486925644955,7443,50655232,9.661077389716407,275.18537337095256,11486,103936000,19.822902786775597,656.4301974577746,18929,154591232,29.483980176492004,506.5223721274235,6258,38289408,7.302640206927223,274.76327628635346,4988,20430848,3.896616319229032,652.9056122694467,11246,58720256,11.199256526156255,442.4828185132492,1185,12365824,2.3584371827891837,277.4144734177215,1224,5013504,0.9561865226015106,554.1259305555556,2409,17379328,3.314623705390694,418.01008302200086,0,0,0,0,5274,78491648,14.970099944945055,683.5066202123625,5274,78491648,14.970099944945055,683.5066202123625,
465,3714.2512698886912,7410,51945472,9.906348971665784,172.1003886639676,11164,100163584,19.10186545916378,301.35646990326046,18574,152109056,29.00821443082956,249.79043340152901,6285,40484864,7.720734366499338,169.50818281622912,4802,19668992,3.751008339531548,292.8667315701791,11087,60153856,11.471742706030886,222.9372214305042,1125,11460608,2.1856146051664456,186.58217866666666,1156,4734976,0.9029915952724843,287.565392733564,2281,16195584,3.08860620043893,237.75999342393686,0,0,0,0,5206,75759616,14.447865524359749,312.24971014214367,5206,75759616,14.447865524359749,312.24971014214367,
470,3762.998508379348,7603,52629504,10.037210333858313,306.57262449033277,11214,101941248,19.441675678190187,578.6374780631354,18817,154570752,29.4788860120485,468.709801934421,6383,40308736,7.687461039419384,270.1742561491462,4789,19615744,3.741007104743362,539.5057277093339,11172,59924480,11.428468144162746,385.6261373970641,1220,12320768,2.3497492944389298,497.0076942622951,1175,4812800,0.9178708181402069,635.9575531914893,2395,17133568,3.2676201125791366,565.1772492693111,0,0,0,0,5250,77512704,14.782797755306618,601.5043093333333,5250,77512704,14.782797755306618,601.5043093333333,
475,3781.910131716045,7490,51740672,9.867993657758108,284.27312216288385,11421,101834752,19.42194888530574,584.0592385955696,18911,153575424,29.289942543063844,465.324216011845,6248,39391232,7.512705431179522,276.4966550896287,5003,20492288,3.908294194883139,576.8219966020388,11251,59883520,11.420999626062661,410.0428006399431,1242,12349440,2.355288226578586,323.39338486312397,1140,4669440,0.8905567423879229,575.8772271929824,2382,17018880,3.2458449689665088,444.22948068849706,0,0,0,0,5278,76673024,14.623097948034676,592.6866381205001,5278,76673024,14.623097948034676,592.6866381205001,
480,3774.5716738947035,7392,50728960,9.675195991589352,537.8245316558442,11482,101638144,19.384764903940102,828.6988160599199,18874,152367104,29.059960895529453,714.7779349369504,6215,38711296,7.383147138999674,527.9411488334674,4932,20201472,3.852891936255041,810.4439799270074,11147,58912768,11.236039075254714,652.9347760832511,1177,12017664,2.292048852589678,590.0124876805438,1194,4890624,0.9327560770252471,796.4879899497487,2371,16908288,3.224804929614925,693.9904504428512,0,0,0,0,5356,76546048,14.599116890659815,852.6892152725915,5356,76546048,14.599116890659815,852.6892152725915,
485,3728.45883135154,7423,51703808,9.860287574615867,306.05924437558934,11222,102948864,19.633087847611122,521.2677687577972,18645,154652672,29.493375422226993,435.58834389916865,6238,39956480,7.619987743830927,282.0444007694774,4802,19668992,3.751018056983712,508.64472553102877,11040,59625472,11.371005800814638,380.60733188405794,1185,11747328,2.2402998307849407,432.476623628692,1151,4714496,0.8990882514761043,488.4187132927889,2336,16461824,3.139388082261045,460.04055565068495,0,0,0,0,5269,78565376,14.982981539151307,539.9478060353008,5269,78565376,14.982981539151307,539.9478060353008,
490,3759.4017754180422,7350,51650560,9.849995093920693,328.50856544217686,11450,106348544,20.281147709639722,395.0342913537118,18800,157999104,30.131142803560415,369.0255634042553,6157,39612416,7.554266657677005,209.5232041578691,4858,19898368,3.7947086571186937,361.05771696171263,11015,59510784,11.348975314795698,276.35522078983206,1193,12038144,2.295728436243689,942.5847342833193,1163,4763648,0.9084491906605683,592.9112132416165,2356,16801792,3.2041776269042574,769.9742483022071,0,0,0,0,5429,81686528,15.577989861860459,383.04816835512986,5429,81686528,15.577989861860459,383.04816835512986,
495,3788.407885290048,7546,51568640,9.835438733099318,8787.23024768089,11397,100917248,19.24746143813352,8933.762110994121,18943,152485888,29.08290017123284,8875.390710447131,6399,40722432,7.766793636574538,8681.096360212532,5021,20566016,3.9224573374814677,8842.508479784905,11420,61288448,11.689250974056005,8752.063983012258,1147,10846208,2.068645096524781,9379.34074978204,1149,4706304,0.897610731082694,8855.411376849434,2296,15552512,2.9662558276074753,9117.14787108014,0,0,0,0,5227,75644928,14.427393369569359,9038.6424392577,5227,75644928,14.427393369569359,9038.6424392577,
500,3720.324728295008,7419,50487296,9.625870420765043,364.09539789729075,11190,100347904,19.132256972117702,451.1468233243968,18609,150835200,28.75812739288274,416.44133000161213,6255,38899712,7.416590247120364,203.67171095123902,4841,19828736,3.7805321034336825,422.5234658128486,11096,58728448,11.197122350554046,299.15308669790915,1164,11587584,2.2092801736446783,1226.165983676976,1094,4481024,0.8543487133146971,593.39013071298,2258,16068608,3.0636288869593753,919.5863631532329,0,0,0,0,5255,76038144,14.49737615536932,447.90257887725977,5255,76038144,14.49737615536932,447.90257887725977,
505,3748.346734169848,7390,52813824,10.072219524911725,242.79831975642762,11354,101720064,19.39921666524413,423.25431733309847,18744,154533888,29.471436190155856,352.10782661118225,6205,40124416,7.652199663877406,237.65991426269136,4955,20295680,3.8706256976840083,411.72972108980827,11160,60420096,11.522825361561413,314.9462845878136,1185,12689408,2.42001986103432,269.70448523206755,1189,4870144,0.9287939363362837,395.4226433978133,2374,17559552,3.348813797370604,332.6694768323505,0,0,0,0,5210,76554240,14.599797031223837,440.56645451055664,5210,76554240,14.599797031223837,440.56645451055664,
510,3745.5410692476667,7393,51445760,9.811821704840815,398.9124561071284,11336,102957056,19.636142545611364,786.439164520113,18729,154402816,29.44796425045218,633.4686399167067,6219,39567360,7.546353317576615,391.4256539636598,4978,20389888,3.8887936661383424,715.3522042989152,11197,59957248,11.435146983714956,535.4380115209432,1174,11878400,2.265468387264201,438.57210051107324,1146,4694016,0.8952506109671636,691.2777879581153,2320,16572416,3.160718998231365,563.3999961206897,0,0,0,0,5212,77873152,14.85209826850586,875.2583942824251,5212,77873152,14.85209826850586,875.2583942824251,
515,3733.4212796299753,7197,51187712,9.762813900193471,245.06503515353617,11471,103051264,19.654527879888576,486.57008212012903,18668,154238976,29.417341780082047,393.4635992071995,6066,40026112,7.634009556908906,236.8760450049456,4905,20090880,3.8318478179122173,475.07231926605505,10971,60116992,11.465857374821123,343.3706877221767,1131,11161600,2.128804343284565,288.9858258178603,1163,4763648,0.9085502573357612,439.27223645743766,2294,15925248,3.037354600620326,365.1772362685266,0,0,0,0,5403,78196736,14.914129804640599,507.1889829724227,5403,78196736,14.914129804640599,507.1889829724227,
520,3796.831770345684,7520,53035008,10.114644047430492,212.63422393617023,11466,106696704,20.348807753438127,465.77718908076054,18986,159731712,30.46345180086862,365.51198851785523,6384,41545728,7.923450306849511,203.47115413533834,4914,20127744,3.838690210771813,456.65376251526254,11298,61673472,11.762140517621324,313.59147079129053,1136,11489280,2.19119374058098,264.1280950704225,1158,4743168,0.9045997688387789,452.3226079447323,2294,16232448,3.095793509419759,359.1277663469922,0,0,0,0,5394,81825792,15.605517773827534,476.9772119021135,5394,81825792,15.605517773827534,476.9772119021135,
525,3751.9171369639766,7415,51884032,9.895347723902537,380.58036803776133,11346,102883328,19.62195816917849,668.0815027322404,18761,154767360,29.51730589308103,554.4510505303556,6222,40099840,7.647860915529,251.85689906782386,4919,20148224,3.842679044278565,578.4911364098393,11141,60248064,11.490539959807565,396.073200430841,1193,11784192,2.2474868083735378,1051.9277476948866,1147,4698112,0.8960261971513548,1319.6811734960768,2340,16482304,3.1435130055248925,1183.1726961538461,0,0,0,0,5280,78036992,14.883252927748572,609.9963113636364,5280,78036992,14.883252927748572,609.9963113636364,
530,3774.4809551353637,7533,53108736,10.129368025810088,213.88503265631223,11340,101552128,19.368920365873013,435.5499720458554,18873,154660864,29.4982883916831,347.0742666242781,6331,40783872,7.7786609157019155,207.94462896856734,4979,20393984,3.889721070531268,418.47318437437235,11310,61177856,11.668381986233184,300.6255907161804,1202,12324864,2.350707110108172,245.17346505823627,1158,4743168,0.9046589675989574,417.2907512953368,2360,17068032,3.255366077707129,329.627625,0,0,0,0,5203,76414976,14.574540327742788,455.9554118777628,5203,76414976,14.574540327742788,455.9554118777628,
535,3740.170483690234,7368,50352128,9.603316940535281,220.35846593376763,11334,103260160,19.69410396737122,404.69415554967355,18702,153612288,29.297420907906503,332.07168944497914,6244,39178240,7.472197717092651,214.2979458680333,4957,20303872,3.872418618257007,392.30777163607024,11201,59482112,11.344616335349658,293.0761537362735,1124,11173888,2.1311192234426297,254.02562544483985,1095,4485120,0.855416257210293,375.8198063926941,2219,15659008,2.9865354806529227,314.1268548895899,0,0,0,0,5282,78471168,14.966269091903921,422.30428758046196,5282,78471168,14.966269091903921,422.30428758046196,
540,3736.5280532463676,7551,52109312,9.938339181711351,244.0952790358893,11133,100167680,19.104078343715695,578.517188448756,18684,152276992,29.042417525427048,443.3630545386427,6360,39890944,7.608040032281626,235.86281163522014,4848,19857408,3.787224363538487,580.7296848184818,11208,59748352,11.395264395820114,385.0343499286224,1191,12218368,2.3302991494297247,288.0570696893367,1079,4419584,0.8429074026934875,554.0986181649675,2270,16637952,3.1732065521232125,414.51470440528635,0,0,0,0,5206,75890688,14.473946577483723,581.517852093738,5206,75890688,14.473946577483723,581.517852093738,
545,3752.615422681026,7399,50741248,9.676101970915651,570.6881990809569,11368,106864640,20.378551858345926,754.0995804890922,18767,157605888,30.054653829261575,681.7885658869292,6292,39182336,7.471875319162021,520.3698115066752,4920,20152320,3.842946536721424,746.7142882113822,11212,59334656,11.314821855883444,619.6932886193364,1107,11558912,2.20422665175363,856.6893685636857,1168,4784128,0.9123092591241104,754.3682842465753,2275,16343040,3.11653591087774,804.1570492307693,0,0,0,0,5280,81928192,15.62329606250039,760.9218895833333,5280,81928192,15.62329606250039,760.9218895833333,
550,3754.9921507765453,7572,50806784,9.689572565137924,275.568720945589,11205,102744064,19.594746712666854,485.6017192324855,18777,153550848,29.28431927780478,400.90395798050804,6406,38907904,7.420287793957202,257.5207603808929,4870,19947520,3.80427429798627,469.44336160164266,11276,58855424,11.224562091943472,349.04816974104295,1166,11898880,2.2692847711807214,374.72415437392795,1147,4698112,0.8959964311684294,482.2557829119442,2313,16596992,3.165281202349151,428.04831258106356,0,0,0,0,5188,78098432,14.894475983512157,501.50938897455666,5188,78098432,14.894475983512157,501.50938897455666,
555,3771.749869022033,7341,50409472,9.60860199637799,650.6571202833401,11530,100999168,19.251556677231534,950.0896229835212,18871,151408640,28.860158673609526,833.6075074452864,6230,38572032,7.352255220597346,602.9509144462279,4992,20447232,3.8974682023172935,918.1683723958333,11222,59019264,11.24972342291464,743.1724034931385,1111,11837440,2.256346775780645,918.1725679567957,1228,5029888,0.9587521939995265,872.7711123778502,2339,16867328,3.215098969780171,894.3363185121847,0,0,0,0,5310,75522048,14.395336280914714,997.9800210922788,5310,75522048,14.395336280914714,997.9800210922788,
560,3727.2746085893577,7330,50421760,9.615832065774175,392.9947822646658,11309,98754560,18.833282786824967,692.4522674860731,18639,149176320,28.44911485259914,574.6871853103708,6220,39747584,7.580181508226855,386.5151448553055,5015,20541440,3.917416556446587,666.8339447657029,11235,60289024,11.497598064673442,511.64187218513575,1110,10674176,2.035650557547319,429.30410180180183,1147,4698112,0.8959674556818016,679.8115353095031,2257,15372288,2.9316180132291207,556.611158174568,0,0,0,0,5147,73515008,14.019898774696578,720.2305476976879,5147,73515008,14.019898774696578,720.2305476976879,
565,3809.3546021384013,7485,52281344,9.971232655186599,277.3999663326654,11563,105222144,20.06823845809218,707.5367703018247,19048,157503488,30.03947111327878,538.5125169571609,6286,40361984,7.697941600141707,275.18879350938596,5046,20668416,3.9419335614283595,693.9665642092747,11332,61030400,11.639875161570068,461.66537583833394,1199,11919360,2.273291055044892,288.9924870725605,1240,5079040,0.968687597338717,684.0772556451612,2439,16998400,3.2419786523836094,489.85559204592045,0,0,0,0,5277,79474688,15.157617299325102,726.0255059693008,5277,79474688,15.157617299325102,726.0255059693008,
570,3755.6000173869365,7346,50860032,9.698715320830281,189.77273141845905,11436,104296448,19.888732239212487,502.4176941238195,18782,155156480,29.58744756004277,380.1362599829624,6165,39411712,7.5155866003889,175.36694193025144,4995,20459520,3.9015126864417535,478.6147011011011,11160,59871232,11.417099286830654,311.09476962365596,1181,11448320,2.1831287204413816,264.9731481795089,1141,4673536,0.8912164114574657,505.67064417177914,2322,16121856,3.0743451318988475,383.24870499569334,0,0,0,0,5300,79163392,15.096003141313268,524.1505873584906,5300,79163392,15.096003141313268,524.1505873584906,
575,3773.273913033577,7402,51458048,9.814515790103261,173.94582085922724,11465,105861120,20.19073156055232,438.46891931966854,18867,157319168,30.005247350655583,334.68983547993855,6213,39596032,7.552091390824503,144.14151231289233,4916,20135936,3.840496666731484,419.95141619202604,11129,59731968,11.392588057555987,265.9746947614341,1189,11862016,2.2624243992787587,329.6852396972246,1162,4759552,0.9077821657327063,431.63979862306365,2351,16621568,3.170206565011465,380.0770718843046,0,0,0,0,5387,80965632,15.44245272808813,456.8404588824949,5387,80965632,15.44245272808813,456.8404588824949,
580,3761.6828130010695,7418,50089984,9.55259288119943,252.1314742518199,11393,107540480,20.50889901838998,497.4334879311858,18811,157630464,30.06149189958941,400.70017564191164,6259,39161856,7.468504418770771,244.67910289183575,4894,20045824,3.8229118947248355,484.2370776460973,11153,59207680,11.291416313495606,349.79850829373265,1159,10928128,2.0840884624286597,292.3768515962036,1223,5009408,0.9553374023801541,482.6803622240393,2382,15937536,3.039425864808814,390.085161209068,0,0,0,0,5276,82485248,15.730649721284989,513.0942735026536,5276,82485248,15.730649721284989,513.0942735026536,
585,3757.702502692862,7494,50544640,9.639861812140332,248.53096397117693,11296,102674432,19.582043439620882,572.5225324893768,18790,153219072,29.221905251761218,443.30524592868545,6299,39165952,7.469721122178757,236.21317018574376,4945,20254720,3.862975418236138,552.8805656218402,11244,59420672,11.332696540414895,375.48035894699393,1195,11378688,2.1701406899615754,313.45965271966526,1118,4579328,0.8733683554273007,532.2811386404294,2313,15958016,3.0435090453888765,419.2281011673152,0,0,0,0,5233,77840384,14.845699665957445,599.6808364227021,5233,77840384,14.845699665957445,599.6808364227021,
590,3754.1151422479443,7409,50974720,9.721918562485781,256.6075745714671,11363,105414656,20.104724477632306,441.9794247997888,18772,156389376,29.826643040118086,368.8162009375666,6276,39800832,7.590830266908343,218.9296207775653,4903,20082688,3.8301781206804164,428.70617621864164,11179,59883520,11.42100838758876,310.93556507737725,1133,11173888,2.1310882955774373,465.31616946160636,1156,4734976,0.9030564771581809,426.5936721453287,2289,15908864,3.0341447727356186,445.760377894277,0,0,0,0,5304,80596992,15.371489879793709,457.60247680995474,5304,80596992,15.371489879793709,457.60247680995474,
595,3800.748279482049,7461,51204096,9.765759471562806,210.7609002814636,11544,100458496,19.159668570478313,434.9255416666667,19005,151662592,28.92542804204112,346.92278505656407,6343,39940096,7.6174642514365996,195.85708765568342,5048,20676608,3.9434888258898524,417.4184647385103,11391,60616704,11.560953077326452,294.0435358616452,1118,11264000,2.1482952201262075,295.3180411449016,1159,4747264,0.9054087855004633,489.05393183779125,2277,16011264,3.053704005626671,393.9302050944225,0,0,0,0,5337,75034624,14.310770959087996,439.7299111860596,5337,75034624,14.310770959087996,439.7299111860596,
