5,6947.537006011982,13994,96251904,18.350503475450363,3404.8665378019155,20759,183529472,34.990042522001126,48911.148948552436,34753,279781376,53.340545997451486,30587.121783817223,11783,73535488,14.019600361494547,3448.3095155732835,9038,37019648,7.057825882425651,6528.080055432618,20821,110555136,21.077426243920197,4785.17931717977,2211,22716416,4.330903113955816,3173.3474934418814,2083,8531968,1.6266266113180605,5106.953063850216,4294,31248384,5.957529725273877,4111.330819748487,0,0,0,0,9638,137977856,26.305590028257413,98122.84397696618,9638,137977856,26.305590028257413,98122.84397696618,
10,7400.096134497901,14612,102047744,19.461685403036828,1911.028273473857,22393,204382208,38.978051627226925,20637.606608538383,37005,306429952,58.43973703026375,13243.125791568707,12350,79278080,15.119247048879256,2044.2936023481782,9734,39870464,7.6037587586561965,4060.878756420793,22084,119148544,22.72300580753545,2933.1470659300853,2262,22769664,4.342438354157571,1183.4302135278515,2293,9392128,1.7911874700635564,1815.4549058002617,4555,32161792,6.133625824221127,1501.5932474204171,0,0,0,0,10366,155119616,29.583105398507172,40367.2094222458,10366,155119616,29.583105398507172,40367.2094222458,
15,5311.346868827781,11325,77049856,13.54716434500712,57341.392120706405,17484,157999104,27.779932882053302,62009.644945721804,28809,235048960,41.32709722706042,60174.52525245583,9590,60166144,10.578613421073285,56829.05433879041,7498,30711808,5.399853184778236,60076.652862630035,17088,90877952,15.978466605851521,58254.05982402856,1735,16883712,2.968550923933834,60173.27645994236,1762,7217152,1.2689438932487664,60402.733693530085,3497,24100864,4.237494817182601,60288.890885330286,0,0,0,0,8224,120070144,21.1111358040263,64116.27824647374,8224,120070144,21.1111358040263,64116.27824647374,
20,9500.837248757762,18719,129572864,24.713639150418626,15608.615396388697,28786,256397312,48.90306853065545,48296.757741610505,47505,385970176,73.61670768107408,35416.23281665088,15789,99139584,18.909051084173118,16397.330324719744,12505,51220480,9.76936389884254,18725.88251667333,28294,150360064,28.678414983015657,17426.472374637735,2930,30433280,5.804588066245508,11358.437920819113,2928,11993088,2.2874608153387412,11562.98405669399,5858,42426368,8.09204888158425,11460.676071355412,0,0,0,0,13353,193183744,36.84624381647418,84044.55104927732,13353,193183744,36.84624381647418,84044.55104927732,
25,7245.61978236082,14419,99942400,19.060973627729446,1838.4968567168319,21812,197623808,37.690731786503704,18872.49329130754,36231,297566208,56.75170541423315,12093.403710827744,12172,75698176,14.437125148117538,1697.1860410778836,9457,38735872,7.38768965563268,3683.49368192873,21629,114434048,21.82481480375022,2565.6733201719912,2247,24244224,4.62384847961191,2603.9776079216736,2148,8798208,1.677990629195199,2745.7081783054005,4395,33042432,6.301839108807108,2673.246610238908,0,0,0,0,10207,150089728,28.625051501675827,36339.202777799546,10207,150089728,28.625051501675827,36339.202777799546,
30,7211.087265735492,14162,98308096,18.74944809674231,601.2974456997599,21896,198766592,37.90902328197217,2704.830123812568,36058,297074688,56.658471378714474,1878.6548010704976,11956,75603968,14.419287236768032,195.7523149882904,9509,38948864,7.428378065577376,396.10784719739195,21465,114552832,21.84766530234541,284.50986242720705,2206,22704128,4.330160859974277,2799.256458748867,2173,8900608,1.6975355491113302,2830.198739530603,4379,31604736,6.027696409085607,2814.6110091345054,0,0,0,0,10214,150917120,28.783109667283462,4827.525847953789,10214,150917120,28.783109667283462,4827.525847953789,
35,7235.426832418285,14454,101490688,19.35574417227579,265.4770691158157,21727,199774208,38.09983495497648,389.6653949003544,36181,301264896,57.45557912725227,340.05322108288885,12171,77455360,14.77185899982788,216.89916785802316,9256,37912576,7.230477361311838,359.88208891529814,21427,115367936,22.00233636113972,278.66469347085456,2283,24035328,4.5838851724479115,524.4528186596583,2222,9101312,1.735752019969199,541.3716431143114,4505,33136640,6.31963719241711,532.7976861265261,0,0,0,0,10249,152760320,29.13360557369544,383.6729075031711,10249,152760320,29.13360557369544,383.6729075031711,
40,7293.841690083654,14284,97718272,18.637876722340895,842.5212773732848,22186,198037504,37.77183642739908,13270.021124177409,36470,295755776,56.40971314973997,8402.612080806142,12033,74956800,14.29656469878184,416.5111141028837,9700,39731200,7.5779605233980245,1070.2428240206186,21733,114688000,21.874525222179862,708.2884842865689,2251,22761472,4.341312023559054,3119.8115015548647,2238,9166848,1.7483995516870905,4827.535432529044,4489,31928320,6.089711575246144,3971.200710180441,0,0,0,0,10248,149139456,28.445476352313964,26661.134755074163,10248,149139456,28.445476352313964,26661.134755074163,
45,7260.121048362415,14244,97280000,18.55346352430061,2085.7573887250774,22059,199368704,38.0240540455498,23966.57210952446,36303,296648704,56.577517569850414,15381.322271134617,12041,75091968,14.321711443831708,2330.493104559422,9510,38952960,7.429197394362054,4189.041123028391,21551,114044928,21.750908838193762,3150.6309940141987,2203,22188032,4.231752080468901,748.0983990013618,2246,9199616,1.754571750550702,1375.130699020481,4449,31387648,5.986323831019603,1064.6447118453586,0,0,0,0,10303,151216128,28.840284900637048,47146.6844156071,10303,151216128,28.840284900637048,47146.6844156071,
50,7210.455221982044,14243,99205120,18.918871318908632,732.0375451098786,21815,193826816,36.963662662348284,4339.684795507678,36058,293031936,55.88253398125691,2914.65512698985,12028,75804672,14.45629857551784,785.5972089291653,9690,39690240,7.569110779530332,1810.9693821465428,21718,115494912,22.025409355048172,1243.091285661663,2215,23400448,4.462572743390793,441.19527133182845,2241,9179136,1.7505033288882843,823.5950414993307,4456,32579584,6.213076072279078,633.51077513465,0,0,0,0,9884,144957440,27.644048553929665,7615.970660967219,9884,144957440,27.644048553929665,7615.970660967219,
55,4797.244583621883,9460,65421312,12.473040833890401,52752.68884598309,14536,130093056,24.80317116987184,103914.38633365437,23996,195514368,37.27621200376224,83744.78897437073,8052,51568640,9.831929883463571,53262.116996025834,6403,26226688,5.00030556344855,58760.68714071529,14455,77795328,14.83223544691212,55697.76864849533,1408,13852672,2.6411109504268304,49839.39661292613,1519,6221824,1.186235225812642,56705.553757077025,2927,20074496,3.8273461762394727,53402.66709531944,0,0,0,0,6614,97644544,18.616630380610648,158469.77681085575,6614,97644544,18.616630380610648,158469.77681085575,
60,9744.711771006627,19250,134713344,25.691662164457778,2483.207279012987,29479,264114176,50.37015622324795,38529.50464184674,48729,398827520,76.06181838770573,24289.704435921114,16226,105013248,20.027450958447155,2588.5572257487984,12680,51937280,9.905143854946171,4700.741306309149,28906,156950528,29.932594813393326,3515.0947661039227,3024,29700096,5.664211206010622,1917.9267777777777,3024,12386304,2.3622362001070365,2883.2880767195766,6048,42086400,8.026447406117658,2400.607427248677,0,0,0,0,13775,199790592,38.102776168194744,77494.50485872959,13775,199790592,38.102776168194744,77494.50485872959,
65,7251.9192820471135,14271,98914304,18.86307495551056,3054.5462413986406,21995,196734976,37.517592993007064,19355.0743482155,36266,295649280,56.38066794851762,12940.66866210776,12004,76230656,14.537276408837094,3401.969960346551,9585,39260160,7.486959023088687,6473.8387621283255,21589,115490816,22.02423543192578,4765.806287414887,2267,22683648,4.325798546673464,1214.9016352007059,2201,9015296,1.7192276275240688,1910.0078341662881,4468,31698944,6.045026174197532,1557.3207811101163,0,0,0,0,10209,148459520,28.31140634239431,35210.029239984324,10209,148459520,28.31140634239431,35210.029239984324,
70,7186.496217801595,14081,95256576,18.166970886740696,941.7823915915063,21855,196464640,37.46898686715331,8112.465928940746,35936,291721216,55.63595775389401,5302.7376650990645,11933,74657792,14.238449361567882,905.6901460655325,9530,39034880,7.444583443009926,1599.6926674711437,21463,113692672,21.68303280457781,1213.8411048781625,2148,20598784,3.928521525172814,1142.289265828678,2262,9265152,1.7670144541540873,1828.604026525199,4410,29863936,5.695535979326901,1494.3173811791382,0,0,0,0,10063,148164608,28.2573889699893,15692.79235297625,10063,148164608,28.2573889699893,15692.79235297625,
75,7204.2976313584295,14121,95760384,18.26357019837564,6047.461290347709,21903,196005888,37.382549497534946,26368.997193124233,36024,291766272,55.646119695910585,18403.185276537864,11992,75853824,14.466959942842657,6995.627826217478,9723,39825408,7.5955640976434555,11586.977073639822,21715,115679232,22.062524040486114,9051.427445498504,2129,19906560,3.796610255532983,706.7317937999061,2199,9007104,1.7178489612998005,1480.3602801273307,4328,28913664,5.514459216832783,1099.8022747227355,0,0,0,0,9981,147173376,28.06913643859169,46252.34497324917,9981,147173376,28.06913643859169,46252.34497324917,
80,7380.59847438628,14554,98996224,18.87998090295392,1091.3068623746049,22353,202506240,38.62080581910885,13083.066664340357,36907,301502464,57.50078672206277,8354.205685181672,12359,77049856,14.694497942217973,1157.0755603204143,9624,39419904,7.517933559933325,2643.286553096426,21983,116469760,22.212431502151297,1807.7280915707593,2195,21946368,4.185482960735947,720.9946355353075,2242,9183232,1.751372302719297,1005.409095896521,4437,31129600,5.936855263455244,864.7082303358125,0,0,0,0,10487,153903104,29.35149995645623,25245.796907409174,10487,153903104,29.35149995645623,25245.796907409174,
85,7220.373896830135,14425,100392960,19.1467772178484,2685.1724150433274,21680,193478656,36.89992528201905,17030.22000871771,36105,293871616,56.04670249986745,11298.955321312837,12152,77168640,14.717473797807582,3061.742708113891,9373,38391808,7.322021332635375,4920.903900778832,21525,115560448,22.039495130442955,3871.309159163763,2273,23224320,4.429303420040816,671.9378345798505,2261,9261056,1.7662530921891157,966.0021012826184,4534,32485376,6.195556512229932,818.5808224525806,0,0,0,0,10046,145825792,27.81165085719456,31943.799201274138,10046,145825792,27.81165085719456,31943.799201274138,
90,7284.1625447883425,14348,99561472,18.978803108382223,779.6223210900473,22094,198762496,37.88889618782062,7596.478650448085,36442,298323968,56.867699296202844,4912.535545963448,12169,78041088,14.876502062122292,807.0257354753883,9632,39452672,7.520624986215394,1827.3287167774088,21801,117493760,22.397127048337687,1257.8104846107976,2179,21520384,4.102301046259933,626.5832436897659,2283,9351168,1.7825567736222743,1109.3979141480509,4462,30871552,5.884857819882208,873.6172850739579,0,0,0,0,10179,149958656,28.585714427982953,14510.56230130661,10179,149958656,28.585714427982953,14510.56230130661,
95,7261.439803539985,14185,99336192,18.94593520583005,1399.7117895664435,22124,199696384,38.0871732238594,7551.901166877599,36309,299032576,57.033108429689456,5148.3977292406835,11971,77639680,14.807859220951205,1322.0969521343247,9524,39010304,7.440255933544672,2649.070561108778,21495,116649984,22.248115154495878,1910.0521348220518,2214,21696512,4.138075984878846,1819.3717800361337,2315,9482240,1.808504040965552,1851.2555965442764,4529,31178752,5.946580025844398,1835.6692044601457,0,0,0,0,10285,151203840,28.83841324934918,13375.095448322802,10285,151203840,28.83841324934918,13375.095448322802,
100,7113.261586541224,14122,98148352,18.718369383511035,16300.885977127886,21448,192458752,36.70478349983445,52905.165254615815,35570,290607104,55.42315288334548,38372.535736575766,11925,75542528,14.407098177952342,16540.187837903566,9499,38907904,7.420323461062154,19303.04497168123,21424,114450432,21.827421639014496,17765.18690034541,2197,22605824,4.311271205558693,15001.98989622212,2165,8867840,1.6912306867248723,17410.328813856813,4362,31473664,6.002501892283566,16197.325466299862,0,0,0,0,9784,144683008,27.59322935204742,93382.767611713,9784,144683008,27.59322935204742,93382.767611713,
105,7375.368420806954,14606,101797888,19.415796613402136,2572.111865534712,22272,201572352,38.44566784447535,15828.86147728089,36878,303370240,57.86146445787748,10578.357522913391,12331,78594048,14.990154324144376,2398.7937332738625,9617,39391232,7.513045347889121,4164.562118852033,21948,117985280,22.503199672033496,3172.5040742664482,2275,23203840,4.42564228925776,3511.5342342857143,2288,9371648,1.7874438760497358,4321.6363763111885,4563,32575488,6.213086165307495,3917.7392969537586,0,0,0,0,10367,152809472,29.14517862053649,29188.955811324395,10367,152809472,29.14517862053649,29188.955811324395,
110,7262.549166076901,14268,99868672,19.047779627787214,1803.9502372441827,22046,199041024,37.96275134249413,17386.82610840969,36314,298909696,57.010530970281344,11264.215739687173,12116,76959744,14.678399287445409,1756.1534804390888,9601,39325696,7.5005221969643605,3383.6866859702113,21717,116285440,22.17892148440977,2475.6794880047887,2152,22908928,4.369380340341805,2073.051308550186,2328,9535488,1.8186871861819636,3254.656903350515,4480,32444416,6.188067526523769,2687.0642158482146,0,0,0,0,10117,150179840,28.643541959347807,33927.6812536325,10117,150179840,28.643541959347807,33927.6812536325,
115,6657.67164717808,13398,93782016,17.886080560646707,1396.2870857590685,19893,178311168,34.00745741817929,19676.82398954406,33291,272093184,51.893537978826004,12319.80156796131,11272,71811072,13.695788102256206,1100.0397951561392,8937,36605952,6.981477199969411,1792.3751563164374,20209,108417024,20.677265302225617,1406.210368796081,2126,21970944,4.190292458390502,2966.982974600188,2056,8421376,1.6061225381153752,2847.572826848249,4182,30392320,5.796414996505877,2908.2772682926825,0,0,0,0,8900,133283840,25.41985768009451,41523.370013483145,8900,133283840,25.41985768009451,41523.370013483145,
120,7780.334027037855,15178,106139648,20.24227822775487,5586.715763209909,23728,213626880,40.741559100395754,18385.07347981288,38906,319766528,60.98383732815063,13392.181035907059,12707,80056320,15.267831897559871,6030.207869127253,10083,41299968,7.8764670771602034,7900.141086581374,22790,121356288,23.144298974720076,6857.524088152698,2471,26083328,4.974446330194999,3306.078697288547,2384,9764864,1.8622927216056655,3887.967106963087,4855,35848192,6.836739051800665,3591.8092778578784,0,0,0,0,11261,162562048,31.00279930162989,30842.28641950093,11261,162562048,31.00279930162989,30842.28641950093,
125,7300.469759619489,14329,99885056,19.05122262618835,555.3185419080188,22174,200278016,38.19931852415753,3749.2808845494724,36503,300163072,57.25054115034588,2495.513073473413,12202,78422016,14.957545657385474,594.1381872643829,9621,39407616,7.5162721597046716,1279.7128658143645,21823,117829632,22.473817817090143,896.384165467626,2127,21463040,4.0936769688028765,332.6211687823225,2234,9150464,1.7452813641804632,467.73193196060873,4361,30613504,5.83895833298334,401.83406603989914,0,0,0,0,10319,151719936,28.937765000272396,6762.237010950674,10319,151719936,28.937765000272396,6762.237010950674,
130,7220.602002428371,14273,98631680,18.81198415282015,3312.1475255377286,21831,196136960,37.409130446752194,27363.749976501305,36104,294768640,56.22111459957234,17855.42619568469,12037,75964416,14.488665203413722,3584.2025580294094,9589,39276544,7.491200832283737,6914.206645531338,21626,115240960,21.97986603569746,5060.731236243411,2236,22667264,4.323318949406424,1847.6008233452592,2238,9166848,1.7483895570602779,2972.472735924933,4474,31834112,6.071708506466702,2410.2882038444345,0,0,0,0,10004,147693568,28.169540057408177,52421.56179828069,10004,147693568,28.169540057408177,52421.56179828069,
135,6528.538798053467,12799,86822912,16.550874526186064,53842.048712243144,19862,177004544,33.742014991489576,60931.24427011379,32661,263827456,50.29288951767564,58153.17213682986,10857,67051520,12.781894418722738,53924.805050198025,8677,35540992,6.775106772831839,55959.24337616688,19534,102592512,19.557001191554576,54828.50226297737,1942,19771392,3.7689801074633267,53379.388794026774,2067,8466432,1.6139386538484972,49921.42184712143,4009,28237824,5.3829187613118235,51596.49588326266,0,0,0,0,9118,132997120,25.352969564809243,68158.63566132924,9118,132997120,25.352969564809243,68158.63566132924,
140,5909.634685761217,11732,82157568,15.668283413426769,3470.514125042618,17820,159846400,30.48433344346294,91967.50951958472,29552,242003968,46.15261685688971,56834.63357315918,9878,62480384,11.915644390687602,2197.12195545657,7797,31936512,6.090617497980283,3376.2382475311015,17675,94416896,18.006261888667886,2717.2673432531824,1854,19677184,3.7526390227391664,10255.070679072276,1860,7618560,1.4529368406109178,10208.796920967743,3714,27295744,5.205575863350084,10231.896422186323,0,0,0,0,8163,120291328,22.940779104871737,195215.9901690555,8163,120291328,22.940779104871737,195215.9901690555,
145,9370.74153880946,18624,131428352,25.058185703533287,1593.6938008483676,28248,252899328,48.21789384776563,31617.361760372416,46872,384327680,73.27607955129892,19687.834706306538,15773,102715392,19.583760491398518,1708.6193338616622,12300,50380800,9.605624837269282,3449.7314105691057,28073,153096192,29.1893853286678,2471.476119509849,2851,28712960,5.474425212134769,957.8746383725008,2903,11890688,2.2670836506172947,1462.830464347227,5754,40603648,7.741508862752064,1212.634242613834,0,0,0,0,13045,190627840,36.34518535987905,64886.84874043695,13045,190627840,36.34518535987905,64886.84874043695,
150,7244.870794065925,14163,97562624,18.607234573386247,2206.8750764668503,22064,198352896,37.83004918135952,12233.734326731328,36227,295915520,56.43728375474577,8313.718659922157,12007,76161024,14.525501476029383,2236.8783446322977,9685,39669760,7.565853597684446,3205.08173515746,21692,115830784,22.091355073713828,2669.1598233911122,2156,21401600,4.081733097356864,2039.7835918367348,2256,9240576,1.7623712665334135,2475.508537677305,4412,30642176,5.844104363890278,2262.5840174524023,0,0,0,0,10123,149442560,28.50182431714166,23046.443773486124,10123,149442560,28.50182431714166,23046.443773486124,
155,7161.366035540978,14076,97746944,18.642620294495394,1884.1975989627736,21733,197464064,37.66099906877843,17411.70237841071,35809,295211008,56.303619363273825,11308.064821497388,11849,75370496,14.374910159194174,2159.3786242720903,9512,38961152,7.430799708399271,3999.3242760723297,21361,114331648,21.805709867593446,2978.7018319835215,2227,22376448,4.267710135301221,420.0664948361024,2155,8826880,1.6834917337679172,853.1380872389791,4382,31203328,5.951201869069139,633.0444230944773,0,0,0,0,10066,149676032,28.546707626611244,33630.8804587721,10066,149676032,28.546707626611244,33630.8804587721,
160,7295.118751286781,14354,99475456,18.972706045263834,444.2216713111328,22123,201629696,38.456329893113626,4521.513019165574,36477,301105152,57.42903593837746,2917.0652847821916,12184,76840960,14.65568497937699,468.4861825344714,9563,39170048,7.470805728026766,1087.8149522116491,21747,116011008,22.126490707403757,740.8290815284867,2170,22634496,4.317021065886847,307.9825907834101,2237,9162752,1.747588875206094,506.65581805990166,4407,31797248,6.06460994109294,408.82942750170184,0,0,0,0,10323,153296896,29.237935289880767,8572.437185895573,10323,153296896,29.237935289880767,8572.437185895573,
165,7321.88102518189,14386,99024896,18.886677209462043,1234.332383080773,22225,199966720,38.13896349131109,4270.65478632171,36611,298991616,57.02564070077313,3077.55615222201,12224,77062144,14.697797196344261,1267.993662303665,9562,39165952,7.4699870730011595,2008.5723668688559,21786,116228096,22.16778426934542,1593.0378913063435,2162,21962752,4.188880013117781,1044.0107007400554,2208,9043968,1.7249248543386908,1331.391964673913,4370,31006720,5.913804867456472,1189.2138656750574,0,0,0,0,10455,151756800,28.944051563971236,6960.2697461501675,10455,151756800,28.944051563971236,6960.2697461501675,
170,6447.391551853607,13248,92659712,17.10975879601681,19628.021771588166,20051,179871744,33.21359507418805,40911.795593985335,33299,272531456,50.32335387020486,32444.050748821286,11160,71028736,13.115565700721751,20697.542470967743,8681,35557376,6.565724343922814,25693.71724916484,19841,106586112,19.681290044644566,22883.510579910286,2088,21630976,3.9941930952950564,13911.618033524905,2027,8302592,1.5330864238142548,14260.11667291564,4115,29933568,5.527279519109311,14083.284313487242,0,0,0,0,9343,136011776,25.114784306450982,60833.77903446431,9343,136011776,25.114784306450982,60833.77903446431,
175,8099.702348898202,15884,111964160,21.35468399953051,24357.511790355074,24616,220057600,41.97111387871874,50492.44476048098,40500,332021760,63.325797878249254,40242.38858029629,13411,86032384,16.40877200388289,24684.74772902841,10621,43503616,8.297351335614179,27910.38953667263,24032,129536000,24.706123339497072,26110.3278571488,2473,25931776,4.945911995647619,22582.921748483623,2520,10321920,1.9686776542460906,22407.866041666668,4993,36253696,6.91458964989371,22494.56997977168,0,0,0,0,11475,166232064,31.705084888858472,77561.47717037037,11475,166232064,31.705084888858472,77561.47717037037,
180,7221.3947439926405,14301,100110336,19.093459747951094,858.8209080483882,21808,198983680,37.950995235688566,2331.335579603815,36109,299094016,57.04445498363966,1748.1448981140436,12084,76800000,14.647615493395648,749.1090689341278,9440,38666240,7.374586147074929,1532.191789512712,21524,115466240,22.022201640470577,1092.5536369633899,2217,23310336,4.445844254555447,1456.817238159675,2202,9019392,1.720215963544385,2138.9967456857403,4419,32329728,6.166060218099832,1796.7491855623446,0,0,0,0,10166,151298048,28.85619312506925,3115.070331792249,10166,151298048,28.85619312506925,3115.070331792249,
185,7249.6219242494835,14518,99565568,18.983874045834416,1714.1230461496073,21743,196689920,37.50228861613331,5837.140345122569,36261,296255488,56.48616266196773,4186.387052425471,12227,76935168,14.669002229838236,1890.878141571931,9519,38989824,7.4340750799036455,3552.274434604475,21746,115924992,22.10307730974188,2618.1305702198106,2291,22630400,4.31487181599618,770.7862710606722,2133,8736768,1.6658138612705615,1140.4921106422878,4424,31367168,5.980685677266742,949.0373008589512,0,0,0,0,10091,148963328,28.40239967495911,8985.251462590426,10091,148963328,28.40239967495911,8985.251462590426,
190,7298.947841929903,14356,97800192,18.6522396798455,1022.0965681944832,22142,197046272,37.58023597094809,7862.607116023846,36498,294846464,56.232475650793596,5171.98380996219,12124,75714560,14.44011603140864,1090.1399897723525,9533,39047168,7.446990864345067,2560.6784209587745,21657,114761728,21.887106895753707,1737.4430725862308,2232,22085632,4.212123648436862,652.4915309139785,2269,9293824,1.7724978780235978,1270.3988955486998,4501,31379456,5.98462152646046,963.9849346811819,0,0,0,0,10340,148705280,28.360747228579427,14197.3273,10340,148705280,28.360747228579427,14197.3273,
195,7272.108160118583,14424,98619392,18.809401402388563,12174.995029326123,21938,200404992,38.22268482014641,28167.70359198651,36362,299024384,57.03208622253497,21823.750335625104,12177,77201408,14.724409088849093,12774.317443951713,9391,38465536,7.336424329020683,15151.809129911619,21568,115666944,22.060833417869777,13809.509600055639,2247,21417984,4.084992313539469,8927.131636849132,2228,9125888,1.7405551490850901,10232.219183572712,4475,30543872,5.8255474626245585,9576.904833296088,0,0,0,0,10319,152813568,29.14570534204064,43885.55649975773,10319,152813568,29.14570534204064,43885.55649975773,
200,6084.892029449063,12205,83668992,15.956212808602094,29904.312134535026,18224,164581376,31.38672281110495,45005.36441253292,30429,248250368,47.34293561970704,38948.368025764896,10288,64167936,12.23723649383465,30476.32513433126,8085,33116160,6.315463874163996,33555.55952183055,18373,97284096,18.552700367998646,31831.33574897948,1917,19501056,3.7189763147674437,26834.47919666145,1953,7999488,1.5255536111616925,27037.269845878134,3870,27500544,5.244529925929136,26936.81773359173,0,0,0,0,8186,123465728,23.54570532577926,60600.69317261178,8186,123465728,23.54570532577926,60600.69317261178,
205,8427.247287677472,16532,114503680,21.838929707803796,4034.1728496249693,25606,231034880,44.06456198063577,54753.96064879325,42138,345538560,65.90349168843957,34855.0681551806,13933,87093248,16.611023515543984,3861.1085663532617,11063,45314048,8.642607024054136,5659.859225616921,24996,132407296,25.253630539598124,4657.219085773724,2599,27410432,5.227906192259811,4961.954557522124,2573,10539008,2.0100721208434686,6775.355926933541,5172,37949440,7.237978313103279,5864.097195475638,0,0,0,0,11970,175181824,33.41188283573817,110441.26173433584,11970,175181824,33.41188283573817,110441.26173433584,
210,7237.453383074723,14269,98119680,18.712396277098854,1986.5504257481255,21923,198852608,37.92316486998936,12041.752096610864,36192,296972288,56.63556114708821,8077.404377735411,12028,76025856,14.498884879951234,2108.2253614898573,9650,39526400,7.5380765633063636,4411.463760621762,21678,115552256,22.036961443257596,3133.5160041516747,2241,22093824,4.213511397147619,1333.4910205265508,2172,8896512,1.6966530876167276,1494.312895027624,4413,30990336,5.910164484764347,1412.6446827554953,0,0,0,0,10101,150429696,28.68843521906627,21599.352372636375,10101,150429696,28.68843521906627,21599.352372636375,
215,7173.484712203042,14327,100024320,19.073564224690415,1788.489417393732,21549,193232896,36.84743922456982,7969.803187479697,35876,293257216,55.92100344926023,5501.309420503958,12092,77189120,14.719136683631895,1999.8035857591797,9501,38916096,7.420881805846995,4068.9634484791077,21593,116105216,22.14001848947889,2910.2415913953596,2235,22835200,4.35442754105852,645.2183105145414,2240,9175040,1.7495816487840512,1239.50421875,4475,32010240,6.1040091898425715,942.6932679329609,0,0,0,0,9808,145141760,27.676975769938775,13285.642099612562,9808,145141760,27.676975769938775,13285.642099612562,
220,7231.677878642504,14290,99307520,18.94003879435108,2380.453952764171,21871,195522560,37.29027642187456,50496.34188669928,36161,294830080,56.230315216225634,31482.04364893117,12072,76980224,14.681752489215679,2564.243489479788,9565,39178240,7.47211676914696,5045.86872096184,21637,116158464,22.15386925836264,3661.2876887276425,2218,22327296,4.258286305135398,1380.1350676284942,2261,9261056,1.7662787260889992,2461.75892879257,4479,31588352,6.024565031224397,1926.1389859343603,0,0,0,0,10045,147083264,28.0518809266386,104586.93102538577,10045,147083264,28.0518809266386,104586.93102538577,
225,7408.188622935877,14376,100163584,19.103110973740048,857.735060100167,22668,204722176,39.04443402218456,15315.653434974414,37044,304885760,58.14754499592461,9704.838335168988,12163,77561856,14.792529213983052,866.7428407465263,9708,39763968,7.583749134418434,2037.3170723114956,21871,117325824,22.376278348401485,1386.332006309725,2213,22601728,4.310581759756996,808.2268648892905,2258,9248768,1.7639169288748273,1294.251726306466,4471,31850496,6.074498688631824,1053.685182285842,0,0,0,0,10702,155709440,29.696767958891304,30319.056020183143,10702,155709440,29.696767958891304,30319.056020183143,
230,7199.936633357689,14183,100098048,19.092019471136634,16650.785282450823,21817,195866624,37.35826495991009,44559.39115272494,36000,295964672,56.45028443104672,33564.17567888889,11897,77312000,14.745963970771092,18541.634516264607,9509,38948864,7.4288408687715135,25588.808585866023,21406,116260864,22.174804839542606,21672.13896491638,2286,22786048,4.346055500365541,6810.263263779528,2193,8982528,1.7132661715444242,8468.037190150479,4479,31768576,6.059321671909965,7621.939580040187,0,0,0,0,10115,147935232,28.21615791959415,70218.27487671774,10115,147935232,28.21615791959415,70218.27487671774,
235,7321.842692086018,14290,97366016,18.569680303927925,2419.6194356892934,22322,202866688,38.69080501842338,17771.30019017113,36612,300232704,57.2604853223513,11779.398136703814,12073,74809344,14.267664005340103,2705.7051969684417,9649,39522304,7.537707511362607,5112.316615815111,21722,114331648,21.80537151670271,3774.731694549305,2217,22556672,4.30201629858782,861.6972904826342,2229,9129984,1.7412737115584258,1316.8614297891431,4446,31686656,6.043290010146246,1089.893616734143,0,0,0,0,10444,154214400,29.411823795502347,32978.45037265415,10444,154214400,29.411823795502347,32978.45037265415,
240,7260.098638425764,14308,99250176,18.928118771055843,4470.500925915572,21997,198012928,37.763280333009476,55443.38454839297,36305,297263104,56.69139910406532,35354.69101112794,12031,76644352,14.616935266559238,4140.4425800016625,9501,38916096,7.421734820841135,6774.299995368908,21532,115560448,22.038670087400373,5302.63277614713,2277,22605824,4.311183504496603,6214.432397013614,2312,9469952,1.8060257768429329,10140.523826557093,4589,32075776,6.117209281339536,8192.450131837,0,0,0,0,10184,149626880,28.535519735325405,111133.21038570306,10184,149626880,28.535519735325405,111133.21038570306,
245,7250.178864286842,14159,96497664,18.376520397507708,3987.794677519599,22149,198184960,37.74132770632924,34715.76507512754,36308,294682624,56.11784810383694,22732.804491792445,11956,74280960,14.145685190746732,4327.495772917364,9623,39415808,7.506144394295881,6890.6836139457555,21579,113696768,21.651829585042613,5470.530973539089,2203,22216704,4.2308352067609745,2144.187643213799,2287,9367552,1.7839085763020557,3654.605689986882,4490,31584256,6.014743783063031,2913.5252986636974,0,0,0,0,10239,149401600,28.451274735731296,67804.70251186639,10239,149401600,28.451274735731296,67804.70251186639,
250,7192.133229550665,14202,96825344,18.42271515564624,3378.856671736375,21847,194527232,37.01220813790563,30024.111637249964,36049,291352576,55.434923293551876,19526.84649757275,11969,75456512,14.356921130221881,3684.035104937756,9663,39579648,7.530720273658345,6329.899726275484,21632,115036160,21.887641403880227,4865.941069988906,2233,21368832,4.06579402542436,1743.0838696820422,2140,8765440,1.6677782661315181,2151.132009813084,4373,30134272,5.733572291555878,1942.7689874228217,0,0,0,0,10044,146182144,27.81370959811577,58758.21618707686,10044,146182144,27.81370959811577,58758.21618707686,
255,7408.915575577987,14663,100741120,19.21151320364799,948.7374308122485,22388,203587584,38.824519303684475,9042.952284214758,37051,304328704,58.036032507332465,5839.652173679523,12451,78094336,14.892730666426207,984.0004022970043,9738,39886848,7.606493823017854,2127.5947567262274,22189,117981184,22.49922448944406,1485.88520212718,2212,22646784,4.318782537221782,750.2477120253164,2243,9187328,1.7520400128392943,1230.9475795809185,4455,31834112,6.070822550061076,992.2701144781146,0,0,0,0,10407,154513408,29.465985467827327,17197.47118064764,10407,154513408,29.465985467827327,17197.47118064764,
260,7149.254261941832,14170,99475456,18.970397307921512,2715.2918720536345,21582,194420736,37.076870568138126,32476.938525808542,35752,293896192,56.047267876059635,20681.163937430072,12002,77885440,14.853088397024111,1906.2000038326946,9679,39645184,7.560507104643511,4369.783873437338,21681,117530624,22.413595501667622,3006.0122022508185,2168,21590016,4.1173089108974015,7194.4065410516605,2169,8884224,1.6942597282747986,8662.045124020286,4337,30474240,5.8115686391722,7928.3950322803785,0,0,0,0,9734,145891328,27.822103735219816,65731.88548171357,9734,145891328,27.822103735219816,65731.88548171357,
265,7364.087974755604,14376,98738176,18.832014564944465,3613.4536190178073,22446,203661312,38.84366664723176,28341.47719014524,36822,302399488,57.67568121217622,18687.192608685025,12126,75137024,14.33064279346807,3759.0044713838033,9701,39735296,7.578585136253475,5930.393240902999,21827,114872320,21.909227929721546,4724.077200256563,2250,23601152,4.501371771476396,2829.0315586666666,2276,9322496,1.7780496619021657,3267.8927675746927,4526,32923648,6.2794214333785625,3049.7227012814847,0,0,0,0,10469,154603520,29.487031849076118,54559.588140319036,10469,154603520,29.487031849076118,54559.588140319036,
271,6038.404661913399,12707,86704128,15.344681320322204,23337.38928873849,19832,179699712,31.80280890425055,36212.81857906414,32539,266403840,47.147490224572756,31184.757483389167,10725,67231744,11.898507142468285,23418.270812773895,8570,35102720,6.2123922390004385,24161.268913068845,19295,102334464,18.110899381468723,23748.27826131122,1982,19472384,3.4461741778539188,22899.723120585266,2005,8212480,1.453424321959846,23459.216411471323,3987,27684864,4.899598499813765,23181.083554050667,0,0,0,0,9257,136384512,24.136992343290267,50132.31225775089,9257,136384512,24.136992343290267,50132.31225775089,
276,8540.175733728991,16951,117239808,22.357466556606642,15162.01699321574,25758,229879808,43.837756194544056,53533.00795818774,42709,347119616,66.1952227511507,38303.74321662881,14292,90324992,17.22484898530167,16220.465472222222,11125,45568000,8.689753535347409,19558.709472449438,25417,135892992,25.914602520649076,17681.61212613605,2659,26914816,5.132617571304973,9472.9061763821,2659,10891264,2.0769487326282032,9762.198257991726,5318,37806080,7.209566303933176,9617.552217186912,0,0,0,0,11974,173420544,33.071053926568446,94818.34733071656,11974,173420544,33.071053926568446,94818.34733071656,
281,7215.306712569042,14132,97120256,18.522952395018198,2465.8692895556187,21947,195178496,37.22479880962474,42285.105422244495,36079,292298752,55.74775120464294,26688.06988835611,11941,75161600,14.334957464829992,2591.3866666945814,9539,39071744,7.45183429193533,3883.827313030716,21480,114233344,21.78679175676532,3165.3434323091246,2191,21958656,4.187994930188206,1781.7967197626654,2253,9228288,1.7600359219761292,1908.202258322237,4444,31186944,5.948030852164336,1845.881255850585,0,0,0,0,10155,146878464,28.01292859571328,87315.03695470213,10155,146878464,28.01292859571328,87315.03695470213,
286,7280.827068854536,14343,99295232,18.937052146331556,2899.271722652165,22065,204349440,38.97242519513577,25622.253644051667,36408,303644672,57.90947734146733,16670.492226268954,12065,75476992,14.39456562579208,3262.639402983838,9512,38961152,7.430461183726828,5710.739551829268,21577,114438144,21.825026809518906,4341.8593416137555,2278,23818240,4.542486520539477,974.7629152765584,2232,9142272,1.7435649034985576,1569.0712338709677,4510,32960512,6.2860514240380345,1268.886233924612,0,0,0,0,10321,156246016,29.798399107910384,49174.72193052999,10321,156246016,29.798399107910384,49174.72193052999,
291,7267.450642019717,14292,99717120,19.01861699465128,943.3967461516933,22047,199630848,38.07473218670421,3978.76889907924,36339,299347968,57.09334918135549,2784.967781557005,12101,77258752,14.735229153958203,910.9389193455087,9692,39698432,7.571511025350594,1871.989528064383,21793,116957184,22.306740179308797,1338.3469173128988,2191,22458368,4.283387840693077,1122.6629087174804,2192,8978432,1.7124176813421896,1162.922477189781,4383,31436800,5.995805522035266,1142.7972856490987,0,0,0,0,10163,150953984,28.79080348001143,6595.244449670373,10163,150953984,28.79080348001143,6595.244449670373,
296,7066.306972844124,14048,99160064,18.910891325593873,1583.5773426822325,21288,189419520,36.12434092081824,15686.162111565201,35336,288579584,55.035232246412114,10079.610412638667,11851,77197312,14.722358164875367,1637.0141167833938,9411,38547456,7.351414691443841,3675.807677186271,21262,115744768,22.07377285631921,2539.426222744803,2197,21962752,4.1885331607185075,1295.3300919435594,2107,8630272,1.6458857459220246,1590.581369719981,4304,30593024,5.834418906640533,1439.8687634758364,0,0,0,0,9770,142241792,27.127040483452372,30295.049952405323,9770,142241792,27.127040483452372,30295.049952405323,
301,7352.416237909942,14387,101224448,19.271950102953472,4512.999091819003,22442,201039872,38.2756385284329,35872.76440606898,36829,302264320,57.547588631386375,23622.283980966087,12159,77377536,14.73177717779687,5133.479191298627,9685,39669760,7.552657983535159,8518.228963448633,21844,117047296,22.284435161332027,6634.179683116646,2228,23846912,4.540172925156602,1126.8152814183125,2272,9306112,1.771774800061113,1967.81756778169,4500,33153024,6.311947725217715,1551.4279913333332,0,0,0,0,10485,152064000,28.95120574483663,68487.0433739628,10485,152064000,28.95120574483663,68487.0433739628,
306,5876.811153262215,12191,84004864,15.201169597521398,37919.51462332869,18781,170180608,30.795172579736654,48370.42949337096,30972,254185472,45.99634217725805,44256.80740953119,10303,65875968,11.92064023779495,37470.77908036494,8042,32940032,5.960690716430205,38279.18333449391,18345,98816000,17.881330954225156,37825.16376347779,1888,18128896,3.2805293597264473,40368.30821398305,1903,7794688,1.4104942095705895,39701.721089858125,3791,25923584,4.691023569297037,40033.695896069636,0,0,0,0,8836,129445888,23.42398765373586,59421.85023822997,8836,129445888,23.42398765373586,59421.85023822997,
311,8152.117857818491,16212,113115136,21.516716349298274,10134.528395386133,24659,222695424,42.361035312680976,71857.80758481691,40871,335810560,63.877751661979254,47374.486838589706,13741,86908928,16.531781847458387,11245.436275089149,10746,44015616,8.372633034818918,16090.96850567653,24487,130924544,24.904414882277305,13371.874358557603,2471,26206208,4.984934501839889,3956.8735289356537,2515,10301440,1.9595358349683212,5528.834085487078,4986,36507648,6.94447033680821,4749.78985459286,0,0,0,0,11398,168378368,32.02886644289374,139070.28530856292,11398,168378368,32.02886644289374,139070.28530856292,
316,7788.464814118719,15619,108257280,20.645428383393178,8408.003309943018,23329,208506880,39.763735598056364,27296.91801714604,38948,316764160,60.40916398144954,19722.05001848619,13177,83664896,15.955486952674574,9354.81088988389,10256,42008576,8.011332330687871,13695.724839118564,23433,125673472,23.966819283362444,11254.713312251952,2442,24592384,4.689941430718601,3299.0420155610154,2290,9379840,1.7888017782054626,4342.940372925764,4732,33972224,6.4787432089240635,3804.225286559594,0,0,0,0,10783,157118464,29.96360148916303,45108.14365371418,10783,157118464,29.96360148916303,45108.14365371418,
321,7258.607873255853,14337,99643392,19.00391849014603,2032.2761136220965,21959,197136384,37.59771418638707,15231.234130789198,36296,296779776,56.60163267653311,10017.616622189773,12116,76537856,14.597246717921188,2183.5468389732587,9395,38481920,7.3392450452140405,3868.275205854178,21511,115019776,21.93649176313523,2919.357494305239,2221,23105536,4.406671772224843,1207.0639981990096,2307,9449472,1.8021967343596372,1228.5296805374946,4528,32555008,6.208868506584481,1218.0006875,0,0,0,0,10257,149204992,28.456272406813397,28788.73030574242,10257,149204992,28.456272406813397,28788.73030574242,
326,7201.4614152366685,14258,99602432,18.99570804258487,6653.9802491232995,21753,199385088,38.02578756001753,54528.1181083069,36011,298987520,57.02149560260239,35573.09165538308,12034,77160448,14.715678254151982,7602.604536729267,9330,38215680,7.288315007497505,12380.277963879958,21364,115376128,22.003993261649487,9689.09082559446,2224,22441984,4.280029788432886,1521.0015274280574,2172,8896512,1.6967009856682294,2282.61792679558,4396,31338496,5.9767307741011155,1897.3051715195634,0,0,0,0,10251,152272896,29.040771566851795,103959.05898644034,10251,152272896,29.040771566851795,103959.05898644034,
331,6707.232871760958,13782,96882688,17.55208987370621,30080.37715781454,21525,194760704,35.28450181392874,48345.5798,35307,291643392,52.83659168763495,41215.80318871612,11665,75206656,13.625075980684045,31070.176241920275,9194,37658624,6.822555882926262,34093.937484228845,20859,112865280,20.447631863610308,32402.95637815811,2117,21676032,3.9270138930221643,24626.42991355692,2233,9146368,1.6570336400450667,26167.250440214957,4350,30822400,5.584047533067231,25417.38445057471,0,0,0,0,10098,147955712,26.80491229095741,66225.73516854823,10098,147955712,26.80491229095741,66225.73516854823,
336,7843.52519690832,15590,106450944,20.302677239614905,18383.13977440667,23630,211685376,40.3733372742521,44083.1119359289,39220,318136320,60.67601451386701,33867.34023786333,13194,82628608,15.759202276145734,19104.49271737153,10255,42004480,8.011233794768973,22783.214711067772,23449,124633088,23.77043607091471,20713.31586741439,2396,23822336,4.543474963469171,14410.881540066779,2377,9736192,1.8569188425320187,14354.081605384938,4773,33558528,6.40039380600119,14382.594625183323,0,0,0,0,10998,159944704,30.505184636951114,70369.3777239498,10998,159944704,30.505184636951114,70369.3777239498,
341,7236.966706565225,14172,100888576,19.231187916594173,11773.118876023143,22035,194756608,37.12413312728755,31922.86611813025,36207,295645184,56.35532104388172,24035.932157428124,11905,76480512,14.578569314223799,12086.524944729104,9657,39555072,7.53991237507815,15223.485388526458,21562,116035584,22.118481689301948,13491.479355532883,2267,24408064,4.6526186023703735,10127.287712395237,2298,9412608,1.7942133828238158,11378.253444734552,4565,33820672,6.44683198519419,10757.018107338445,0,0,0,0,10080,145788928,27.790007369385584,52605.15179563492,10080,145788928,27.790007369385584,52605.15179563492,
346,7276.095383867281,14402,99500032,18.97680890896246,2047.5715420080544,21981,196034560,37.388032042768955,10882.102616077522,36383,295534592,56.364840951731416,7385.004616221862,12171,76754944,14.638828509181936,2291.8107245912415,9578,39231488,7.4822935834860225,4003.335733764878,21749,115986432,22.121122092667957,3045.5459095590604,2231,22745088,4.337980399780527,715.1488207082025,2164,8863744,1.6905077588916009,1067.6843881700554,4395,31608832,6.028488158672127,888.7294732650739,0,0,0,0,10239,147939328,28.21523070039133,19391.061522609627,10239,147939328,28.21523070039133,19391.061522609627,
351,7263.879454417761,14471,101347328,19.32908358534629,2899.123967866768,21851,196235264,37.42622420443581,18785.699021326254,36322,297582592,56.7553077897821,12456.349657342658,12253,79081472,15.082512903943774,3269.631809760875,9507,38940672,7.426811528346893,6570.953287367203,21760,118022144,22.50932443229067,4711.987659375,2218,22265856,4.246570681402515,852.3103579801623,2243,9187328,1.752218182190184,1486.5144222024073,4461,31453184,5.998788863592699,1171.1894694014795,0,0,0,0,10101,148107264,28.24719449389874,34123.55257528958,10101,148107264,28.24719449389874,34123.55257528958,
356,7289.340417652061,14491,98537472,18.7923152000562,977.7116244565592,21960,196829184,37.53776092711064,5856.488802595629,36451,295366656,56.33007612716684,3916.943657375655,12264,75923456,14.479542526010796,1056.4154240867579,9645,39505920,7.534267785033132,2333.7107634007257,21909,115429376,22.01381031104393,1618.719205531973,2227,22614016,4.312772674045404,544.2929452177818,2207,9039872,1.7240154485814538,1021.3921486180335,4434,31653888,6.036788122626858,781.7665451059991,0,0,0,0,10108,148283392,28.279477693496055,10273.609153146022,10108,148283392,28.279477693496055,10273.609153146022,
361,7217.383426532044,14264,95948800,18.30023211127499,1864.2471144139092,21824,196145152,37.41059616275883,10830.82796380132,36088,292093952,55.710828274033815,7286.732717856351,12046,74113024,14.135513332824319,2024.499569483646,9504,38928384,7.424777203225507,4084.5595229377104,21550,113041408,21.560290536049827,2933.0290264501164,2218,21835776,4.164718778450672,993.912996393147,2189,8966144,1.7101049345392083,1216.6004202832344,4407,30801920,5.87482371298988,1104.524017699115,0,0,0,0,10131,148250624,28.27571402499411,19236.916144112132,10131,148250624,28.27571402499411,19236.916144112132,
366,6165.1361346394915,12197,84873216,16.18758842769033,46636.62743805854,18630,164634624,31.400218583204722,72940.68449001611,30827,249507840,47.587807010895055,62533.23050932624,10416,66519040,12.68695700331504,47790.14542377112,8358,34234368,6.529408043947481,51665.1913139507,18774,100753408,19.21636504726252,49515.277710450624,1781,18354176,3.500631424375289,39890.39310948905,1926,7888896,1.504623102733052,41054.94636137072,3707,26243072,5.005254527108341,40495.44559482061,0,0,0,0,8346,122511360,23.36618743652419,101605.01513958782,8346,122511360,23.36618743652419,101605.01513958782,
371,8188.508375209186,16212,112685056,21.490103865571495,1004.7516927584505,24736,225316864,42.97005283491048,36269.74311849127,40948,338001920,64.46015670048197,22307.74153125916,13647,86183936,16.436090125240444,982.5323908551329,10622,43507712,8.29733136782016,2196.2054430427415,24269,129691648,24.7334214930606,1513.7300158226544,2565,26501120,5.054013740331052,1122.9687738791422,2552,10452992,1.9934842450270238,3004.1127159090906,5117,36954112,7.047497985358076,2061.15117373461,0,0,0,0,11562,171356160,32.6792372220633,74915.56615741222,11562,171356160,32.6792372220633,74915.56615741222,
376,7320.120079751356,14318,98549760,18.79564272383087,1148.890696954882,22285,201121792,38.358422652765725,11367.855668521426,36603,299671552,57.15406537659659,7370.501887058438,12108,76079104,14.509986199186807,1007.3912718863562,9588,39272448,7.4901339333370895,2106.8296167083854,21696,115351552,22.000120132523897,1493.2603191832595,2210,22470656,4.285656524644063,1924.1282710407238,2221,9097216,1.735042497490788,1976.2323516434037,4431,31567872,6.020699022134851,1950.2449857819904,0,0,0,0,10476,152752128,29.13324622193785,21834.972237017944,10476,152752128,29.13324622193785,21834.972237017944,
381,7258.030449505487,14451,100487168,19.16595852554246,656.5989864369247,21840,197758976,37.71865012724557,2588.0566638278387,36291,298246144,56.884608652788025,1818.954272161142,12163,76869632,14.661376254386147,390.22002285620323,9532,39043072,7.446701042084976,1217.8753013008811,21695,115912704,22.108077296471123,753.8618810785896,2288,23617536,4.504582271156313,2072.668625437063,2294,9396224,1.7921456347611138,4872.516544899739,4582,33013760,6.296727905917427,3474.425746180707,0,0,0,0,10014,149319680,28.479803450399476,3368.965169962053,10014,149319680,28.479803450399476,3368.965169962053,
386,7248.673820217125,14176,97468416,18.589275608201454,2578.462719032167,22070,199020544,37.95740092985798,43778.73267720888,36246,296488960,56.54667653805944,27665.091808503006,11863,74407936,14.19115736672498,737.7747198010621,9517,38981632,7.4346165726699125,1713.6382652096247,21380,113389568,21.625773939394893,1172.1663644059868,2313,23060480,4.398118241476475,12019.051450064851,2251,9220096,1.7584661032972548,9414.711310972902,4564,32280576,6.156584344773729,10734.570807405784,0,0,0,0,10302,150818816,28.764318253890814,90147.09955882352,10302,150818816,28.764318253890814,90147.09955882352,
391,7250.191588817317,14415,102227968,19.495188178500726,620.0281845993757,21842,196272128,37.42969897978194,5389.005319750939,36257,298500096,56.924887158282665,3492.9630271395868,12212,79745024,15.20762155009338,647.9558381919423,9451,38711296,7.382363309360139,1922.4222049518569,21663,118456320,22.58998485945352,1203.9721624428748,2203,22482944,4.287566628407343,465.2154266908761,2276,9322496,1.7778286839597583,905.2421586115993,4479,31805440,6.065395312367102,688.8146322839921,0,0,0,0,10115,148238336,28.269506986462044,9636.926424320316,10115,148238336,28.269506986462044,9636.926424320316,
396,7247.061143409668,14254,98054144,18.701985412478702,2426.176084958608,21982,196333568,37.44693875167474,19351.238324856702,36236,294387712,56.14892416415345,12693.4991382051,12052,75399168,14.380974454777057,2665.829128775307,9566,39182336,7.473294308691728,5008.898354798243,21618,114581504,21.854268763468784,3702.641054769174,2202,22654976,4.321010957701646,1114.5055653950953,2284,9355264,1.784340811316319,1638.2319671628723,4486,32010240,6.1053517690179655,1381.1553874275523,0,0,0,0,10132,147795968,28.189303631666697,36885.321494472955,10132,147795968,28.189303631666697,36885.321494472955,
401,7276.664090266267,14332,100945920,19.25301748065525,13842.123821239185,22053,199053312,37.96465370287697,29506.034405114948,36385,299999232,57.217671183532225,23336.042197114195,12124,78241792,14.922748627124225,14414.855752144505,9561,39161856,7.469186452933448,18180.6850459157,21685,117403648,22.391935080057674,16075.224388425178,2208,22704128,4.330268853531022,10697.28599048913,2207,9039872,1.724139159253647,11450.436052560037,4415,31744000,6.054408012784669,11073.775727066817,0,0,0,0,10285,150851584,28.77132809068988,43908.598409722894,10285,150851584,28.77132809068988,43908.598409722894,
406,7263.010712952577,14450,100503552,19.12794840235055,484.65591882352936,21944,197148672,37.52155571186114,2056.2605543200875,36394,297652224,56.64950411421169,1432.265198411826,12214,77463552,14.74294983841764,464.3464596364827,9555,39137280,7.4486508939340395,976.0602527472527,21769,116600832,22.191600732351677,688.9514159125362,2236,23040000,4.384998563932911,595.5949771914132,2198,9003008,1.713462549959918,688.984363967243,4434,32043008,6.09846111389283,641.8894905277402,0,0,0,0,10191,149008384,28.35944226796718,3363.9425235011286,10191,149008384,28.35944226796718,3363.9425235011286,
411,7275.590574377884,14445,99438592,18.963775189280955,2007.6457092419523,21938,202690560,38.65479322987058,30078.08120740268,36383,302129152,57.61856841915153,18933.386136327405,12216,76951552,14.675307677267426,805.2941070726915,9489,38866944,7.412252863660542,1617.2017425439983,21705,115818496,22.087560540927967,1160.2441901405207,2229,22487040,4.288467512013529,8597.115055181695,2188,8962048,1.7091378718188708,9646.70688893967,4417,31449088,5.9976053838324,9117.039649309487,0,0,0,0,10261,154861568,29.533402494391165,60754.34397427151,10261,154861568,29.533402494391165,60754.34397427151,
416,6149.927866750677,12081,81948672,15.60896585736565,18593.924150153132,18711,170311680,32.43968612731862,18163.71035802469,30792,252260352,48.04865198468428,18332.50136941413,10259,63569920,12.108319593458035,18396.698805439126,8078,33087488,6.302255520357861,18567.30447907898,18337,96657408,18.410575113815895,18471.855735780115,1822,18378752,3.500646263907616,19704.42624204171,1851,7581696,1.4441043535754396,19046.703168557535,3673,25960448,4.944750617483056,19372.968194391506,0,0,0,0,8782,129642496,24.693326253385326,17606.3597542701,8782,129642496,24.693326253385326,17606.3597542701,
421,3795.2716488639085,8031,55611392,9.959073025020658,135398.81070028638,12180,109096960,19.537446418312236,137416.05717200326,20211,164708352,29.496519443332893,136614.48840181087,6811,43270144,7.7489612901464415,135356.85869710761,5305,21729280,3.8913517270188254,135963.24963826578,12116,64999424,11.640313017165267,135622.3674411522,1220,12341248,2.210111734874217,135633.01979344263,1259,5156864,0.9235083551963621,138892.84630897536,2479,17498112,3.133620090070579,137288.57509116578,0,0,0,0,5616,82210816,14.722586336097049,138457.343931802,5616,82210816,14.722586336097049,138457.343931802,
427,7694.679422991007,15461,106668032,20.188102216500106,53622.04789179225,23312,209670144,39.682388616865985,70454.95047898078,38773,316338176,59.87049083336609,63742.714982616766,13037,81129472,15.35464789963204,53843.3795781238,10270,42065920,7.961439588489982,56201.44850477118,23307,123195392,23.316087488122022,54882.43942609517,2424,25538560,4.833454316868066,52431.65961014851,2355,9646080,1.8256270916157649,55548.221519745224,4779,35184640,6.65908140848383,53967.4418443189,0,0,0,0,10687,157958144,29.895321936760237,87437.15427556843,10687,157958144,29.895321936760237,87437.15427556843,
432,10022.290287070666,20821,145858560,26.17223118929362,30127.75741866385,32446,295141376,52.958896112770034,59244.57850739691,53267,440999936,79.13112730206365,47863.398191469394,17497,111710208,20.044798124841474,30094.75003834943,13939,57094144,10.244727058342143,32146.99598522132,31436,168804352,30.289525183183617,31004.73401383764,3324,34148352,6.127433064452145,30301.50294614922,3227,13217792,2.371743612688866,34296.595594360086,6551,47366144,8.49917667714101,32269.47180216761,0,0,0,0,15280,224829440,40.342425441739024,89232.8208920157,15280,224829440,40.342425441739024,89232.8208920157,
437,8644.390361358435,17083,117788672,22.46534166688216,13045.687535971432,26141,236920832,45.18692119121598,16914.81762736697,43224,354709504,67.65226285809814,15385.659073061262,14392,90562560,17.272618988585894,12588.922441356308,11288,46235648,8.818332118641228,12786.811042611624,25680,136798208,26.090951107227124,12675.907119353584,2691,27226112,5.192722678296266,15488.557562616128,2684,10993664,2.096775638415402,17686.47806557377,5375,38219776,7.289498316711668,16586.08661004651,0,0,0,0,12169,179691520,34.27181343415935,20573.770845591258,12169,179691520,34.27181343415935,20573.770845591258,
442,6317.176256216172,12773,88023040,16.71175264545716,353.1900658420105,18959,167112704,31.727445145742518,321.74440091776995,31732,255135744,48.43919779119968,334.40214319929413,10777,68194304,12.9471367982418,218.15769453465714,8547,35008512,6.646596084724168,316.85294653094655,19324,103202816,19.593732882965966,261.8105779341751,1996,19828736,3.7646158472153615,1082.2701588176353,1941,7950336,1.5094235404761447,317.1063055126223,3937,27779072,5.274039387691507,705.0329123698247,0,0,0,0,8471,124153856,23.571425520542206,327.74248896234207,8471,124153856,23.571425520542206,327.74248896234207,
447,6745.198555103297,14032,95125504,17.065929870057374,30323.82234414196,21824,197857280,35.49645807669314,59206.14188938783,35856,292982784,52.56238794675051,47903.243968289826,11819,74178560,13.307956852684251,28786.77915382012,9442,38674432,6.938361601493357,30306.447930205464,21261,112852992,20.246318454177608,29461.66333549692,2213,20946944,3.7579730173731227,38532.730372345235,2220,9093120,1.6313453458287706,45242.21674684685,4433,30040064,5.389318363201894,41892.770920821116,0,0,0,0,10162,150089728,26.92675112937101,89108.8012260382,10162,150089728,26.92675112937101,89108.8012260382,
452,8742.722344861777,17285,123260928,23.508871852189905,14131.534963725773,26431,240058368,45.78499855491795,37078.95592236389,43716,363319296,69.29387040710786,28005.70651093421,14579,94736384,18.06854408232148,14451.434789834693,11338,46440448,8.857328583395777,17440.56702416652,25917,141176832,26.925872665717257,15759.100849673958,2706,28524544,5.440327769868424,12408.024407612713,2669,10932224,2.085042334546069,12897.595808542525,5375,39456768,7.525370104414494,12651.125071627908,0,0,0,0,12424,182685696,34.842627636976104,60195.512866307145,12424,182685696,34.842627636976104,60195.512866307145,
457,7311.845071571284,14172,97931264,18.67646709966149,5249.800024696585,22392,204603392,39.01990399273457,46282.39621145945,36564,302534656,57.69637109239606,30378.393554233673,11912,75591680,14.416086006284363,5574.352308344526,9583,39251968,7.485741110713793,8712.90998351247,21495,114843648,21.901827116998156,6973.59856101419,2260,22339584,4.260381093377129,3539.1509969026547,2318,9494528,1.8107010220843756,5019.7347942191545,4578,31834112,6.071082115461505,4288.821866754041,0,0,0,0,10491,155856896,29.7234618599364,89717.26759527213,10491,155856896,29.7234618599364,89717.26759527213,
462,7284.976126855641,14315,100151296,19.101756737734043,5422.460036115962,22111,197730304,37.712903552303516,34707.83569169192,36426,297881600,56.81466029003756,23199.019118102453,12087,76984320,14.683142525283683,6017.623441631506,9736,39878656,7.606016261035485,8583.64127783484,21823,116862976,22.28915878631917,7162.413326307107,2228,23166976,4.41861421245036,2193.6718482944348,2235,9154560,1.7460400927911164,3284.395889932886,4463,32321536,6.164654305241476,2739.8892431100157,0,0,0,0,10140,148697088,28.360847198476915,66717.35687218935,10140,148697088,28.360847198476915,66717.35687218935,
467,7247.095922001047,14272,98967552,18.87577049909594,1480.591473794843,21965,196345856,37.44842871635886,29242.753653357613,36237,295313408,56.3241992154548,18308.58198829925,12031,76648448,14.618917860673053,1207.462521236805,9637,39473152,7.528590360888484,3093.784459894158,21668,116121600,22.147508221561537,2046.417871192542,2241,22319104,4.2568526384228855,2946.9075952699686,2196,8994816,1.7155530177971476,6017.932636612022,4437,31313920,5.972405656220033,4466.846966644129,0,0,0,0,10132,147877888,28.20428533767323,59147.93753316226,10132,147877888,28.20428533767323,59147.93753316226,
472,7244.363815405802,14385,100839424,19.23243576119633,1037.3345768508864,21839,200286208,38.199262514764136,10286.387455194834,36224,301125632,57.431698275960464,6613.473761097614,12103,77230080,14.729581878929153,1084.8899691811946,9301,38096896,7.265968764567491,2636.7897220728955,21404,115326976,21.995550643496646,1759.2601617454682,2282,23609344,4.5028538822671775,785.1159469763365,2183,8941568,1.705366069567878,1081.7427704993129,4465,32550912,6.208219951835056,930.140886674132,0,0,0,0,10355,153247744,29.227927680628763,19097.84548150652,10355,153247744,29.227927680628763,19097.84548150652,
477,7228.0051716631,14163,98418688,18.770849646092255,5172.863894866907,21979,196489216,37.4752966694145,33912.060373583874,36142,294907904,56.24614631550675,22650.004047756072,11968,76406784,14.572641472374102,5718.256790524732,9608,39354368,7.505839994991442,9778.811446398833,21576,115761152,22.078481467365542,7526.460773359288,2195,22011904,4.198208173718153,2199.1681430523918,2189,8966144,1.7100628381594782,2894.159559616263,4384,30978048,5.9082710118776305,2546.188264142336,0,0,0,0,10182,148168704,28.259393836263577,63353.274336868984,10182,148168704,28.259393836263577,63353.274336868984,
482,7286.678175114383,14388,98340864,18.756202859793255,1891.6618610647763,22047,201732096,38.47564442699311,6628.04236363224,36435,300072960,57.23184728678636,4757.6692973240015,12189,76279808,14.548576194674071,2120.7883070801545,9563,39170048,7.470763794752088,3750.0092967687965,21752,115449856,22.019339989426157,2837.055331923501,2199,22061056,4.207626665119183,621.6199099590724,2212,9060352,1.7280486786564486,932.1866410488246,4411,31121408,5.935675343775632,777.3609231466787,0,0,0,0,10272,153501696,29.276831953584573,10533.98697780374,10272,153501696,29.276831953584573,10533.98697780374,
487,6436.8205457216,12896,89964544,17.069267718325644,39867.259448356075,19458,176377856,33.46474855303317,40552.63865803269,32354,266342400,50.534016271358816,40279.45295339061,10900,69242880,13.137678509301358,40062.27835201835,8476,34717696,6.587102220930985,41020.65372192072,19376,103960576,19.724780730232343,40481.51811436829,1996,20721664,3.9315892090242865,38802.27645741483,2003,8204288,1.556626445083148,38694.510882176735,3999,28925952,5.488215654107434,38748.29935133784,0,0,0,0,8979,133455872,25.321019887019037,40525.345446486244,8979,133455872,25.321019887019037,40525.345446486244,
492,7400.426980397909,14633,101773312,19.346954583498892,15795.393041686599,22493,204214272,38.820828054473544,54000.74967158672,37126,305987584,58.16778263797244,38942.32744550989,12331,78237696,14.872869139107832,17082.910969669938,9744,39911424,7.587102083213796,21323.00984729064,22075,118149120,22.459971222321627,18954.508861562856,2302,23535616,4.474085444391059,8898.61477497828,2301,9424896,1.791658650808184,8924.916420252064,4603,32960512,6.265744095199242,8911.762740603954,0,0,0,0,10448,154877952,29.442067320451567,94403.83056355282,10448,154877952,29.442067320451567,94403.83056355282,
497,8068.589007054312,15921,109588480,20.901279093186318,15445.874444193205,24424,221368320,42.220505647215646,27433.637385031114,40345,330956800,63.121784740401964,22703.009704250835,13453,85413888,16.290576450391114,16088.631445179515,10655,43642880,8.323794757536918,18336.861415110274,24108,129056768,24.614371207928034,17082.28045503567,2468,24174592,4.610702642795203,11942.223741491087,2462,10084352,1.9233395300850202,13753.764729894394,4930,34258944,6.534042172880223,12846.891878093305,0,0,0,0,11307,167641088,31.97337135959371,38984.5345669939,11307,167641088,31.97337135959371,38984.5345669939,
502,7213.790464105844,14047,97251328,18.547137379115032,21686.341855413964,22026,197816320,37.726235089262545,40101.24592681377,36073,295067648,56.27337246837757,32930.39355825687,11880,76496896,14.588987815034004,22108.681212037038,9645,39505920,7.534310745127596,24007.474104924833,21525,116002816,22.1232985601616,22959.499212125436,2167,20754432,3.958149564081029,19370.978885094602,2271,9302016,1.7740196684483949,21394.31784191986,4438,30056448,5.732169232529424,20406.355805092382,0,0,0,0,10110,149008384,28.417904675686554,59656.91980445104,10110,149008384,28.417904675686554,59656.91980445104,
507,7237.641943995808,14320,99459072,18.96727764832679,11803.808679189944,21874,197025792,37.57367553907484,15034.80631612874,36194,296484864,56.540953187401634,13756.476035945185,12113,76410880,14.571887181020356,11992.769748286964,9479,38825984,7.404284030495414,13314.365896402573,21592,115236864,21.97617121151577,12572.957312569471,2207,23048192,4.395390467306434,10766.706082917988,2244,9191424,1.7528445368110253,11030.750946078431,4451,32239616,6.14823500411746,10899.82598247585,0,0,0,0,10151,149008384,28.4165469717684,17526.497281450105,10151,149008384,28.4165469717684,17526.497281450105,
512,6556.861858343536,13057,90173440,17.072317641876893,20619.592754920734,19971,177836032,33.66926255086845,26438.988586500425,33028,268009472,50.741580192745346,24138.399650660045,11001,68845568,13.034363612294653,20254.15669020998,8715,35696640,6.758357858231075,22101.751697647735,19716,104542208,19.792721470525727,21070.84316260905,2056,21327872,4.037954029582238,22574.924538910505,2053,8409088,1.5920721380319445,20868.88993132002,4109,29736960,5.630026167614183,21722.530027013872,0,0,0,0,9203,133730304,25.318832554605436,31788.81277702923,9203,133730304,25.318832554605436,31788.81277702923,
517,7915.066373620299,15585,109289472,20.84443389043597,39308.144255502084,23992,216154112,41.22638727479526,54819.05862166555,39577,325443584,62.07082116523122,48711.026168557495,13176,84742144,16.162599983480614,40773.73317767152,10539,43167744,8.233246712064489,45047.720342727014,23715,127909888,24.395846695545103,42673.10280586127,2409,24547328,4.6818339069553545,31292.12115940224,2442,10002432,1.9077320875663233,31865.94222932023,4851,34549760,6.589565994521678,31580.983466707898,0,0,0,0,11011,162983936,31.085408475164442,69262.03785623467,11011,162983936,31.085408475164442,69262.03785623467,
523,4683.085576790517,10851,74477568,12.269083732557526,688.3562935213345,16260,144199680,23.754776043814974,7025.646937884379,27111,218677248,36.023859776372504,4489.187907159455,9129,57053184,9.398672788362415,719.1109605652316,7265,29757440,4.902100495904439,1822.7078934618032,16394,86810624,14.300773284266853,1208.169867329511,1722,17424384,2.8704109441951116,525.3136945412311,1762,7217152,1.1889196247465412,985.2006736662883,3484,24641536,4.059330568941653,757.8971782433985,0,0,0,0,7233,107225088,17.663755923163993,13723.091770634592,7233,107225088,17.663755923163993,13723.091770634592,
528,7556.660007323392,14941,102133760,19.467742161320103,26727.082818619903,22867,205864960,39.239972770320776,104046.93807456159,37808,307998720,58.70771493164088,73491.60699703767,12578,79511552,15.155717298397668,26988.512359278106,9901,40554496,7.730102873039116,27933.95620785779,22479,120066048,22.885820171436784,27404.93833662529,2363,22622208,4.312024862922436,25335.52092170969,2309,9457664,1.802727758190821,28234.70001472499,4672,32079872,6.114752621113257,26768.35579452055,0,0,0,0,10657,155852800,29.707142139090838,191186.38549338462,10657,155852800,29.707142139090838,191186.38549338462,
533,8246.236739803675,16660,115261440,21.57475613207757,18695.17918697479,25354,227848192,42.648861384473314,74229.09387725803,42014,343109632,64.22361751655089,52207.981420931115,14154,88342528,16.536046206703947,20023.521256535256,11003,45068288,8.435928987961958,26070.383822957374,25157,133410816,24.971975194665905,22668.25746587431,2506,26918912,5.038709925373625,11192.643810853951,2533,10375168,1.942034729301794,12573.863894986182,5039,37294080,6.980744654675419,11886.954283786466,0,0,0,0,11818,172404736,32.27089766720956,132281.4702753427,11818,172404736,32.27089766720956,132281.4702753427,
538,7547.826979143634,14984,105361408,20.083393610365935,48434.96527896423,22779,204709888,39.02063701196862,74933.14198340577,37763,310071296,59.10403062233455,64418.916955220724,12685,81731584,15.579210671431865,48780.88535017738,9893,40521728,7.724021808783975,52060.70481946831,22578,122253312,23.30323248021584,50218.00351873505,2299,23629824,4.50418293893407,46526.31103653763,2419,9908224,1.8886494243857714,46169.93092806945,4718,33538048,6.392832363319841,46343.588806273845,0,0,0,0,10467,154279936,29.407965778798868,103198.66490360179,10467,154279936,29.407965778798868,103198.66490360179,
544,5818.679029133565,12488,86949888,15.169483922373526,63140.75915759129,19319,174768128,30.490462596562733,72982.76113194265,31807,261718016,45.65994651893626,69118.61422542209,10542,66633728,11.625078408195428,62526.06077177006,8231,33714176,5.881855199032246,63490.68015125744,18773,100347904,17.506933607227673,62948.9970159804,1946,20316160,3.5444055141780995,66470.74393833504,1982,8118272,1.4163330098993938,64625.78721291625,3928,28434432,4.9607385240774935,65539.81108961304,0,0,0,0,9106,132935680,23.19227438763109,83381.71136909729,9106,132935680,23.19227438763109,83381.71136909729,
549,5669.970802429654,11777,81289216,14.687103285517914,82290.33582805468,18151,162762752,29.40750898199261,99573.04395818412,29928,244051968,44.09461226751053,92772.10658687518,10012,63311872,11.439008136866391,83466.90271254495,7827,32059392,5.7923993457497085,87567.07233563307,17839,95371264,17.2314074826161,85265.8840253938,1765,17977344,3.248095148651523,75616.23517790368,1830,7495680,1.354298045575823,76403.7062147541,3595,25473024,4.6023931942273455,76017.08969735744,0,0,0,0,8494,123207680,22.26081159066708,115627.98014374851,8494,123207680,22.26081159066708,115627.98014374851,
554,4219.690272202206,8404,57290752,10.926541735280706,131883.22370621134,12696,112566272,21.46873668184631,137311.07505127598,21100,169857024,32.39527841712702,135149.1953022749,7112,44924928,8.56812109477077,133134.96091957254,5609,22974464,4.38170962988414,135292.0587908718,12721,67899392,12.949830724654912,134086.07812420407,1292,12365824,2.358420640509934,124992.85601160991,1357,5558272,1.0600784396064857,122566.16554900516,2649,17924096,3.41849908011642,123749.73824726311,0,0,0,0,5730,84033536,16.026948612355685,142779.40042635254,5730,84033536,16.026948612355685,142779.40042635254,
559,9332.067820269975,18593,129839104,24.38096860780557,36134.065292045394,28802,264589312,49.684136066072,63867.53865127422,47395,394428416,74.06510467387757,52987.731284080604,15708,99401728,18.665489326925947,37947.37739005602,12349,50581504,9.498109761752453,42881.69633800308,28057,149983232,28.1635990886784,40119.16712838151,2885,30437376,5.715479280879624,26261.099456499134,2803,11481088,2.1558993976995806,27162.162700677847,5688,41918464,7.871378678579204,26705.13607278481,0,0,0,0,13650,202526720,38.03012690661997,90390.56689421246,13650,202526720,38.03012690661997,90390.56689421246,
565,8701.038644760745,21091,146321408,22.758552271759903,42960.08660087241,32259,293679104,45.67828679934254,64513.202173439975,53350,440000512,68.43683907110244,55992.55061690722,17862,114298880,17.777829441633127,43996.95693690516,14035,57487360,8.941474152063105,47295.86508136801,31897,171786240,26.719303593696228,45448.50961607674,3229,32022528,4.980722830126779,37224.38578259523,3237,13258752,2.062240956909745,37817.78290083411,6466,45281280,7.042963787036524,37521.45142932261,0,0,0,0,14987,222932992,34.67457169036969,86402.73298498699,14987,222932992,34.67457169036969,86402.73298498699,
570,5835.416567866428,11787,81858560,15.250577497406892,91565.7766600492,18084,163577856,30.475209553987572,96156.51933034728,29871,245436416,45.72578705139446,94345.02711867698,9972,63291392,11.791439754312298,92065.79643271159,7899,32354304,6.027736384889519,94867.49644208128,17871,95645696,17.81917613920182,93304.1506587768,1815,18567168,3.459137743094593,88818.56058677685,1802,7380992,1.3751083637892028,90680.09393285238,3617,25948160,4.834246106883795,89745.98195521151,0,0,0,0,8383,123842560,23.07236480530885,98548.32540939997,8383,123842560,23.07236480530885,98548.32540939997,
575,9833.111710476327,20532,139776000,25.318449964748954,20421.258028833043,31239,281051136,50.90844726098796,57183.85816104869,51771,420827136,76.22689722573692,42604.07979256727,17297,107491328,19.470537213916682,21490.899913337573,13645,55889920,10.123670322901084,25191.541075558813,30942,163381248,29.594207536817766,23122.832194977702,3235,32284672,5.847912750832271,14702.0630748068,3136,12845056,2.326700632657955,16685.385522959183,6371,45129728,8.174613383490227,15678.314714644483,0,0,0,0,14458,212316160,38.458076305428925,96161.47448589017,14458,212316160,38.458076305428925,96161.47448589017,
580,9666.674413991524,19007,130269184,24.84449613452622,2394.08467264692,29331,265818112,50.69592710484052,50904.58834247042,48338,396087296,75.54042323936675,31829.7581208573,15955,100171776,19.104420747892505,1712.6189958633656,12741,52187136,9.95295325273546,3363.531986500275,28696,152358912,29.057374000627963,2445.6229829592976,3052,30097408,5.740075386633714,5956.596098951507,2979,12201984,2.327120927705748,8361.362165491775,6031,42299392,8.067196314339462,7144.425333278064,0,0,0,0,13611,201428992,38.41585292439932,104718.18541929322,13611,201428992,38.41585292439932,104718.18541929322,
585,7304.850580273305,14354,100851712,19.234490816242236,953.1037018949422,22173,202186752,38.5611621993075,5085.867703107383,36527,303038464,57.79565301554974,3461.817152188792,12126,77008896,14.687176583387632,1009.5039158007587,9588,39272448,7.490061649993119,1994.2020310805171,21714,116281344,22.177238233380752,1444.3056809892234,2228,23842816,4.547314232854604,646.1427531418312,2223,9105408,1.7365881359965272,867.4846014394961,4451,32948224,6.283902368851131,756.6893558750843,0,0,0,0,10362,153808896,29.334512413317857,8851.584369619764,10362,153808896,29.334512413317857,8851.584369619764,
590,7177.358035612616,14145,98074624,18.70405585713389,2239.3272971367974,21746,190607360,36.351204448368094,20261.572000275915,35891,288681984,55.05526030550198,13158.826149619681,11959,75919360,14.478770268625821,2255.782456643532,9712,39780352,7.586610026916319,4685.269491659802,21671,115699712,22.06538029554214,3344.572917816437,2186,22155264,4.225285588508069,2149.3056811527904,2201,9015296,1.7193295582004549,3640.25008541572,4387,31170560,5.944615146708524,2897.326796671985,0,0,0,0,9833,141811712,27.04526486325132,39366.68534292688,9833,141811712,27.04526486325132,39366.68534292688,
596,6027.7647227846155,12770,89620480,15.840651728023172,24275.6315605325,19753,179679232,31.758769166050847,32113.603112742367,32523,269299712,47.599420894074015,29036.061166374566,10731,69074944,12.209175079587878,23715.92735765539,8437,34557952,6.108207432784804,25149.715442811426,19168,103632896,18.31738251237268,24347.024502608514,2039,20545536,3.631476648435294,27221.284233938208,1958,8019968,1.417550095222549,27950.23801276813,3997,28565504,5.049026743657843,27578.37492669502,0,0,0,0,9358,137101312,24.233011638043493,39263.22794037187,9358,137101312,24.233011638043493,39263.22794037187,
