5,8492.532920879472,16689,115793920,22.085763053391947,1976.051630115645,25774,234774528,44.779333805953996,15852.650750872974,42463,350568448,66.86509685934594,10398.807105197468,14091,89960448,17.158458222201887,2227.5933597331627,11139,45625344,8.702275014210572,4467.7772385312865,25230,135585792,25.860733236412457,3216.6305466508124,2598,25833472,4.92730483119006,611.7427340261739,2547,10432512,1.9898280331442975,1188.3403898704357,5145,36265984,6.9171328643343575,897.1837893100097,0,0,0,0,12088,178716672,34.08723075859913,29433.56608371939,12088,178716672,34.08723075859913,29433.56608371939,
10,8406.03049443635,16644,115400704,22.00997000334657,4685.130594688777,25388,230043648,43.87541510960295,22584.437477036394,42032,345444352,65.88538511294952,15496.598122501904,14079,89559040,17.081280404740994,5445.624864407983,11062,45309952,8.641807630333632,9301.845581811607,25141,134868992,25.723088035074625,7142.355844715803,2565,25841664,4.928689598605576,510.86204756335286,2567,10514432,2.00538059908393,1070.4745714842227,5132,36356096,6.934070197689507,790.7773532735775,0,0,0,0,11759,174219264,33.22822688018538,39776.23731745897,11759,174219264,33.22822688018538,39776.23731745897,
15,8572.305975821431,16740,114675712,21.870885556860255,5133.721126941457,26125,235839488,44.979170932346314,40091.7031138756,42865,350515200,66.85005648920657,26439.618232007466,14105,87146496,16.6205293819966,5903.782935129387,11373,46583808,8.884436955322773,9390.514285588673,25478,133730304,25.504966337319374,7460.207915456472,2635,27529216,5.250356174863656,1011.6255654648957,2632,10780672,2.0560835370095436,1714.1430573708208,5267,38309888,7.3064397118732,1362.684239984811,0,0,0,0,12120,178475008,34.038650440013996,77234.80200932344,12120,178475008,34.038650440013996,77234.80200932344,
20,8512.586298331049,16753,115884032,22.102570132658876,8702.872483316421,25811,232570880,44.35826142133362,38238.71413742203,42564,348454912,66.4608315539925,26613.53898397707,14129,89612288,17.091758425078144,9601.443777408167,11064,45318144,8.643533011018585,13720.75819929501,25193,134930432,25.73529143609673,11410.52148803239,2624,26271744,5.01081170758073,3864.490694359756,2641,10817536,2.0632294542751337,5228.565465732677,5265,37089280,7.074041161855864,4548.73029002849,0,0,0,0,12106,176435200,33.65149895603991,67847.70696258053,12106,176435200,33.65149895603991,67847.70696258053,
25,7738.310933924758,15400,106782720,20.30345885715426,6618.321786623376,23413,214048768,40.69881676091934,41758.34274035792,38813,320831488,61.002275618073604,27815.6863446268,12941,80809984,15.365053310042056,6809.6494290240325,10162,41623552,7.914221285247471,10341.381570852194,23103,122433536,23.27927459528953,8363.1040464009,2459,25972736,4.938405547112204,5611.420192354616,2447,10022912,1.9057370089549857,6267.774604004903,4906,35995648,6.844142556067189,5938.794681818182,0,0,0,0,10804,162402304,30.87885846671689,79346.69701971492,10804,162402304,30.87885846671689,79346.69701971492,
30,4852.92583135604,10455,71491584,12.346852998079429,86127.93456527976,16343,149377024,25.797947862206872,107295.49706290154,26798,220868608,38.1448008602863,99037.16189189492,8871,55267328,9.544865790253565,85782.33981783339,7042,28844032,4.981467790333181,85190.20507469469,15913,84111360,14.526333580586748,85520.30168164393,1584,16224256,2.8019872078258636,88063.3960580808,1611,6598656,1.1396115606683832,85013.18151582868,3195,22822912,3.941598768494247,86525.40055649453,0,0,0,0,7690,113934336,19.676868511205306,132206.06618218464,7690,113934336,19.676868511205306,132206.06618218464,
35,5425.288591514959,10896,74539008,14.205898251653728,93656.1902053047,16252,145756160,27.778705862462793,111327.32262736894,27148,220295168,41.98460411411652,104234.91586183144,9186,57679872,10.99282663917946,95316.5346544742,7162,29335552,5.590869506448182,100146.87635953644,16348,87015424,16.58369614562764,97432.68998183263,1710,16859136,3.213071612474269,84736.93633976608,1651,6762496,1.2888195413496157,86059.99611932163,3361,23621632,4.501891153823885,85386.85353585244,0,0,0,0,7439,109658112,20.899016814664996,127699.24254066407,7439,109658112,20.899016814664996,127699.24254066407,
40,6094.653353144754,12597,87388160,15.772675159503692,57200.91247733587,19606,179187712,32.34156176249393,86633.27655125981,32203,266575872,48.11423692199762,75120.07932618078,10659,67690496,12.217446903489947,57726.52873299559,8429,34525184,6.2314449927094735,58234.61423703879,19088,102215680,18.44889189619942,57950.89234959137,1938,19697664,3.5552282560137454,54310.02307120743,1975,8089600,1.460090622921012,56879.439652658235,3913,27787264,5.015318878934758,55606.879127523636,0,0,0,0,9202,136572928,24.650026146863446,119032.33681221474,9202,136572928,24.650026146863446,119032.33681221474,
45,7585.136349995239,15038,102416384,19.524429817754413,52786.72912628009,22907,201027584,38.32344788936046,82159.90539869909,37945,303443968,57.84787770711487,70519.00871179337,12762,79675392,15.189138090503873,56316.04359755524,10129,41488384,7.909252504560649,63691.9162326982,22891,121163776,23.098390595064522,59579.781045520074,2276,22740992,4.33529172725054,32997.137174428826,2459,10072064,1.920115698362586,32151.678017486785,4735,32813056,6.255407425613126,32558.06978965153,0,0,0,0,10319,149467136,28.49407968643722,112204.72499292568,10319,149467136,28.49407968643722,112204.72499292568,
50,6757.253684305231,13335,91881472,17.523064637089256,39834.38240044995,20455,184520704,35.190644562956216,88953.75832334394,33790,276402176,52.71370920004547,69569.12150973661,11262,71385088,13.614121366583074,42190.97141937489,8991,36827136,7.023443034596536,49096.64031731732,20253,108212224,20.63756440117961,45256.634237791935,2073,20496384,3.90894327050618,27031.726572600095,2076,8503296,1.6216958892028037,28749.694954238923,4149,28999680,5.530639159708984,27891.33186550976,0,0,0,0,9388,139190272,26.545505639156875,140438.52435939497,9388,139190272,26.545505639156875,140438.52435939497,
55,7518.077062419571,14662,101896192,19.43225375141842,54524.662214090844,22934,206008320,39.28710063221407,80485.0327910962,37596,307904512,58.719354383632485,70360.79208995638,12341,78589952,14.9876051263603,56929.64052248602,9953,40767488,7.774619993884613,64130.07913503466,22294,119357440,22.762225120244914,60144.225859827755,2321,23306240,4.444648625058118,41737.14075613959,2327,9531392,1.8176972496503059,44830.325856037816,4648,32837632,6.262345874708424,43285.72976807229,0,0,0,0,10654,155709440,29.69478338867915,103551.42633123709,10654,155709440,29.69478338867915,103551.42633123709,
60,8958.96628208037,17991,124104704,23.14097583708489,32044.26776554944,27830,251113472,46.82345310552043,66850.27011297162,45821,375218176,69.96442894260532,53184.16094397765,15198,95608832,17.827540776568057,33844.243012238454,12023,49246208,9.18261171950466,39075.43139807037,27221,144855040,27.010152496072717,36154.759817751,2793,28495872,5.313435060516835,22249.773029001077,2795,11448320,2.134691820345631,29649.44579033989,5588,39944192,7.448126880862467,25950.933617394418,0,0,0,0,13012,190418944,35.50614956567014,100504.83434990777,13012,190418944,35.50614956567014,100504.83434990777,
66,6242.996626510958,12789,87371776,16.055829394824258,82796.76574587535,19610,177704960,32.655860404784136,83243.56205130037,32399,265076736,48.71168979960839,83067.19617735114,10833,68067328,12.508357455496203,82387.46135299547,8533,34951168,6.422783377527326,82937.25137560061,19366,103018496,18.931140833023527,82629.70850072292,1956,19304448,3.5474719393280543,85063.63409355828,1978,8101888,1.4888392734969003,84955.42931597572,3934,27406336,5.0363112128249545,85009.22914946619,0,0,0,0,9099,134651904,24.744237753759908,83158.6819047148,9099,134651904,24.744237753759908,83158.6819047148,
71,11047.879544572452,21881,149475328,28.50107425728319,12912.01201617842,33376,294178816,56.09228219747173,56936.010265190554,55257,443654144,84.59335645475493,39503.12202140905,18455,115683328,22.0578149302181,14052.046800866974,14889,60985344,11.628325832808741,18471.43840325072,33344,176668672,33.68614076302684,16025.424966890596,3426,33792000,6.44325932706509,6770.931469935785,3384,13860864,2.6429078257925167,9278.696497044917,6810,47652864,9.086167152857607,8017.080787371512,0,0,0,0,15103,219332608,41.82104853887048,105533.72993968087,15103,219332608,41.82104853887048,105533.72993968087,
76,12139.424360636243,23933,166547456,31.764899990207365,2152.46847729077,36767,331472896,63.220439649972235,43819.9391554111,60700,498020352,94.9853396401796,27391.148780790776,20249,128942080,24.592583844266688,2269.271244999753,15931,65253376,12.445503596664949,3860.0129092335696,36180,194195456,37.03808744093164,2969.716392951907,3684,37605376,7.172316145940675,1510.4654253528772,3712,15204352,2.899862491420519,2161.7385086206896,7396,52809728,10.072178637361194,1837.3347716333153,0,0,0,0,17124,251015168,47.875073561886765,90026.24760137819,17124,251015168,47.875073561886765,90026.24760137819,
81,8793.05003165133,17261,120381440,22.959501479612356,3540.914034528706,26707,240144384,45.80104158721309,62036.88192451417,43968,360525824,68.76054306682545,39072.47822752911,14560,92377088,17.618429291245235,3578.327380769231,11702,47931392,9.141615730330853,5572.817719449667,26262,140308480,26.76004502157609,4467.0459072804815,2701,28004352,5.341072188367121,3339.233797112181,2721,11145216,2.1256482996265813,3487.64273906652,5422,39149568,7.466720487993702,3413.711984323128,0,0,0,0,12284,181067776,34.53377755725566,128794.85645652881,12284,181067776,34.53377755725566,128794.85645652881,
86,11609.630462610563,22856,158965760,30.318302869485276,1513.0746626268815,35196,323264512,61.65372581977627,46790.02759714172,58052,482230272,91.97202868926155,28963.767756459725,19383,123146240,23.486724446562093,1504.0105908270134,15192,62226432,11.86796333917084,2905.6912982490785,34575,185372672,35.354687785732935,2119.8987558929866,3473,35819520,6.831578422923183,1563.6617353872734,3654,14966784,2.8544982912934604,2490.2420621237,7127,50786304,9.686076714216643,2038.7177917777465,0,0,0,0,16350,246071296,46.93126418931197,97466.6180190214,16350,246071296,46.93126418931197,97466.6180190214,
91,14169.743037347833,27731,191774720,36.53157163464305,1974.389540261801,43208,396034048,75.44136262730387,26525.887074176077,70939,587808768,111.97293426194692,16928.379664810614,23422,148094976,28.210924904360404,2081.2416360259585,18467,75640832,14.408981917491525,3286.2740646017223,41889,223735808,42.61990682185193,2612.486923774738,4309,43679744,8.320646730282647,1393.5842984451149,4435,18165760,3.4604340068270383,2345.6735724915447,8744,61845504,11.781080737109685,1876.4886820677034,0,0,0,0,20306,302227456,57.57194670298531,52941.979870777104,20306,302227456,57.57194670298531,52941.979870777104,
96,7050.96356144321,14352,101322752,18.678772259865724,15164.279763168895,22124,198524928,36.59791946845502,54073.91637235581,36476,299847680,55.27669172832074,38764.36750145301,12114,77737984,14.33093821886209,14964.548459385835,9679,39645184,7.3085595142191995,16613.01121355512,21793,117383168,21.63949773308129,15696.685888725737,2238,23584768,4.347834041003631,16245.39907238606,2172,8896512,1.6400652200520818,16697.330435082873,4410,32481280,5.987899261055714,16467.98295442177,0,0,0,0,10273,149983232,27.64929473418374,97271.23416538499,10273,149983232,27.64929473418374,97271.23416538499,
101,5613.845104350257,11373,77697024,14.811734965919767,73145.35253873208,16711,149151744,28.43347129785452,103407.77382412783,28084,226848768,43.245206263774286,91152.5923229597,9632,60231680,11.482237475557499,72777.80462053571,7368,30179328,5.753221742258256,76139.56166340933,17000,90411008,17.235459217815755,74234.829673,1741,17465344,3.3294974903622694,75178.79397932222,1741,7131136,1.359440696698103,75039.99826938541,3482,24596480,4.688938187060373,75109.39612435382,0,0,0,0,7602,111841280,21.320808858898165,136333.38345856353,7602,111841280,21.320808858898165,136333.38345856353,
106,8795.452400410823,17298,119689216,22.827485024478868,1507.4910994334605,26682,242798592,46.30727318695575,65547.23427711565,43980,362487808,69.13475821143462,40359.43351568895,14607,91860992,17.520002965127393,1484.3082055863626,11402,46702592,8.907257939465044,3373.2124229959654,26009,138563584,26.427260904592437,2312.378715290861,2691,27828224,5.307482059351474,1633.3300182088444,2808,11501568,2.1936134269442067,2392.97194480057,5499,39329792,7.501095486295681,2021.2322785961082,0,0,0,0,12472,184594432,35.206401820546496,136606.03525609366,12472,184594432,35.206401820546496,136606.03525609366,
111,10934.107164545372,21427,147591168,28.14848275749195,1070.091448126196,33248,302194688,57.63435630900123,47472.464281821456,54675,449785856,85.78283906649318,29287.486820320075,18109,115314688,21.992735411197263,1054.2957759677508,14277,58478592,11.152995540996104,2399.971202003222,32386,173793280,33.14573095219337,1647.5214925585128,3318,32276480,6.155747346294691,1156.3011609403256,3416,13991936,2.6685320983429777,2026.4899499414519,6734,46268416,8.824279444637668,1597.7274904959904,0,0,0,0,15555,229724160,43.812828669662146,98822.09025535197,15555,229724160,43.812828669662146,98822.09025535197,
116,8733.510087632878,17159,118149120,22.53131247118009,1881.8184162830003,26516,236326912,45.06809275956588,57560.33678692111,43675,354476032,67.59940523074597,35685.40383393246,14479,91271168,17.40562439921324,1332.5166548794807,11670,47800320,9.115632398636563,2904.07393924593,26149,139071488,26.521256797849805,2033.8847189949902,2680,26877952,5.125688071966849,4849.482671268657,2689,11014144,2.1004229237303957,6339.842554853105,5369,37892096,7.226110995697245,5595.911750605327,0,0,0,0,12157,177512448,33.852037437198916,121356.54443867732,12157,177512448,33.852037437198916,121356.54443867732,
121,8361.81712169177,17023,117293056,21.81975965420348,4502.568833519356,25844,232964096,43.3377793718563,36894.899858651916,42867,350257152,65.15753902605978,24031.516579186788,14413,91119616,16.950774314408807,5150.850014778325,11118,45539328,8.471577309520683,8458.160465101637,25531,136658944,25.42235162392949,6591.0864953977525,2610,26173440,4.868985339794672,922.6160881226053,2654,10870784,2.022267150518789,1531.9849709871892,5264,37044224,6.891252490313461,1229.8472840045592,0,0,0,0,12072,176553984,32.84393491181683,70858.85319607356,12072,176553984,32.84393491181683,70858.85319607356,
126,9592.73879571483,18823,131141632,25.008429059575317,1394.865008075227,29150,262778880,50.11137103154744,67106.24449951973,47973,393920512,75.11980009112276,41323.29792191441,15839,102117376,19.473565445990324,1481.8836463160553,12681,51941376,9.905109438875428,3197.0314416055517,28520,154058752,29.378674884865752,2244.498975631136,2984,29024256,5.534863613584992,932.9721759383378,2978,12197888,2.3261111827908705,1397.4268485560779,5962,41222144,7.860974796375863,1164.9658047635023,0,0,0,0,13491,198639616,37.880150409881146,141682.8948406345,13491,198639616,37.880150409881146,141682.8948406345,
131,9510.126442976014,18640,130347008,24.861526456037474,1790.579117113734,28911,263168000,50.1949242623388,49101.29848694269,47551,393515008,75.05645071837628,30555.48853439465,15774,100192256,19.11000844172871,1278.6641811208317,12380,50708480,9.671800192494231,2518.9739294022615,28154,150900736,28.78180863422294,1824.0586076223626,2866,30154752,5.7515180143087665,4608.07604675506,2953,12095488,2.3070134061741085,7683.13516830342,5819,42250240,8.058531420482876,6168.593246605946,0,0,0,0,13578,200364032,38.21611066367046,100581.41443202239,13578,200364032,38.21611066367046,100581.41443202239,
136,8509.211316245497,16883,118104064,22.52553357867719,17414.087284961206,25665,231534592,44.15970162314925,56349.871445041885,42548,349638656,66.68523520182644,40900.19475108113,14303,91721728,17.49373217130188,18460.304426344122,11253,46092288,8.791004694487565,20927.8423574158,25556,137814016,26.284736865789444,19546.828308733762,2580,26382336,5.031801407375314,11614.070318604652,2543,10416128,1.9866280048059963,13686.849717263074,5123,36798464,7.01842941218131,12642.97486882686,0,0,0,0,11869,175026176,33.3820689238557,99074.29284337349,11869,175026176,33.3820689238557,99074.29284337349,
141,7395.525791490724,14632,101142528,19.290169345051428,2742.0779868780755,22348,202674176,38.65455268142752,68236.59061213532,36980,303816704,57.94472202647894,42322.15825051379,12287,77864960,14.850610264019261,2920.0514632538457,9838,40296448,7.685444701600289,5391.932627871519,22125,118161408,22.536054965619552,4019.1866902598867,2345,23277568,4.439559081032165,1809.5576865671642,2250,9216000,1.757699794531475,2505.3488764444446,4595,32493568,6.19725887556364,2150.2606631120784,0,0,0,0,10260,153161728,29.211408185295753,142911.15583187132,10260,153161728,29.211408185295753,142911.15583187132,
146,7872.592456449177,15872,112893952,20.901957689531027,36062.34053603831,24679,225435648,41.73869629621975,47530.355669678676,40551,338329600,62.640653985750774,43041.67878868585,13405,86851584,16.080295727770697,36658.03308235733,10625,43520000,8.057590176738522,37102.71486117647,24030,130371584,24.13788590450922,36854.651638327094,2467,26042368,4.821661961760332,32825.510952168624,2459,10072064,1.8648107524329438,34907.23572265148,4926,36114432,6.686472714193275,33864.68293970767,0,0,0,0,11595,171843584,31.81629536704828,59762.69163691247,11595,171843584,31.81629536704828,59762.69163691247,
151,5235.881021384258,10449,73367552,13.991828675666646,98238.28254895206,15734,139636736,26.62993699096425,112835.19973503241,26183,213004288,40.6217656666309,107009.92426326242,8835,57679872,11.000051999259586,100470.08297509904,7009,28708864,5.475029432098455,106001.88569310885,15844,86388736,16.475081431358042,102917.21786846756,1614,15687680,2.99177667640706,86021.45679615861,1625,6656000,1.269356944950776,88334.41718707692,3239,22343680,4.261133621357836,87181.86452547082,0,0,0,0,7100,104271872,19.88555061391502,125188.50533507041,7100,104271872,19.88555061391502,125188.50533507041,
156,11349.267652187085,22530,156450816,29.838699562426893,1844.294199511762,34220,307920896,58.727460422688345,51338.34193039159,56750,464371712,88.56615998511525,31688.986945779736,19055,119439360,22.779780061796213,1856.159259039622,14890,60989440,11.632061903983047,3359.7163190060446,33945,180428800,34.41184196577926,2515.695703962292,3475,37011456,7.058919500630679,1779.2327004316546,3584,14680064,2.7998193326981355,2102.1102449776786,7059,51691520,9.858738833328815,1943.1642940926477,0,0,0,0,15746,232251392,44.29557918600717,107915.52913438334,15746,232251392,44.29557918600717,107915.52913438334,
161,10649.969621908098,20751,144076800,27.478842260839276,3277.8844925063854,32502,295362560,56.33260313942061,35826.342035228605,53253,439439360,83.81144540025988,23143.243571873885,17479,110039040,20.987039014568502,3614.449078723039,13856,56754176,10.824359299678436,5914.057648888568,31335,166793216,31.81139831424694,4631.311256741663,3272,34037760,6.491803246270771,1479.9589416259169,3233,13242368,2.525631756340963,1808.783966285184,6505,47280128,9.017435002611734,1643.3857371252882,0,0,0,0,15413,225366016,42.982612083401214,69852.38353876598,15413,225366016,42.982612083401214,69852.38353876598,
166,8501.900588157172,16745,116518912,22.22291334940236,9617.31112881457,25767,229953536,43.85758000312152,28695.623456126053,42512,346472448,66.08049335252389,21180.890206200602,14123,89145344,17.00212627470007,11245.172617078524,11163,45723648,8.720581492578429,16690.800991489745,25286,134868992,25.7227077672785,13649.251931464052,2622,27373568,5.2207870747022875,849.0854237223493,2651,10858496,2.070972098613761,1433.7325484722746,5273,38232064,7.2917591733160485,1143.016682533662,0,0,0,0,11953,173371392,33.06602641192933,45953.30821885719,11953,173371392,33.06602641192933,45953.30821885719,
171,8442.686948924062,16645,118845440,22.66390705149611,11149.815572904778,25576,233345024,44.4990563783106,38441.52610654519,42221,352190464,67.16296342980671,27682.175976694063,13972,90615808,17.280496836127814,12789.794491840825,10981,44978176,8.577369061949984,19692.333843092612,24953,135593984,25.857865898077797,15827.37653071775,2673,28229632,5.383410215368299,2577.505264122709,2659,10891264,2.0769715267940088,4000.449007897706,5332,39120896,7.4603817421623075,3287.1090553263316,0,0,0,0,11936,177475584,33.84471578956661,63363.08309802279,11936,177475584,33.84471578956661,63363.08309802279,
176,7727.861570795395,15617,107053056,20.109763903942913,7381.268966382788,23616,212271104,39.874824171944354,26022.168931402437,39233,319324160,59.98458807588727,18602.0140935437,13132,83083264,15.60707265945738,8435.087145750836,10459,42840064,8.047444929267636,13285.831852949612,23591,125923328,23.654517588725014,10585.650449239116,2485,23969792,4.5026912444855345,1812.3593762575454,2445,10014720,1.881250870260959,2019.8251865030675,4930,33984512,6.383942114746493,1915.250635091278,0,0,0,0,10712,159416320,29.946128372415757,43936.19805386482,10712,159416320,29.946128372415757,43936.19805386482,
181,9203.809453532884,17918,124620800,23.769039159582277,1478.0916054805223,28102,256413696,48.906018748693846,61789.88738691196,46020,381034496,72.67505790827612,38307.34160656236,15216,96710656,18.44571186842719,1246.4634748291273,12078,49471488,9.43574215183023,2820.886215019043,27294,146182144,27.88145402025742,1943.1688993185317,2702,27910144,5.323327291155091,2782.4785914137674,2881,11800576,2.250734653040478,2740.596583477959,5583,39710720,7.574061944195569,2760.866185025972,0,0,0,0,13143,195141632,37.21954194382314,128924.37745453854,13143,195141632,37.21954194382314,128924.37745453854,
187,7733.315950940745,16379,112451584,19.807918011118684,10511.916028390011,25490,233328640,41.099950808748304,27770.778388073755,41869,345780224,60.907868819866984,21019.174418806277,13847,87003136,15.325270870334814,10670.72061370694,10939,44806144,7.892431526321385,12378.181687814244,24786,131809280,23.2177023966562,11424.287816549664,2532,25448448,4.482647140783871,9643.445612559242,2583,10579968,1.8636210469410492,9637.737708478515,5115,36028416,6.34626818772492,9640.563204692082,0,0,0,0,11968,177942528,31.343898235485867,45753.503937834226,11968,177942528,31.343898235485867,45753.503937834226,
192,7826.880994245051,15628,107692032,20.53821347280395,33402.23632883286,23511,210001920,40.04998496693513,82272.3410578878,39139,317693952,60.58819843973908,62758.76133674851,13225,83279872,15.88251012966111,35489.876467977316,10289,42143744,8.037337533153805,41031.407002041014,23514,125423616,23.919847662814913,37914.679039423325,2403,24412160,4.655703343142839,21912.83106866417,2421,9916416,1.8911841935820157,27200.87713300289,4824,34328576,6.546887536724856,24566.71985841625,0,0,0,0,10801,157941760,30.12146324019931,133902.3738939913,10801,157941760,30.12146324019931,133902.3738939913,
197,10088.25612895526,19935,137670656,26.255616720140324,4523.2727503386,30512,276226048,52.67996430849493,35852.96832760881,50447,413896704,78.93558102863526,23472.50008702202,16791,104960000,20.017261564773314,4971.461612113632,13207,54095872,10.3167989653058,7170.297566593473,29998,159055872,30.334060530079114,5939.5270315021,3144,32710656,6.238355155367012,2129.6534188931296,2973,12177408,2.3223929222271633,2760.5931079717457,6117,44888064,8.560748077594175,2436.3043418342327,0,0,0,0,14332,209952768,40.04077242096197,69148.78637594194,14332,209952768,40.04077242096197,69148.78637594194,
202,7592.967149938902,15030,105508864,20.121481681187056,5734.887460079841,22940,203780096,38.86268236813297,71680.89215414123,37970,309288960,58.984164049320036,45576.90346434027,12776,81600512,15.561945652106393,6286.775937069506,10275,42086400,8.026251961419193,10402.813785790755,23051,123686912,23.588197613525587,8121.50279905427,2254,23908352,4.5595360290806655,2606.7032622005327,2301,9424896,1.797411753111977,4788.403144719688,4555,33333248,6.356947782192642,3708.8089547749723,0,0,0,0,10364,152268800,29.039018653601804,147284.1218381899,10364,152268800,29.039018653601804,147284.1218381899,
207,8239.160858631218,16177,113537024,21.65378898763459,3147.1940281881684,25022,223748096,42.67325218220452,44308.75362461034,41199,337285120,64.3270411698391,28146.454792325057,13609,86904832,16.574495506715362,3515.5346118744947,11013,45109248,8.603238865789521,5933.113268591665,24622,132014080,25.177734372504883,4596.8762472585495,2568,26632192,5.079293480919229,1195.1897433800623,2540,10403840,1.9842210768278747,1687.4241393700786,5108,37036032,7.063514557747103,1439.9578259592797,0,0,0,0,11469,168235008,32.08579223958712,90597.802725085,11469,168235008,32.08579223958712,90597.802725085,
212,9651.533615562963,18898,131948544,25.164407119887493,2621.797682559001,29365,271532032,51.78490335852678,39117.05015406096,48263,403480576,76.94931047841428,24826.863443611048,15997,102629376,19.57283742459493,2869.295436331812,12500,51200000,9.764546128968574,4847.44262512,28497,153829376,29.3373835535635,3736.9951892830823,2901,29319168,5.591569695292565,1257.019479489831,2999,12283904,2.3427099072621402,1595.550705568523,5900,41603072,7.934279602554705,1429.0966230508475,0,0,0,0,13866,208048128,39.67764732229607,78125.92589023511,13866,208048128,39.67764732229607,78125.92589023511,
217,8565.068922901435,16979,117747712,22.457201291233936,4575.100239531185,25849,233410560,44.51677098761491,30044.198162907654,42828,351158272,66.97397227884885,19947.06979732885,14354,91336704,17.420013622055365,5220.876254145186,11099,45461504,8.670556132167025,7976.382195603208,25453,136798208,26.09056975422239,6422.438366440105,2625,26411008,5.037187669178572,1043.8739866666667,2649,10850304,2.0694029366709117,1645.626019630049,5274,37261312,7.106590605849484,1346.1191772847933,0,0,0,0,12101,177098752,33.77681191877698,56501.39236410214,12101,177098752,33.77681191877698,56501.39236410214,
222,8442.418822199796,16515,114470912,21.832090824501222,1789.0771751740842,25700,230510592,43.963379802141745,8707.328479416343,42215,344981504,65.79547062664297,6000.8279395712425,14077,89513984,17.072262242052805,2002.8691869716558,11189,45830144,8.740804531267907,3279.63908472607,25266,135344128,25.813066773320713,2568.284305548959,2438,24956928,4.759828582448419,554.6431513535686,2591,10612736,2.024079411968464,589.3252786568892,5029,35569664,6.783907994416883,572.5117916086697,0,0,0,0,11920,174067712,33.198495858905375,15566.738121224831,11920,174067712,33.198495858905375,15566.738121224831,
227,8449.356560868971,16693,116379648,22.19649133374182,8035.593217995567,25556,232964096,44.4320431175131,24787.207330685553,42249,349343744,66.62853445125492,18168.47802624914,14111,90333184,17.2287832989949,9398.673011267805,11047,45248512,8.630015829509235,13948.236733411784,25158,135581696,25.858799128504135,11396.408540265522,2582,26046464,4.96770803474692,586.1668187451588,2672,10944512,2.0873904495744253,997.9038869760478,5254,36990976,7.055098484321345,795.5618408831366,0,0,0,0,11837,176771072,33.71463683842944,40272.81407138633,11837,176771072,33.71463683842944,40272.81407138633,
232,7433.941524815522,14854,101724160,19.398016149587107,12348.14810482025,22324,202801152,38.672622331320994,41174.37950461387,37178,304525312,58.0706384809081,29657.223089192532,12514,77422592,14.76389374912404,14043.07667236695,9920,40632320,7.748271399392153,20836.75438669355,22434,118054912,22.512165148516193,17047.14562690559,2340,24301568,4.634122400463069,3283.901910683761,2418,9904128,1.8886411536018373,4663.097698097601,4758,34205696,6.522763554064906,3984.804687894073,0,0,0,0,9986,152264704,29.035709778327007,70218.39318155417,9986,152264704,29.035709778327007,70218.39318155417,
237,9509.396259563007,18682,127901696,24.394276792190233,1892.3699470078152,28867,262787072,50.1205282827307,54704.07739817092,47549,390688768,74.51480507492093,33954.359873036236,15794,100093952,19.090595720577493,1197.2757330631887,12419,50868224,9.701931835080078,2627.1084788630324,28213,150962176,28.79252755565757,1826.6697312231952,2888,27807744,5.3036810716127425,5693.726600415513,2799,11464704,2.1866259124236365,6949.9169246159345,5687,39272448,7.490306984036379,6311.992244417092,0,0,0,0,13649,200454144,38.231970535226985,111880.99674569565,13649,200454144,38.231970535226985,111880.99674569565,
242,8454.261423738502,16637,113868800,21.717880242332054,10042.800483801166,25636,233742336,44.58102711902594,36006.41550811359,42273,347611136,66.29890736135799,25788.15176625742,14087,88670208,16.911822715323897,10919.672794988288,11099,45461504,8.67074650394401,14837.900025317596,25186,134131712,25.582569219267906,12646.362385611053,2550,25198592,4.806057527008159,5198.682739607843,2554,10461184,1.9952325949250385,6406.2602047768205,5104,35659776,6.801290121933197,5802.944660854231,0,0,0,0,11983,177819648,33.91504802015689,61922.14195293332,11983,177819648,33.91504802015689,61922.14195293332,
247,8551.898594475158,16703,113631232,21.66963309253574,4516.320330958511,26064,235167744,44.84681401394445,30473.983303752302,42767,348798976,66.5164471064802,20336.006718193934,14087,87773184,16.73846757767819,5159.53746915596,11197,45862912,8.746120746057338,7800.009052156827,25284,133636096,25.48458832373553,6328.8682836972,2616,25858048,4.9311655148575495,1052.635382262997,2664,10911744,2.0808846715635214,1501.0707263513511,5280,36769792,7.012050186421071,1278.891396780303,0,0,0,0,12203,178393088,34.01980859632359,57603.732447512906,12203,178393088,34.01980859632359,57603.732447512906,
252,8472.271854146105,16640,114671616,21.869479176686713,360.9904240985577,25726,232189952,44.28186762711958,1743.2019881831611,42366,346861568,66.15134680380629,1200.3138130812445,14051,88592384,16.89580529763384,209.09943598320405,11287,46231552,8.817002838522036,448.2379654469744,25338,134823936,25.712808136155875,315.62546732180914,2589,26079232,4.973673879052876,1185.3319745075319,2653,10866688,2.072429213307253,1195.788588767433,5242,36945920,7.046103092360128,1190.6241144601297,0,0,0,0,11786,175091712,33.392435575290285,3106.56077600543,11786,175091712,33.392435575290285,3106.56077600543,
257,8491.565774991761,16867,116428800,22.204849810026904,1314.2878721764394,25595,230060032,43.876158286008135,6225.069069036921,42462,346488832,66.08100809603503,4274.3803014931,14237,89702400,17.107694312738406,1399.217508885299,11284,46219264,8.814759023969872,2428.764399769585,25521,135921664,25.922453336708276,1854.4272231103796,2630,26726400,5.097155497288498,854.537591634981,2605,10670080,2.034956332633952,1163.8772779270635,5235,37396480,7.13211182992245,1008.4688013371538,0,0,0,0,11706,173170688,33.02644292940431,11010.811978985137,11706,173170688,33.02644292940431,11010.811978985137,
262,8139.469817726589,16216,112160768,21.391575362677287,11295.40126467686,24484,216760320,41.3410571592916,33928.853488318906,40700,328921088,62.73263252196889,24911.063285405406,13759,87838720,16.752815018537575,13181.652040555273,10777,44142592,8.418982861029585,19693.055412916397,24536,131981312,25.17179787956716,16041.669734716335,2457,24322048,4.638760344139712,732.5504607244608,2550,10444800,1.9920577429363868,1394.1067552941176,5007,34766848,6.630818087076099,1069.472480127821,0,0,0,0,11157,162172928,30.930016555325633,55115.80338773864,11157,162172928,30.930016555325633,55115.80338773864,
267,8858.870104912901,17259,121856000,23.240797347058525,6206.33960194681,27038,247889920,47.278422031730486,32181.294282935127,44297,369745920,70.51921937878902,22060.930763076507,14573,94547968,18.032515131500904,7109.9697495368155,11578,47423488,9.04477148518466,11175.511355501814,26151,141971456,27.077286616685566,8909.933066957286,2686,27308032,5.20828221555762,1303.6582390171259,2637,10801152,2.0600330287123807,1552.6970185817217,5323,38109184,7.268315244270001,1427.0313860604922,0,0,0,0,12823,189665280,36.17361751783345,57446.253007096624,12823,189665280,36.17361751783345,57446.253007096624,
272,8288.256339652864,16461,113348608,21.619156525159948,11331.307743940222,24981,228499456,43.582057092204415,27016.823641327406,41442,341848064,65.20121361736436,20786.446796896867,13909,86994944,16.592681149057643,11703.749389388166,10933,44781568,8.541258204371543,13070.353882100064,24842,131776512,25.133939353429184,12305.193996055068,2552,26353664,5.026475376102305,9301.413211598747,2500,10240000,1.9530911470711476,10463.703464400001,5052,36593664,6.979566523173453,9876.576638361044,0,0,0,0,11548,173477888,33.08770774076173,43804.107527710425,11548,173477888,33.08770774076173,43804.107527710425,
277,8560.315793203212,16891,116244480,22.169067176796723,6385.830489136227,25916,234754048,44.77011089160502,36758.99676524155,42807,350998528,66.93917806840174,24774.20101759058,14249,89497600,17.068150733368864,7402.552532528599,11250,46080000,8.787949462260856,11832.895540444444,25499,135577600,25.856100195629722,9357.19227679517,2642,26746880,5.100916443427858,902.3814367903104,2594,10625024,2.0263058582315256,1490.5005936777177,5236,37371904,7.127222301659383,1193.745281894576,0,0,0,0,12072,178049024,33.955855571112636,67566.2464213055,12072,178049024,33.955855571112636,67566.2464213055,
282,8370.945769287198,16605,116736000,22.259098979421175,10319.714438964167,25262,227598336,43.398213820719896,38140.66367635183,41867,344334336,65.65731280014107,27106.511191415673,14040,90746880,17.303520627686883,12051.992368162393,11057,45289472,8.635749382998595,18482.927523288414,25097,136036352,25.939270010685476,14885.273238793481,2565,25989120,4.955578351734293,837.772089668616,2624,10747904,2.0493991481403917,1526.680943597561,5189,36737024,7.004977499874685,1186.1430344960495,0,0,0,0,11581,171560960,32.71306528958091,65204.879144374405,11581,171560960,32.71306528958091,65204.879144374405,
287,6737.977913728617,13622,95825920,17.79606637223285,48819.05524592571,20979,188129280,34.93794949675806,76913.36603818103,34601,283955200,52.73401586899091,65852.97178332997,11515,74186752,13.777403468000914,51213.355803300044,9013,36917248,6.855992571615075,55984.28501431266,20528,111104000,20.633396039615988,53308.07447919914,2107,21639168,4.018662904231936,35733.92429283341,2054,8413184,1.5624330125482486,37220.02109737098,4161,30052352,5.581095916780185,36467.508247776976,0,0,0,0,9912,142798848,26.519523912594735,104169.61480498385,9912,142798848,26.519523912594735,104169.61480498385,
292,8489.54724202108,17025,119390208,22.672918701698073,19829.352567342143,25608,233832448,44.406188515251124,74013.99254135427,42633,353222656,67.0791072169492,52375.977492974926,14378,93200384,17.69931357686421,20715.831326123243,11250,46080000,8.7508691983705,23423.274987822224,25628,139280384,26.450182775234712,21904.325987981894,2647,26189824,4.973605124833865,15014.168738949755,2648,10846208,2.059760145536452,15712.142808534743,5295,37036032,7.033365270370317,15363.22168253069,0,0,0,0,11710,176906240,33.59555917134417,135801.2573210077,11710,176906240,33.59555917134417,135801.2573210077,
297,8036.530827012984,15793,109850624,20.94799288958322,50934.293938580384,24398,220393472,42.027989612207925,71707.65979178621,40191,330244096,62.975982501791144,63544.793306262596,13325,84971520,16.20366577778455,51598.32348923077,10626,43524096,8.299838638454503,55075.12597148503,23951,128495616,24.503504416239053,53140.82706638554,2468,24879104,4.744327111798668,47349.12628768233,2496,10223616,1.9495950726126894,47289.990109375,4964,35102720,6.693922184411358,47319.391416398066,0,0,0,0,11276,166645760,31.778555901140734,92786.3940860234,11276,166645760,31.778555901140734,92786.3940860234,
302,11049.418029416027,21740,151265280,28.846910278008117,750.8121118215271,33516,305627136,58.28435031962778,20609.68089688507,55256,456892416,87.13126059763589,12796.379040303316,18473,118140928,22.529960280221722,741.9252076544146,14412,59031552,11.25755946186442,1521.0464269358868,32885,177172480,33.78751974208614,1083.3786062338452,3267,33124352,6.316949997786398,801.0624273033364,3343,13692928,2.6112976187213954,1452.9034107089442,6610,46817280,8.928247616507793,1130.73026505295,0,0,0,0,15761,232902656,44.41549323904196,42127.76395742656,15761,232902656,44.41549323904196,42127.76395742656,
307,8082.081164469532,15937,111951872,21.34541612431212,4308.557976595344,24488,220872704,42.11291596251305,21109.29911609768,40425,332824576,63.45833208682517,14485.838100878169,13362,84455424,16.102778247738605,5027.604101257297,10793,44208128,8.428987129727085,7799.51062799963,24155,128663552,24.531765377465693,6266.154593624508,2575,27496448,5.242637876573513,577.3368823300972,2421,9916416,1.8907234171286273,865.646683188765,4996,37412864,7.13336129370214,717.0482570056045,0,0,0,0,11274,166748160,31.793205415657336,38198.39169123647,11274,166748160,31.793205415657336,38198.39169123647,
312,8922.542067243592,17381,119009280,22.697036352784757,781.6993670099533,27236,247918592,47.28217240836355,15345.071046886475,44617,366927872,69.9792087611483,9671.763492189075,14641,91021312,17.359268347326893,709.0135904651321,11701,47927296,9.140527357216811,1337.2906413981711,26342,138948608,26.499795704543704,988.0914802596614,2740,27987968,5.337768005457864,1170.0907737226278,2765,11325440,2.1599485636017848,1141.3322983725136,5505,39313408,7.497716569059649,1155.6462352406902,0,0,0,0,12770,188665856,35.98169648754495,31255.67215606891,12770,188665856,35.98169648754495,31255.67215606891,
317,8485.468688269253,16854,117878784,22.482715921349936,1603.7185774296902,25575,231002112,44.05843600598952,6899.290011964809,42429,348880896,66.54115192733946,4795.739116170545,14254,91885568,17.52509698959808,1811.7286044619052,11156,45694976,8.715284715194409,2734.824245518107,25410,137580544,26.240381704792487,2217.0042822117275,2600,25993216,4.957618931751857,463.3436061538461,2607,10678272,2.036639230235911,657.4908837744534,5207,36671488,6.9942581619877675,560.5477453428077,0,0,0,0,11812,174628864,33.3065120605592,12210.08838799526,11812,174628864,33.3065120605592,12210.08838799526,
322,7726.932556955726,15454,106254336,20.265704817478,1511.0530789439626,23182,209215488,39.903306374740424,31443.35064468122,38636,315469824,60.16901119221842,19470.741508618907,13065,82526208,15.740080207491875,550.8194389590509,10211,41824256,7.9770676493299355,1328.54740603271,23276,124350464,23.71714785682181,892.0026436243342,2389,23728128,4.525624609986124,6762.393600669736,2378,9740288,1.8577481999908516,11408.504172834315,4767,33468416,6.383372809976976,9080.088364799665,0,0,0,0,10593,157650944,30.068490525419634,64969.74739535543,10593,157650944,30.068490525419634,64969.74739535543,
327,9272.926275869931,18157,126021632,24.035490853685857,700.6646471884121,28210,257830912,49.174831565214795,27484.881202304146,46367,383852544,73.21032241890066,16996.365232083164,15261,95686656,18.24984892361801,595.638616014678,12132,49692672,9.477640817659077,1467.8662724200462,27393,145379328,27.727489741277086,981.9367917351148,2896,30334976,5.785641930067848,1254.1184668508288,2819,11546624,2.2022312450528303,1735.6763795672225,5715,41881600,7.9878731751206775,1491.6533322834646,0,0,0,0,13259,196591616,37.49495950250289,56765.02552123086,13259,196591616,37.49495950250289,56765.02552123086,
332,8545.839111358113,16747,116101120,22.131166092730904,3072.1390907028126,26008,232615936,44.341190812216645,13313.879669870808,42755,348717056,66.47235690494755,9302.221864249796,14160,90013696,17.158387936279922,3469.445563559322,11395,46673920,8.896970810607467,5435.770552435279,25555,136687616,26.05535874688739,4346.231838192134,2587,26087424,4.972778156450984,897.4735879396985,2668,10928128,2.0831169919000194,1149.4371000749625,5255,37015552,7.055895148351003,1025.3972131303522,0,0,0,0,11945,175013888,33.36110300970916,23546.260261699455,11945,175013888,33.36110300970916,23546.260261699455,
337,8598.078357826626,16839,116166656,22.156717785619456,6069.361903022745,26152,237707264,45.33842107015407,36342.86435469562,42991,353873920,67.49513885577353,24485.138137959108,14180,89440256,17.059133654200714,6874.2149325811,11295,46264320,8.824093910248996,10162.874666578133,25475,135704576,25.88322756444971,8332.327266064769,2659,26726400,5.097584131418743,1777.2159988717563,2781,11390976,2.1726255125632985,3277.7463484358145,5440,38117376,7.270209643982041,2544.306973529412,0,0,0,0,12076,180051968,34.34170164734178,68444.31158082146,12076,180051968,34.34170164734178,68444.31158082146,
342,8625.486455537193,17124,117268480,22.279588981882213,3751.4315452581172,26173,236466176,44.92570560646322,9697.782892713865,43297,353734656,67.20529458834544,7345.995921934545,14461,90759168,17.243141203651625,4333.96839450937,11431,46821376,8.895493595944659,6325.703986702826,25892,137580544,26.138634799596286,5213.295196392708,2663,26509312,5.036447778230586,588.0573894104393,2639,10809344,2.053644265567138,773.053105342933,5302,37318656,7.090092043797724,680.136547152018,0,0,0,0,12103,178835456,33.976567744951424,14828.626145087994,12103,178835456,33.976567744951424,14828.626145087994,
347,8506.3786033943,16729,115843072,22.09265974155566,13965.62968151115,25808,232001536,44.245468510764944,25553.730171807194,42537,347844608,66.3381282523206,20996.34876027929,14145,89886720,17.142472881282757,15104.31936189466,11244,46055424,8.78332034983565,18965.234618463182,25389,135942144,25.92579323111841,16814.198882350625,2584,25956352,4.950186860272902,7732.361287925697,2636,10797056,2.059127751882495,8602.417159711686,5220,36753408,7.009314612155397,8171.722835440613,0,0,0,0,11928,175149056,33.4030204090468,35510.52972761569,11928,175149056,33.4030204090468,35510.52972761569,
352,8346.229969530104,16545,113508352,21.640225010817577,8024.079901964339,25205,220827648,42.10051425404908,50241.052292283275,41750,334336000,63.74073926486666,33510.997006107784,13954,88027136,16.78226312454823,8886.737289952702,11095,45445120,8.664055156431186,13402.378138260477,25049,133472256,25.446318280979416,10886.858460936564,2591,25481216,4.857961886269347,3378.1821049787727,2615,10711040,2.042046348271073,3506.018133460803,5206,36192256,6.900008234540421,3442.3947854398766,0,0,0,0,11495,164671488,31.39441274934682,96429.58679112658,11495,164671488,31.39441274934682,96429.58679112658,
357,7977.460527437167,15762,108773376,20.73351744797096,2615.087232711585,24151,213901312,40.77217006205526,34364.90917941286,39913,322674688,61.50568751002622,21826.621064665647,13328,83714048,15.956907275253444,2426.740968637455,10632,43548672,8.300902150430307,4064.078275583145,23960,127262720,24.257809425683753,3153.2923145242066,2434,25059328,4.776610172717515,3646.4261840591616,2487,10186752,1.941717799860814,4129.639016887817,4921,35246080,6.718327972578329,3890.6347423287953,0,0,0,0,11032,160165888,30.529550111764138,70383.1788552393,11032,160165888,30.529550111764138,70383.1788552393,
362,8884.398552372055,17552,122974208,23.452825152239402,1862.0511431175933,26875,244473856,46.62443200334947,62454.450538939534,44427,367448064,70.07725715558887,38515.904290138875,14827,94449664,18.01281334928183,1836.697918594456,11511,47149056,8.991955178610658,3691.8824023977068,26338,141598720,27.004768527892487,2647.504684220518,2725,28524544,5.440011802957573,2000.0005963302754,2705,11079680,2.11304306820796,3011.341755637708,5430,39604224,7.553054871165533,2503.8086692449356,0,0,0,0,12659,186245120,35.51943375653085,128589.96922750611,12659,186245120,35.51943375653085,128589.96922750611,
367,8912.129172871419,17631,119918592,22.871961203119785,3401.2479284215306,26931,242794496,46.30796776569076,10366.237740447812,44562,362713088,69.17992896881054,7610.532534760558,14910,93540352,17.84086409111748,3957.181878470825,11663,47771648,9.11144186603771,5577.714541798851,26573,141312000,26.952305957155193,4668.440390960749,2721,26378240,5.0310971120023025,354.950539507534,2831,11595776,2.211651541005981,650.1524291769692,5552,37974016,7.242748653008284,505.4758546469741,0,0,0,0,12437,183427072,34.98487435864707,17068.399321379755,12437,183427072,34.98487435864707,17068.399321379755,
372,8521.96682331319,16709,115089408,21.95044674562165,3746.957007361302,25903,237879296,45.369568837594244,27582.587623595722,42612,352968704,67.32001558321589,18236.16990167089,14191,89436160,17.05772669551743,4217.1722629131145,11163,45723648,8.72065047410401,6472.577825853265,25354,135159808,25.77837716962144,5210.194756369804,2518,25653248,4.892720050104221,1096.9074872915012,2621,10735616,2.0475521716945813,1389.491677603968,5139,36388864,6.940272221798803,1246.1316870986573,0,0,0,0,12119,181420032,34.60136619179565,52692.17949145969,12119,181420032,34.60136619179565,52692.17949145969,
378,5382.9567116722355,13176,89206784,13.952557333818307,7744.484198163327,19646,177512448,27.76417327393442,24646.6081827344,32822,266719232,41.71673060775273,17861.45232322832,11104,68169728,10.662216433570784,8990.480723162824,8645,35409920,5.538356129797478,12996.323038866398,19749,103579648,16.20057256336826,10744.012892855335,2072,21037056,3.290340900247524,1067.0974155405406,2091,8564736,1.339583882869465,1559.0320707795313,4163,29601792,4.629924783116989,1314.1873420610136,0,0,0,0,8910,133537792,20.88623326126748,41368.587612457915,8910,133537792,20.88623326126748,41368.587612457915,
383,12055.786534068742,23556,162267136,30.94842517081613,2719.545372983529,36726,333123584,63.53504823094974,66359.50568300387,60282,495390720,94.48347340176586,41491.3376550214,19911,126083072,24.047213843095268,2716.6777353724074,15844,64897024,12.377495163732096,3372.039092779601,35755,190980096,36.424709006827364,3007.0859397287095,3645,36184064,6.901211327720862,2735.209990946502,3688,15106048,2.881103393325169,4560.6394297722345,7333,51290112,9.782314721046031,3653.276780853675,0,0,0,0,17194,253120512,48.27644967389247,137656.91404623704,17194,253120512,48.27644967389247,137656.91404623704,
388,8718.213440343376,17113,120733696,23.026575776587066,9851.6465850523,26481,239558656,45.68911354557848,37215.42833862014,43594,360292352,68.71568932216555,26473.665776138918,14482,92561408,17.653499776065765,11138.109228628642,11383,46624768,8.892370473093044,16510.46004691206,25865,139186176,26.54587024915881,13502.442086332881,2631,28172288,5.3730760005213005,2770.478966552642,2728,11173888,2.1311066195728565,2878.3096576246335,5359,39346176,7.504182620094157,2825.37020097033,0,0,0,0,12370,181760000,34.66563645291257,63840.83770210185,12370,181760000,34.66563645291257,63840.83770210185,
393,8425.751699455079,16667,116436992,22.207412182427422,7903.130912701746,25464,231645184,44.180461834347646,53303.080743834435,42131,348082176,66.38787401677507,35342.88602176545,14052,89956352,17.156899649997225,9190.65961243951,11049,45256704,8.631571998580243,14307.798781880714,25101,135213056,25.788471648577467,11443.130457551493,2615,26480640,5.0505125324302,984.4489667304015,2600,10649600,2.031141931062416,1617.8426888461538,5215,37130240,7.081654463492616,1300.2349068072867,0,0,0,0,11815,175738880,33.51774790470498,101144.00239771476,11815,175738880,33.51774790470498,101144.00239771476,
398,8475.478154639444,16732,114425856,21.82365629129376,8502.77761445135,25648,233259008,44.487885827484135,40602.01024282595,42380,347684864,66.3115421187779,27928.948413237373,14111,88707072,16.918489558295708,9464.390818085183,11344,46465024,8.861954358835781,14945.098620416078,25455,135172096,25.78044391713149,11906.863782518169,2621,25718784,4.905166732998049,3325.6223620755436,2631,10776576,2.055342200114328,5229.702007981756,5252,36495360,6.9605089331123775,4279.47490365575,0,0,0,0,11673,176017408,33.57058926853403,73508.42234001543,11673,176017408,33.57058926853403,73508.42234001543,
403,8009.48101714405,16236,113803264,21.202960794231796,6665.3028982508,24762,220323840,41.049066409506494,42149.0646546321,40998,334127104,62.25202720373829,28096.809523245036,13798,87707648,16.341023592243214,7117.551821495869,10695,43806720,8.16173573619022,11209.02840448808,24493,131514368,24.502759328433434,8904.117046462254,2438,26095616,4.8619372019885825,4105.774332649713,2511,10285056,1.916233607627269,8028.327722819594,4949,36380672,6.778170809615852,6095.980750656698,0,0,0,0,11556,166232064,30.971097065689005,78197.94472827968,11556,166232064,30.971097065689005,78197.94472827968,
408,4925.346197488433,10057,68923392,12.77454580424357,71054.55533896788,15286,134557696,24.939478470030632,106187.94508262463,25343,203481088,37.7140242742742,92245.77167568954,8467,53243904,9.868444815437224,71856.63604275422,6811,27897856,5.170703718589348,75794.70555381001,15278,81141760,15.03914853402657,73612.24485541301,1590,15679488,2.906100988806346,66783.34947798742,1592,6520832,1.2085979033907268,64186.80890577889,3182,22200320,4.114698892197072,65484.26318290384,0,0,0,0,6883,100139008,18.56017684805056,145977.8859840186,6883,100139008,18.56017684805056,145977.8859840186,
413,6846.876052050363,14138,98918400,17.792586395142685,44259.04737572499,22164,202256384,36.38012934185303,83345.40558012994,36302,301174784,54.17271573699572,68123.02300358108,11876,75112448,13.510577611350998,43866.044529471204,9422,38592512,6.941687329815089,43740.346644979836,21298,113704960,20.452264941166085,43810.43717349047,2262,23805952,4.282008783791689,46322.39918921308,2270,9297920,1.6724294458374285,42719.262180176214,4532,33103872,5.954438229629117,44517.650510812,0,0,0,0,10472,154365952,27.766012566200516,127785.83823911383,10472,154365952,27.766012566200516,127785.83823911383,
419,7271.265227157027,14608,101666816,18.81154547739953,46403.61958433735,22869,207773696,38.44464187126097,83737.91241383532,37477,309440512,57.2561873486605,69185.53763321503,12332,78311424,14.490066394681987,48802.137360525456,9874,40443904,7.483389067476852,54546.22241614341,22206,118755328,21.97345546215884,51356.27119098442,2276,23355392,4.321479082717542,33407.784252196834,2314,9478144,1.7537535246244114,37745.17124762316,4590,32833536,6.075232607341953,35594.4320751634,0,0,0,0,10681,157851648,29.207499279159705,120688.19329538434,10681,157851648,29.207499279159705,120688.19329538434,
424,6579.5268157274,13536,93675520,17.051177662723283,57653.31179247931,20936,190550016,34.68464521414735,90802.94903238441,34472,284225536,51.735822876870635,77786.19660492573,11369,72179712,13.138428192938772,59786.6457434251,9150,37478400,6.821962204368957,64446.241992459014,20519,109658112,19.96039039730773,61864.490944393,2167,21495808,3.9127494697845124,46460.93814766959,2102,8609792,1.5671873829053058,49232.60304186489,4269,30105600,5.479936852689818,47825.66984305458,0,0,0,0,9684,144461824,26.295495626873088,124729.50176755473,9684,144461824,26.295495626873088,124729.50176755473,
429,6670.7563237044105,13197,93188096,17.762386464146093,38139.311119724174,20179,181325824,34.56213293399338,94479.96938644136,33376,274513920,52.32451939813947,72202.65433533076,11123,71221248,13.575331890403598,40602.13524759507,8946,36642816,6.984409885642431,47802.380845182204,20069,107864064,20.559741776046028,43811.73199461857,2074,21966848,4.187054573742495,24931.02145033751,2103,8613888,1.6418750267724158,25480.844851165006,4177,30580736,5.82892960051491,25207.841802729232,0,0,0,0,9130,136069120,25.935848021578533,156110.07519014238,9130,136069120,25.935848021578533,156110.07519014238,
434,10069.08342679595,19903,135901184,25.91152961267464,1344.8459687986735,30461,275419136,52.51264844286614,57004.30392216276,50364,411320320,78.42417805554078,35008.62860555159,16693,103686144,19.76926551780481,1377.0538641945727,13008,53280768,10.158750330078416,2987.613009916974,29701,156966912,29.928015847883227,2082.422483687418,3210,32215040,6.142264094869828,1177.354879127726,3231,13234176,2.523287385953518,3912.2660739709067,6441,45449216,8.665551480823346,2549.268878590281,0,0,0,0,14222,208904192,39.8306107268342,118471.71284313037,14222,208904192,39.8306107268342,118471.71284313037,
439,12895.371311496103,25383,176156672,33.59549667804664,1816.045380333294,39101,353755136,67.46596289199843,42975.315764481726,64484,529911808,101.06145957004507,26773.688071397555,21413,135606272,25.86197848071454,1849.2392536309717,16969,69505024,13.255562655608935,3384.1630726029816,38382,205111296,39.117541136323474,2527.841783049346,3970,40550400,7.733518197332103,1637.0074939546598,4071,16674816,3.180116422357474,1955.9091471382953,8041,57225216,10.913634619689578,1798.4611228702897,0,0,0,0,18061,267575296,51.03028381403202,89418.60652178727,18061,267575296,51.03028381403202,89418.60652178727,
444,10109.607787263507,19996,139702272,26.64453293457632,19196.646712242447,30555,275107840,52.46958262382556,49775.15110607102,50551,414810112,79.11411555840188,37679.489816304325,16864,107814912,20.56285794423191,19589.712522177422,13290,54435840,10.382204318776768,21087.48621015801,30154,162250752,30.94506226300868,20249.837623764673,3132,31887360,6.081674990344405,17080.215735632184,3149,12898304,2.4600121444565874,16835.308065735153,6281,44785664,8.541687134800993,16957.430470148065,0,0,0,0,14116,207773696,39.6273661605922,84132.3792302352,14116,207773696,39.6273661605922,84132.3792302352,
449,10417.04054658722,20591,140222464,26.74387620408213,3732.620677237628,31497,286953472,54.72909199127715,46772.71771470299,52088,427175936,81.47296819535929,29758.460340673475,17516,110149632,21.008246739503907,4182.095283512217,13493,55267328,10.540840147855354,6940.679661750537,31009,165416960,31.54908688735926,5382.442892773066,3075,30072832,5.735629464578227,1172.296383414634,3192,13074432,2.4936160788523156,1924.9087449874687,6267,43147264,8.229245543430542,1555.6279069730335,0,0,0,0,14812,218611712,41.69463576456948,92722.48112813935,14812,218611712,41.69463576456948,92722.48112813935,
454,9232.119181973087,18288,129093632,24.620307275723437,5374.692229276028,27877,252203008,48.0993171903455,43787.75667643577,46165,381296640,72.71962446606895,28570.64148939673,15426,98553856,18.795862974305347,6182.456305523143,12167,49836032,9.504561938754547,10272.198854935483,27593,148389888,28.300424913059896,7985.808517993694,2862,30539776,5.82444430141809,1020.8946610761706,2852,11681792,2.2279124393299883,1925.0062864656381,5714,42221568,8.05235674074808,1472.159336541827,0,0,0,0,12858,190685184,36.36684281226097,84787.62882812257,12858,190685184,36.36684281226097,84787.62882812257,
459,9273.46056207516,18268,129183744,24.637879199426273,5971.915599189841,28103,252502016,48.157097597508866,29627.17201889478,46371,381685760,72.79497679693513,20308.110013003818,15408,99708928,19.016452435132177,6808.124780244029,12119,49639424,9.467213862768224,10845.638134252,27527,149348352,28.483666297900402,8585.67497958368,2860,29474816,5.621426764294095,1466.9117314685316,2871,11759616,2.2427899166604153,2068.2260982236153,5731,41234432,7.86421668095451,1768.1459919734777,0,0,0,0,13113,191102976,36.447093818080226,53018.85530160909,13113,191102976,36.447093818080226,53018.85530160909,
464,8620.238732255251,17010,117645312,22.432397327781736,10014.11977095826,26104,237080576,45.206099496181835,56013.118200697216,43114,354725888,67.63849682396358,37864.88414007051,14414,90726400,17.29954741349368,11488.003814624672,11520,47185920,8.99732669090055,17720.003508767364,25934,137912320,26.29687410439423,14256.286242191716,2596,26918912,5.132849914288057,1830.5432665639446,2589,10604544,2.0220554516268687,3749.6927052916185,5185,37523456,7.154905365914925,2788.822513789778,0,0,0,0,11995,179290112,34.186717353654416,104070.36620892039,11995,179290112,34.186717353654416,104070.36620892039,
469,8339.917976759796,16455,116285440,22.16511784937385,18159.858255788513,25272,227930112,43.44566090046166,37162.69585735201,41727,344215552,65.61077874983552,29668.946181273517,13928,89706496,17.09891673191746,18949.249639000576,11113,45518848,8.676328096516084,23590.372171600826,25041,135225344,25.775244828433543,21008.94352921209,2527,26578944,5.06620111745639,13808.990354966363,2640,10813440,2.061145161054842,18844.013502651516,5167,37392384,7.127346278511232,16381.558791174764,0,0,0,0,11519,171597824,32.70818764289074,54455.043677142115,11519,171597824,32.70818764289074,54455.043677142115,
474,7464.283955815605,14817,101810176,19.298485389971013,63550.28981710198,22737,212193280,40.22200014593854,74892.9922791925,37554,314003456,59.52048553590955,70417.70809160144,12508,79556608,15.080241459985796,64689.80232027503,9707,39759872,7.536626878035428,67154.07558988359,22215,119316480,22.616868338021224,65766.58380252082,2309,22253568,4.218243929985215,57377.47804157644,2383,9760768,1.8501887143667897,58479.19229710449,4692,32014336,6.068432644352005,57937.023026854215,0,0,0,0,10647,162672640,30.83518455353632,85622.37611129896,10647,162672640,30.83518455353632,85622.37611129896,
479,5892.328744416108,11610,80289792,15.235790136516869,75376.18975546943,18003,160292864,30.41717228866703,99897.86392934511,29613,240582656,45.6529624251839,90283.9566197616,9855,62251008,11.812750662931505,78696.70964850331,7942,32530432,6.172974454862614,86200.24676869807,17797,94781440,17.985725117794118,82045.20050699556,1755,18038784,3.423039473585363,56730.19343304844,1828,7487488,1.420825648890564,59750.058076039386,3583,25526272,4.843865122475927,58270.8890979626,0,0,0,0,8233,120274944,22.82337218491385,122025.48017976436,8233,120274944,22.82337218491385,122025.48017976436,
484,9464.397353400882,19264,133001216,24.27629285122915,8000.381636991279,30186,276541440,50.47623762282455,61443.08945752998,49450,409542656,74.7525304740537,40623.669367441864,16203,101482496,18.523280209480873,8695.49728926742,12900,52838400,9.644426650884052,11764.468841627908,29103,154320896,28.167706860364923,10055.82897416074,3061,31518720,5.753012641748277,4320.878561581182,3051,12496896,2.2810190474300187,4994.454993444772,6112,44015616,8.034031689178295,4657.115749672776,0,0,0,0,14235,211206144,38.550791924510484,118561.38869848964,14235,211206144,38.550791924510484,118561.38869848964,
489,9704.598928058726,19063,134889472,25.726001431776215,19276.8549364738,29464,267722752,51.059847734232875,59391.00450040728,48527,402612224,76.78584916600909,43632.848563768624,16044,103346176,19.710091768648905,19758.173792695092,12814,52486144,10.010111209364156,22368.6735218511,28858,155832320,29.72020297801306,20917.330474703722,3019,31543296,6.015909663127312,16718.961684001326,2958,12115968,2.310746758022411,17094.330349560514,5977,43659264,8.326656421149723,16904.73055010875,0,0,0,0,13692,203120640,38.7389897668463,103176.98984202453,13692,203120640,38.7389897668463,103176.98984202453,
494,6982.298115420575,13869,98000896,18.66731871879656,50703.8064856875,21089,193605632,36.878214238960005,75635.11749641993,34958,291606528,55.54553295775656,65744.03813238743,11691,74182656,14.13039410332377,51216.66144059533,9161,37523456,7.147509269535036,53475.1273226722,20852,111706112,21.277903372858805,52208.88309538653,2178,23818240,4.536924615472791,47950.91976492195,2126,8708096,1.6587277269983067,46465.33653951082,4304,32526336,6.195652342471098,47217.102400325275,0,0,0,0,9802,147374080,28.07197724242666,102672.72454560293,9802,147374080,28.07197724242666,102672.72454560293,
499,11876.686506708207,23145,160395264,30.591646107943863,13492.522030676171,36241,325677056,62.11528317088599,44139.8161569769,59386,486072320,92.70692927882985,32195.391165342,19658,124616704,23.767722393015248,14310.100122698137,15638,64053248,12.216659307848161,17366.062623864946,35296,188669952,35.98438170086341,15664.05359032185,3487,35778560,6.823923714928615,8883.416744479497,3637,14897152,2.841283405975429,10224.742403079461,7124,50675712,9.665207120904045,9568.200773161145,0,0,0,0,16966,246726656,47.0573404570624,76088.24719515501,16966,246726656,47.0573404570624,76088.24719515501,
504,7604.681298924322,15137,103800832,19.666754716047336,13539.664654819317,23141,207650816,39.342822077371,51723.956158290486,38278,311451648,59.00957679341833,36624.01309731439,12836,80728064,15.295243812586891,14320.849864365846,10123,41463808,7.855992344351164,19105.6348038131,22959,122191872,23.151236156938054,16430.540092251405,2301,23072768,4.371510903460448,9181.866588874402,2408,9863168,1.8687374854487409,9568.311496262459,4709,32935936,6.240248388909188,9379.479529411765,0,0,0,0,10610,156323840,29.61809224757109,92412.55742290293,10610,156323840,29.61809224757109,92412.55742290293,
509,7277.51817945658,14243,97898496,18.669880927392427,49518.22622712912,22150,198258688,37.80922331821161,80102.57677209932,36393,296157184,56.479104245604034,68132.88741392575,11935,74887168,14.281470775093752,50753.95984365312,9739,39890944,7.607462882384622,53503.44175130917,21674,114778112,21.888933657478375,51989.41265802344,2308,23011328,4.388410152298676,43128.06993890814,2217,9080832,1.7317738176657467,46445.42952593595,4525,32092160,6.1201839699644225,44753.39285701657,0,0,0,0,10194,149286912,28.46998661816124,112834.26908249951,10194,149286912,28.46998661816124,112834.26908249951,
514,10674.876243602033,20952,146378752,27.918161462158757,2147.292659555174,32425,299532288,57.12844702702369,43253.61402118736,53377,445911040,85.04660848918245,27118.206539146075,17650,112271360,21.41301188341975,2348.721114050991,13922,57024512,10.876028874168908,4283.338616075276,31572,169295872,32.28904075758866,3201.810714430508,3302,34107392,6.505149578739009,1070.6081586917019,3309,13553664,2.585029417082669,1713.0492317920823,6611,47661056,9.090178995821677,1392.1688168204507,0,0,0,0,15194,228954112,43.667388735772114,88008.24763169672,15194,228954112,43.667388735772114,88008.24763169672,
519,8462.117253134942,16682,114896896,21.913593623310977,3937.016499220717,25631,233021440,44.44277712845037,11378.037586243221,42313,347918336,66.35637075176135,8444.39748098693,14025,88158208,16.813884551514104,4439.8026530481275,11139,45625344,8.701847327013688,7318.1838864350475,25164,133783552,25.51573187852779,5713.935881417899,2657,26738688,5.099709071796872,1283.0549608581105,2613,10702848,2.0412897984995753,1570.9168120933791,5270,37441536,7.140998870296447,1425.7841861480076,0,0,0,0,11879,176693248,33.69964000293711,17342.236335718495,11879,176693248,33.69964000293711,17342.236335718495,
524,8500.560764630949,16746,116019200,22.127242299080905,5116.536132748119,25760,234622976,44.747416280093674,16683.826323796584,42506,350642176,66.87465857917458,12126.685178092504,14150,89018368,16.97762954584026,5820.791810600706,11107,45494272,8.676691269757868,8099.604191590888,25257,134512640,25.654320815598126,6822.920690343271,2596,27000832,5.149612753240647,1277.854375577812,2599,10645504,2.0303160718556494,2017.3271912273951,5195,37646336,7.1799288250962965,1647.8042981713186,0,0,0,0,12054,178483200,34.040408938480155,27755.934044715446,12054,178483200,34.040408938480155,27755.934044715446,
529,7340.403861685465,14653,98652160,18.813853093489325,3288.5698257694667,22054,194969600,37.182454110445995,33557.57750444364,36707,293621760,55.99630720393532,21474.54785027379,12417,76886016,14.662853909814743,3135.734806394459,9720,39813120,7.592719620872586,5229.317120781893,22137,116699136,22.25557353068733,4054.9930661336225,2236,21766144,4.15099918367458,4137.296317531306,2280,9338880,1.7810083061306066,4354.655003070176,4516,31105024,5.932007489805187,4247.034537865367,0,0,0,0,10054,145817600,27.808726183442804,67567.26063875074,10054,145817600,27.808726183442804,67567.26063875074,
534,9639.872629295582,18772,133070848,25.37670274356004,2178.9626949712338,29436,265302016,50.59327793040899,33011.732979514876,48208,398372864,75.96998067396903,21005.577076315134,15871,102748160,19.59414517120794,2159.312469598639,12605,51630080,9.845891962650034,3813.8074422848076,28476,154378240,29.440037133857974,2891.680398054502,2901,30322688,5.782557572352098,2286.466564977594,2923,11972608,2.2831846256902852,3076.2532227163874,5824,42295296,8.065742198042384,2682.851592548077,0,0,0,0,13908,201699328,38.46420134206867,65765.63423964624,13908,201699328,38.46420134206867,65765.63423964624,
539,8397.843001636147,16695,114290688,21.79725390193877,14099.72947020066,25298,226271232,43.153922519116286,48267.96799624476,41993,340561920,64.95117642105505,34683.82915900269,14120,89432064,17.056275013257753,15458.320572450426,11113,45518848,8.681248704879245,20016.900591829388,25233,134950912,25.737523718137,17465.98909206198,2575,24858624,4.740978888681017,6649.901756116505,2676,10960896,2.09043656386726,8303.234760089686,5251,35819520,6.831415452548277,7492.468718339364,0,0,0,0,11509,169791488,32.382237250369776,84839.32417012771,11509,169791488,32.382237250369776,84839.32417012771,
544,7382.7442478675985,14491,102567936,19.50290349436285,35497.04351300807,22537,201146368,38.24721795460129,63914.007649287836,37028,303714304,57.750121448964144,52792.95797609917,12170,77774848,14.788591971205696,37087.190867953985,9768,40009728,7.607697828878093,41184.14278705978,21938,117784576,22.39628980008379,38911.37841220713,2321,24793088,4.714311523157156,27159.217873330464,2260,9256960,1.7601757875987398,31029.263723893808,4581,34050048,6.474487310755896,29068.474285090593,0,0,0,0,10509,151879680,28.879344338124458,92113.1551652869,10509,151879680,28.879344338124458,92113.1551652869,
549,7628.4120255451135,14983,102207488,19.400463983597074,56316.08752205833,23344,210952192,40.04178640176398,64497.16043188828,38327,313159680,59.44225038536105,61298.970763821846,12658,78282752,14.859202005951479,57580.19786933165,9970,40837120,7.75147781495062,59800.73215897693,22628,119119872,22.6106798209021,58558.57540458724,2325,23924736,4.541261977645594,49433.89019913978,2457,10063872,1.9102689058509201,48267.442840455835,4782,33988608,6.451530883496514,48834.56749728147,0,0,0,0,10917,160051200,30.380039680962437,72438.88489859852,10917,160051200,30.380039680962437,72438.88489859852,
554,9714.27901492479,19091,135655424,25.86910317106467,41658.437856843535,29490,264523776,50.44393103325968,60112.140148389284,48581,400179200,76.31303420432435,52860.34149360861,16137,104505344,19.928871593542798,42704.38716750325,12986,53190656,10.143306675305588,45868.14658216541,29123,157696000,30.072178268848386,44115.113389348626,2954,31150080,5.940231577521869,35944.665336154365,3021,12374016,2.359689624680285,37502.40854716981,5975,43524096,8.299921202202155,36732.27073205021,0,0,0,0,13483,198959104,37.94093473327381,78897.01737291405,13483,198959104,37.94093473327381,78897.01737291405,
559,9214.61643867824,18155,125386752,23.911515729505034,3788.8876940787663,27926,254377984,48.51041333023588,16086.693543113943,46081,379764736,72.4219290597409,11241.601961133656,15253,96141312,18.334349183422912,4365.257867370353,11948,48939008,9.332771133415855,6490.901628891865,27201,145080320,27.667120316838766,5298.943822396235,2902,29245440,5.577166546082123,759.4685854583046,2872,11763712,2.243364470636955,1519.5973095403901,5774,41009152,7.820531016719078,1137.5582452372705,0,0,0,0,13106,193675264,36.93427772618307,28026.814264459026,13106,193675264,36.93427772618307,28026.814264459026,
564,8444.728317899539,16905,117526528,22.408255480114963,5616.516357823129,25334,227155968,43.31080864378823,14767.020090747612,42239,344682496,65.7190641239032,11104.782215677455,14302,92667904,17.668573240237023,6461.156613900154,11156,45694976,8.712455934763272,8843.805220957332,25458,138362880,26.381029175000297,7505.261722719773,2603,24858624,4.73968223987794,975.700014214368,2536,10387456,1.9805296029544333,1076.8788194006308,5139,35246080,6.720211842832373,1025.6298546409807,0,0,0,0,11642,171073536,32.617823106070524,23425.118643532038,11642,171073536,32.617823106070524,23425.118643532038,
569,8586.830190280889,16666,114454528,21.830037047919355,1573.8479484579384,26269,241061888,45.977997007522376,47252.68973207964,42935,355516416,67.80803405544174,29521.617712379175,14042,88698880,16.91763419363324,1361.6970635949294,11263,46133248,8.799044743610768,2662.355376009944,25305,134832128,25.71667893724401,1940.6069459395376,2624,25755648,4.912402854286115,2709.1462431402438,2690,11018240,2.101520941162476,3134.4331011152417,5314,36773888,7.013923795448591,2924.4307083176514,0,0,0,0,12316,183910400,35.077431322749135,97666.70777281585,12316,183910400,35.077431322749135,97666.70777281585,
574,8466.827093835182,16927,119062528,22.707302132134647,634.011937555385,25411,229715968,43.810844415732326,11774.452124749125,42338,348778496,66.51814654786698,7320.433724054042,14222,91090944,17.372632864887244,329.78663633806775,11103,45477888,8.673426984074961,806.2875404845537,25325,136568832,26.046059848962205,538.6944167423495,2705,27971584,5.334669267247403,2233.528475046211,2560,10485760,1.9998174438648924,1644.706920703125,5265,38457344,7.334486711112294,1947.2258769230768,0,0,0,0,11748,173752320,33.13759998779248,24347.79900093633,11748,173752320,33.13759998779248,24347.79900093633,
579,8500.774891555828,16897,117817344,22.469165443339186,2185.4575345327576,25612,234143744,44.65399017532476,7663.327261986568,42509,351961088,67.12315561866394,5485.916248206262,14288,90628096,17.28385324013777,2452.9153563829786,11129,45584384,8.69348290289674,4003.148524575434,25417,136212480,25.97733614303451,3131.695107290396,2609,27189248,5.185312203201415,720.7440969720199,2569,10522624,2.0067892512841876,928.7143149085248,5178,37711872,7.192101454485603,823.9259219775976,0,0,0,0,11914,178036736,33.95371802114383,12534.516604750714,11914,178036736,33.95371802114383,12534.516604750714,
585,7650.733582494911,15919,108888064,19.750431697340176,12264.345997298826,24307,219885568,39.883479717435776,28922.2750780845,40226,328773632,59.63391141477595,22330.081645055434,13483,85610496,15.528279149341973,12949.694346955426,10598,43409408,7.873723861285405,16916.25291611625,24081,129019904,23.40200301062738,14695.36885033844,2436,23277568,4.222152547998203,8471.016030788178,2390,9789440,1.7756369153115792,8333.959248535564,4826,33067008,5.997789463309782,8403.140831951927,0,0,0,0,11319,166686720,30.234118940838794,44510.74558830285,11319,166686720,30.234118940838794,44510.74558830285,
590,5297.425989123032,11966,83197952,14.079578043227837,77771.78708799933,17887,159846400,27.05078441989791,96400.76665505675,29853,243044352,41.13036246312574,88933.69904043146,10062,63885312,10.811302616198532,79002.30886722321,7897,32346112,5.473928111824056,81501.55946650627,17959,96231424,16.285230728022587,80101.28887627374,1904,19312640,3.2682754270293053,71268.89310556723,1822,7462912,1.2629475775286096,76350.69322447859,3726,26775552,4.531223004557915,73753.87426945787,0,0,0,0,8168,120037376,20.313908730545243,115278.12622392262,8168,120037376,20.313908730545243,115278.12622392262,
596,4900.320698862705,10533,71659520,12.425317263474625,98135.58326829963,16419,151490560,26.26752552098365,128795.7167853706,26952,223150080,38.69284278445828,116813.55641377263,8846,55144448,9.561705991320885,97256.65883800588,6947,28454912,4.933905631858143,99886.43095292932,15793,83599360,14.495611623179027,98413.43885968467,1687,16515072,2.86361127215374,102744.33579371666,1722,7053312,1.2230006474823265,110553.93503426248,3409,23568384,4.086611919636066,106689.2257591669,0,0,0,0,7750,115982336,20.11061924164318,158762.8337987097,7750,115982336,20.11061924164318,158762.8337987097,
