5,2483.8940798015337,4973,34070528,6.498160400245684,118.0196595616328,7447,67223552,12.82132826266316,193.93584302403653,12420,101294080,19.319488662908842,163.538807568438,4168,26185728,4.994318278284522,110.27798848368522,3233,13242368,2.5256735482080184,186.11814073615835,7401,39428096,7.51999182649254,143.407459127145,805,7884800,1.5038421219611615,158.10324347826088,799,3272704,0.6241921326997236,193.48347934918647,1604,11157504,2.1280342546608852,175.72718890274314,0,0,0,0,3415,50708480,9.671462581755417,201.4427449487555,3415,50708480,9.671462581755417,201.4427449487555,
10,2495.2987821973784,4862,33734656,6.434114010459748,124.7340684903332,7615,68161536,13.000253915500323,204.17393289560079,12477,101896192,19.43436792596007,173.21804440169913,4079,25628672,4.888082972735144,123.12698872272617,3334,13656064,2.604581849304614,196.0858821235753,7413,39284736,7.492664822039758,155.94028301632267,783,8105984,1.5460310377246045,133.10607151979565,768,3145728,0.5999756629471936,195.59759635416665,1551,11251712,2.146006700671798,164.04965054803353,0,0,0,0,3513,51359744,9.795696403248517,213.7247976088813,3513,51359744,9.795696403248517,213.7247976088813,
15,2487.3026405076635,4931,33959936,6.47709021984836,330.8226953964713,7506,66813952,12.743251196015734,260.49831001865175,12437,100773888,19.220341415864095,288.3803992924339,4146,26210304,4.999023075239375,126.09424409068983,3302,13524992,2.579586528276358,213.90036432465172,7448,39735296,7.5786096035157335,165.0222528195489,785,7749632,1.4780671446089855,1412.1018789808918,774,3170304,0.604663831885494,541.8714961240311,1559,10919936,2.0827309764944792,980.0567754971136,0,0,0,0,3430,50118656,9.559000835853883,241.86378250728862,3430,50118656,9.559000835853883,241.86378250728862,
20,2496.673664817217,4918,33247232,6.341085382202141,306.0641925579504,7566,68743168,13.111055312245721,372.0493421887391,12484,101990400,19.452140694447863,346.05487199615504,4162,26312704,5.018496057073617,302.18039091782794,3144,12877824,2.4561257166001638,343.84670801526715,7306,39190528,7.474621773673781,320.1107085956748,756,6934528,1.3225893251285232,327.44565079365077,765,3133440,0.5976260092872536,372.8188065359477,1521,10067968,1.9202153344157769,350.26646877054566,0,0,0,0,3657,52731904,10.057303586358305,396.13477878042113,3657,52731904,10.057303586358305,396.13477878042113,
25,2481.105401484165,4865,33271808,6.345340324594947,126.95742487153134,7542,68513792,13.066417285424064,201.5267037920976,12407,101785600,19.41175761001901,172.28679551865883,4092,25722880,4.905667516737199,116.60969770283481,3287,13463552,2.5676638738081485,188.41968025555218,7379,39186432,7.473331390545347,148.59769237023988,773,7548928,1.4396728078577479,181.73478525226392,761,3117056,0.5944606656428357,232.47239684625495,1534,10665984,2.034133473500584,206.90513885267274,0,0,0,0,3494,51933184,9.90429274597308,207.11717716084718,3494,51933184,9.90429274597308,207.11717716084718,
30,2479.6045333281095,4949,33591296,6.406009569626961,120.81322287330774,7451,67981312,12.964338596158843,193.95093490806605,12400,101572608,19.370348165785803,164.76073032258063,4274,26710016,5.093718863984565,115.45912119794104,3203,13119488,2.501944720340831,186.50837339993757,7477,39829504,7.595663584325395,145.89522589273773,675,6881280,1.3122907056423965,154.71460148148148,749,3067904,0.5850629395989018,185.39062082777036,1424,9949184,1.8973536452412985,170.8496706460674,0,0,0,0,3499,51793920,9.87733093621911,202.59631923406687,3499,51793920,9.87733093621911,202.59631923406687,
35,2480.088186712155,4843,32980992,6.290341403732018,118.12230043361552,7558,66904064,12.760362206726128,205.1693368616036,12401,99885056,19.050703610458147,171.17459471010403,4090,25616384,4.8857172303700995,114.60082029339853,3335,13660160,2.6053512893003328,198.33509865067467,7425,39276544,7.491068519670432,152.21076215488216,753,7364608,1.4046241733619185,137.2495962815405,724,2965504,0.5655995002858893,200.65534254143645,1477,10330112,1.9702236736478078,168.33000270819227,0,0,0,0,3499,50278400,9.589411417139905,212.61726950557303,3499,50278400,9.589411417139905,212.61726950557303,
40,2543.685082921535,5092,34889728,6.654386872102524,121.93471995286725,7627,68956160,13.151749588148157,196.7708397797299,12719,103845888,19.80613646025068,166.81050310559007,4278,26488832,5.052115508556824,117.1391182795699,3277,13422592,2.5600405940220674,187.52747635032043,7555,39911424,7.612156102578891,147.6702432825943,814,8400896,1.6022713635457004,147.13814004914005,826,3383296,0.6452833477760842,186.8012191283293,1640,11784192,2.2475547113217846,167.11478841463415,0,0,0,0,3524,52150272,9.946425646350004,207.7031350737798,3524,52150272,9.946425646350004,207.7031350737798,
45,2497.9082248534924,4987,34705408,6.6192880520615365,115.17544756366553,7503,66887680,12.757343784983464,192.59473743835798,12490,101593088,19.376631837045,161.68280800640514,4236,26316800,5.019346835181798,111.00128517469311,3300,13516800,2.5780302811050477,186.16808454545455,7536,39833600,7.597377116286846,143.91668298832272,751,8388608,1.5999412168797387,138.71972436750997,762,3121152,0.5952906285460747,188.22827690288713,1513,11509760,2.1952318454258135,163.65397224058162,0,0,0,0,3441,50249728,9.58402287533234,199.724989537925,3441,50249728,9.58402287533234,199.724989537925,
50,2522.5740701940363,4892,34078720,6.499417891335514,130.08143192968112,7722,70094848,13.368333939233732,205.66096063196062,12614,104173568,19.867751830569247,176.3494770096718,4128,26988544,5.14719525072232,119.62438759689923,3368,13795328,2.6310143579348573,195.37998159144894,7496,40783872,7.7782096086571775,153.66185298826042,764,7090176,1.352222640613194,186.58232068062827,814,3334144,0.6358805485032583,202.6043894348894,1578,10424320,1.9881031891164525,194.84719011406844,0,0,0,0,3540,52965376,10.101439032795618,216.14525056497178,3540,52965376,10.101439032795618,216.14525056497178,
55,2496.6960082861015,4976,34721792,6.621849989437726,121.10185108520899,7509,67088384,12.794535918013509,198.05813450526037,12485,101810176,19.416385907451236,167.38657132559072,4193,26456064,5.045479424534419,119.84068829000715,3280,13434880,2.562188034134215,189.25791524390246,7473,39890944,7.607667458668634,150.30884089388465,783,8265728,1.5763705649033066,127.85543422733079,757,3100672,0.5913342505608539,194.2074398943197,1540,11366400,2.1677048154641607,160.47132272727274,0,0,0,0,3472,50552832,9.64101363331844,207.2112724654378,3472,50552832,9.64101363331844,207.2112724654378,
60,2511.7946296427735,4898,33927168,6.470564701100683,208.40756186198448,7662,69484544,13.252041481283591,205.74972605063954,12560,103411712,19.722606182384276,206.78619737261147,4182,26316800,5.0191208746314,117.58435389765663,3332,13647872,2.6029121796532024,198.17007472989195,7514,39964672,7.622033054284603,153.3191984295981,716,7610368,1.4514438264692828,738.8861312849162,801,3280896,0.625730088806187,195.93958551810238,1517,10891264,2.07717391527547,452.20176532630194,0,0,0,0,3529,52555776,10.023399212824202,215.1329283083026,3529,52555776,10.023399212824202,215.1329283083026,
65,2531.9541214288774,4965,34500608,6.579829781413961,124.72748116817723,7696,69652480,13.283866251091585,206.77614371101873,12661,104153088,19.863696032505544,174.6008329515836,4172,26525696,5.058883730789127,120.8858616970278,3361,13766656,2.6255262846173957,198.5347810175543,7533,40292352,7.684410015406522,155.53049435815745,793,7974912,1.5209460506248347,144.93837200504413,736,3014656,0.5749441670569483,198.8504483695652,1529,10989568,2.095890217681783,170.8895088293002,0,0,0,0,3599,52871168,10.08339579941724,216.093323978883,3599,52871168,10.08339579941724,216.093323978883,
70,2487.910304862525,4871,33689600,6.425549593515835,122.70855840689796,7569,66191360,12.624544854859074,194.34349372440215,12440,99880960,19.05009444837491,166.29415530546623,4106,25972736,4.953727656229047,115.8158604481247,3346,13705216,2.6139682601706973,185.73388553496713,7452,39677952,7.567695916399744,147.2095415995706,765,7716864,1.4718219372867882,159.70387581699347,802,3284992,0.6265399117324862,191.31224438902746,1567,11001856,2.0983618490192746,175.88122846202936,0,0,0,0,3421,49201152,9.384036682955891,203.47497895352237,3421,49201152,9.384036682955891,203.47497895352237,
75,2520.3639437211764,5030,34365440,6.554073648083749,113.04743141153081,7573,69029888,13.165173205143674,191.65839033408162,12603,103395328,19.719246853227425,160.28386653971276,4201,25907200,4.94094348320974,108.13688217091169,3238,13262848,2.5294505926692707,183.80834156886968,7439,39170048,7.47039407587901,141.07466756284447,829,8458240,1.61313016487401,137.9318914354644,768,3145728,0.5999438095027795,186.41403776041665,1597,11603968,2.213073974376789,161.24703757044458,0,0,0,0,3567,52621312,10.035778802971624,199.91354051023268,3567,52621312,10.035778802971624,199.91354051023268,
80,2499.9147119097224,5006,34709504,6.620086646475934,302.5261086695965,7494,68325376,13.0315866591769,212.34352308513476,12500,103034880,19.651673305652835,248.45984496,4241,27287552,5.204509940857053,120.70506177788256,3221,13193216,2.51632040220663,200.05766625271656,7462,40480768,7.7208303430636835,154.9579080675422,765,7421952,1.4155767056188804,1310.5039647058823,790,3235840,0.6171664445027127,259.36386075949366,1555,10657792,2.0327431501215933,776.4842334405145,0,0,0,0,3483,51896320,9.898099812467558,213.0402437553833,3483,51896320,9.898099812467558,213.0402437553833,
85,2512.490240356356,5085,34320384,6.545807792459102,142.48194257620452,7478,66850816,12.750224248803557,223.1348857983418,12563,101171200,19.29603204126266,190.489799729364,4303,26267648,5.009937387879248,135.28021287473857,3220,13189120,2.5155151082131884,213.4973655279503,7523,39456768,7.525452496092436,168.7587761531304,782,8052736,1.5358704045798537,182.10987468030692,791,3239936,0.6179417548436745,226.09421365360305,1573,11292672,2.1538121594235284,204.2278734901462,0,0,0,0,3467,50421760,9.616767385746693,231.41062474762043,3467,50421760,9.616767385746693,231.41062474762043,
90,2480.6847424254975,4931,33775616,6.441888196990591,158.79944757655647,7473,67780608,12.92752436136312,221.78865729961194,12404,101556224,19.369412558353712,196.7483643985811,4153,25612288,4.8849292864154945,119.02433397543945,3280,13434880,2.5623809466564564,196.69924420731707,7433,39047168,7.44731023307195,153.30036055428494,778,8163328,1.5569589105750967,371.1208444730077,759,3108864,0.5929412007659299,352.718138339921,1537,11272192,2.1499001113410268,362.03323617436564,0,0,0,0,3434,51236864,9.772202213940735,216.81422481071638,3434,51236864,9.772202213940735,216.81422481071638,
95,2469.477007697632,4828,33480704,6.385619464222585,125.02834631317316,7520,70275072,13.403238701696463,211.3570029255319,12348,103755776,19.78885816591905,177.60297359896342,4085,26161152,4.989595243208912,122.27794687882496,3257,13340672,2.544404525932586,197.66944120356155,7342,39501824,7.533999769141499,155.72252560610187,743,7319552,1.3960242210136726,140.14999057873487,776,3178496,0.6062198072225014,202.979418814433,1519,10498048,2.002244028236174,172.24718367346938,0,0,0,0,3487,53755904,10.252614368541376,226.0060977917981,3487,53755904,10.252614368541376,226.0060977917981,
100,2525.282475373822,4976,35344384,6.741092524946763,125.60419734726688,7651,71856128,13.704830938132003,200.90474317082735,12627,107200512,20.445923463078767,171.23059127266967,4160,26857472,5.12241785677088,121.60594399038462,3286,13459456,2.5670680307075053,193.15941752891052,7446,40316928,7.689485887478385,153.18326255707763,816,8486912,1.6186746681758828,145.98744975490195,782,3203072,0.6109090687806662,194.243216112532,1598,11689984,2.229583736956549,169.60197371714645,0,0,0,0,3583,55193600,10.526853838643833,209.46194501814122,3583,55193600,10.526853838643833,209.46194501814122,
105,2538.532302928252,4970,36655104,6.9912198095483635,121.050123138833,7723,69656576,13.285583202724268,191.27195960119124,12693,106311680,20.27680301227263,163.77629055384858,4227,29024256,5.535789872662834,112.28243884551691,3299,13512704,2.5772750197452288,183.2166989996969,7526,42536960,8.113064892408063,143.37626348657986,743,7630848,1.4554299368855292,170.9303405114401,727,2977792,0.5679536039268812,190.50242916093535,1470,10608640,2.0233835408124103,180.6098700680272,0,0,0,0,3697,53166080,10.140354579052158,198.6113573167433,3697,53166080,10.140354579052158,198.6113573167433,
110,2511.2530886808086,4916,33959936,6.4769648397845145,126.62640581773799,7641,69693440,13.29219114086763,200.41158081402958,12557,103653376,19.769155980652144,171.52506968224895,4157,26726400,5.097358048437337,119.0049119557373,3246,13295616,2.5357891532915855,194.3329078866297,7403,40022016,7.633147201728922,152.03404538700525,759,7233536,1.3796067913471781,168.36889591567854,777,3182592,0.6069957400208139,193.16698455598456,1536,10416128,1.9866025313679918,180.91324153645834,0,0,0,0,3618,53215232,10.14940624755523,207.42109535655058,3618,53215232,10.14940624755523,207.42109535655058,
115,2498.077871470942,5003,34557952,6.59108401849342,129.94807255646612,7488,67039232,12.786093650667512,193.74148624465812,12491,101597184,19.377177669160933,168.19041357777598,4213,26546176,5.0630337233443,114.15438333728935,3248,13303808,2.5373759502271693,186.1234815270936,7461,39849984,7.600409673571469,145.48471853638924,790,8011776,1.5280502951491204,214.17441772151898,796,3260416,0.6218445986394171,189.517493718593,1586,11272192,2.1498948937885376,201.799315889029,0,0,0,0,3444,50475008,9.626873101800927,201.9022229965157,3444,50475008,9.626873101800927,201.9022229965157,
120,2486.043869740781,5007,34111488,6.505318101472391,183.8696772518474,7425,67006464,12.778638187078153,231.78809683501683,12432,101117952,19.283956288550545,212.4889070945946,4206,26181632,4.993034738786206,133.61095625297196,3258,13344768,2.5449479316278882,207.27881767955802,7464,39526400,7.537982670414094,165.76662245444803,801,7929856,1.5122833626861851,447.7750212234707,791,3239936,0.6178802375437874,238.58704677623263,1592,11169792,2.130163600229973,343.8380314070352,0,0,0,0,3376,50421760,9.615810017906478,253.84771238151657,3376,50421760,9.615810017906478,253.84771238151657,
125,2498.947788409051,4838,32690176,6.234028135281417,121.52246134766433,7659,70742016,13.490527493352381,189.66784580232408,12497,103432192,19.724555628633798,163.2865246859246,4116,25534464,4.869431323812098,115.30440864917396,3277,13422592,2.5596930458986598,185.7077577052182,7393,38957056,7.429124369710758,146.51119545516028,722,7155712,1.364596811469319,156.97052908587258,788,3227648,0.6155136161636081,183.83085532994923,1510,10383360,1.980110427632927,170.9877059602649,0,0,0,0,3594,54091776,10.315320831290112,194.55842932665556,3594,54091776,10.315320831290112,194.55842932665556,
130,2476.9235748336637,4953,35127296,6.69925236209654,141.48714415505756,7433,65970176,12.581408412304905,194.23248325036997,12386,101097472,19.280660774401444,173.14030946229613,4203,26996736,5.148644160281984,112.08002046157507,3238,13262848,2.5294052178718047,186.87760376775788,7441,40259584,7.678049378153788,144.6286798817363,750,8130560,1.550608201814556,306.2846653333333,739,3026944,0.577279325511817,191.50428687415427,1489,11157504,2.127887527326373,249.31844660846204,0,0,0,0,3456,49680384,9.474723868921284,201.70679947916665,3456,49680384,9.474723868921284,201.70679947916665,
135,2499.004622320817,4955,33660928,6.419810585084875,117.1397683148335,7541,65687552,12.527926789122187,188.86371648322503,12496,99348480,18.947737374207062,160.42324247759285,4251,26353664,5.026169543007555,107.67497177134791,3302,13524992,2.579485830122932,179.22730375529983,7553,39878656,7.605655373130486,138.9560256851582,704,7307264,1.39364104207732,174.29154403409092,732,2998272,0.5718302930496627,185.43797131147542,1436,10305536,1.9654713351269828,179.9734275766017,0,0,0,0,3507,49164288,9.376610665949592,198.65187738808098,3507,49164288,9.376610665949592,198.65187738808098,
140,2498.5434681363367,4914,34148352,6.5120913658753,121.51523931623932,7581,69525504,13.258514914761586,195.43233663105133,12495,103673856,19.770606280636887,166.3624193677471,4148,26116096,4.980339996260155,114.14530520732883,3237,13258752,2.5284442546885386,188.87468056842755,7385,39374848,7.508784250948694,146.9007538253216,766,8032256,1.531751369615145,161.4244908616188,767,3141632,0.5991092812314208,188.16793481095175,1533,11173888,2.1308606508465657,174.80493542074362,0,0,0,0,3577,53125120,10.130961378841628,202.92434917528658,3577,53125120,10.130961378841628,202.92434917528658,
145,2535.7076264359293,4852,34078720,6.4987381010304945,133.01188107996703,7829,72925184,13.906674657541698,211.46394954655767,12681,107003904,20.405412758572194,181.44664521725414,4108,26685440,5.088855616371836,124.51316577409932,3405,13946880,2.659639811779908,203.12352775330396,7513,40632320,7.7484954281517435,160.14051603886597,744,7393280,1.409882484658659,179.93758333333335,776,3178496,0.6061323036538058,208.77144974226803,1520,10571776,2.016014788312465,194.6580309210526,0,0,0,0,3648,55799808,10.640902542107984,219.8215471491228,3648,55799808,10.640902542107984,219.8215471491228,
150,2495.1371539824477,4845,35397632,6.751392449977805,119.63177481940144,7631,68259840,13.019203330118042,200.09358681693095,12476,103657472,19.77059578009585,168.84659426098108,4075,27250688,5.197525337850306,117.13063975460123,3395,13905920,2.6522769460396494,191.6269172312224,7470,41156608,7.849802283889955,150.98805100401609,770,8146944,1.5538671121275,132.86830129870128,751,3076096,0.5867039724523643,195.3873994673768,1521,11223040,2.1405710845798644,163.73736291913212,0,0,0,0,3485,51277824,9.78022241162603,209.35576470588234,3485,51277824,9.78022241162603,209.35576470588234,
155,2515.335436370019,4947,33812480,6.44905321570206,121.54546411966848,7630,67989504,12.967635896721804,199.9256615989515,12577,101801984,19.416689112423864,169.09582642919614,4200,25829376,4.9264360482395135,116.08118119047619,3303,13529088,2.5804025162282134,189.88925976385104,7503,39358464,7.506838564467728,148.57326216180195,747,7983104,1.5226171674625457,152.26834002677379,801,3280896,0.625765187859158,197.66130586766542,1548,11264000,2.148382355321704,175.7565607235142,0,0,0,0,3526,51179520,9.761468192634432,209.8417093023256,3526,51179520,9.761468192634432,209.8417093023256,
160,2436.711985475742,4838,33599488,6.408362278672821,180.21149524596942,7346,65466368,12.486267743511851,289.6849290770487,12184,99065856,18.89463002218467,246.21542211096522,4052,25604096,4.8834173599882735,167.7503509378085,3251,13316096,2.5397520136493164,281.48196924023375,7303,38920192,7.42316937363759,218.37906394632344,786,7995392,1.524944918684548,244.45138931297708,753,3084288,0.5882600019310782,280.1262270916335,1539,11079680,2.1132049206156265,261.90632943469785,0,0,0,0,3342,49065984,9.358255727931455,299.8182399760623,3342,49065984,9.358255727931455,299.8182399760623,
165,2513.6476151406273,4949,34689024,6.616005167918705,131.64285855728428,7620,68431872,13.051552525731232,191.76083700787402,12569,103120896,19.667557693649936,168.08959225077572,4117,26181632,4.993447282245408,111.05321107602623,3281,13438976,2.5631258656206484,185.788696434014,7398,39620608,7.5565731478660565,144.198267504731,832,8507392,1.6225578856732967,233.52696754807693,808,3309568,0.6312117340510466,190.47406683168316,1640,11816960,2.253769619724343,212.31553841463415,0,0,0,0,3531,51683328,9.857214926059537,197.60459331634098,3531,51683328,9.857214926059537,197.60459331634098,
170,2509.0032168704984,4970,34803712,6.637760645122395,123.22918853118712,7576,68726784,13.107565713135067,205.2517465681098,12546,103530496,19.74532635825746,172.7591502470907,4191,26456064,5.045698011868371,116.90814554998806,3320,13598720,2.5935465860664175,197.07924638554218,7511,40054784,7.6392445979347885,152.34524510717614,779,8347648,1.5920626332540238,157.2362374839538,771,3158016,0.6022965114027735,198.23321530479896,1550,11505664,2.194359144656797,177.62892774193548,0,0,0,0,3485,51970048,9.911722615665875,214.59005021520804,3485,51970048,9.911722615665875,214.59005021520804,
175,2527.193479770588,5000,34119680,6.507280730224551,128.819499,7637,68501504,13.064557374822977,216.31097891842347,12637,102621184,19.571838105047526,181.6937913270555,4219,26218496,5.000372623549502,123.14956008532828,3330,13639680,2.601349919765637,206.61197357357358,7549,39858176,7.601722543315138,159.9663354086634,781,7901184,1.5069081066750492,159.4487848911652,812,3325952,0.6343231636185277,212.3166527093596,1593,11227136,2.1412312702935767,186.39712680477086,0,0,0,0,3495,51535872,9.828884291438811,226.48010071530757,3495,51535872,9.828884291438811,226.48010071530757,
180,2520.3638378196547,4929,33607680,6.4100642783977335,147.84034794075876,7673,68837376,13.129499117946656,215.4798015117946,12602,102445056,19.539563396344388,189.0240907792414,4149,25927680,4.945241545674302,118.47080284405881,3274,13410304,2.5577758010328067,192.0832269395235,7423,39337984,7.503017346707109,150.93841384884817,780,7680000,1.4648227327234309,304.06373589743595,848,3473408,0.6624904945863836,315.9446120283019,1628,11153408,2.1273132273098145,310.2523003685503,0,0,0,0,3551,51953664,9.909232822327466,213.05970177414812,3551,51953664,9.909232822327466,213.05970177414812,
185,2463.391480025162,4874,34643968,6.606716865859146,130.07038448912598,7445,66928640,12.763508345724574,219.39876037609136,12319,101572608,19.37022521158372,184.0560780095787,4099,26263552,5.008544401027293,125.16653915589167,3248,13303808,2.5370792599090217,210.62133990147782,7347,39567360,7.5456236609363145,162.94484224853682,775,8380416,1.598172464831853,156.0069806451613,763,3125248,0.5959949123493177,206.16476539973786,1538,11505664,2.1941673771811705,180.8901989596879,0,0,0,0,3434,50499584,9.630434173466234,230.64121811298776,3434,50499584,9.630434173466234,230.64121811298776,
190,2519.697281516682,4924,33550336,6.398957888802913,125.47960398050365,7675,69533696,13.261959360312325,196.8198535504886,12599,103084032,19.660917249115236,168.93832415271052,4181,26083328,4.974797196422531,118.63454436737622,3343,13692928,2.611612284491288,185.45392820819623,7524,39776256,7.586409480913819,148.32316746411485,743,7467008,1.4241606923803822,163.99803499327052,739,3026944,0.5773202148486574,192.2116265223275,1482,10493952,2.0014809072290394,178.06675573549256,0,0,0,0,3593,52813824,10.07302686097238,208.3427503478987,3593,52813824,10.07302686097238,208.3427503478987,
195,2486.58047274028,4916,33923072,6.469741320181496,140.8502272172498,7518,67850240,12.94026382139658,194.25567132216014,12434,101773312,19.410005141578075,173.14089223097957,4098,25747456,4.910503977138479,115.06300390434359,3344,13697024,2.6122693763205653,185.67538905502394,7442,39444480,7.522773353459045,146.79208425154528,818,8175616,1.5592373430430169,270.0385415647922,705,2887680,0.5507326286800235,186.27082978723405,1523,11063296,2.1099699717230407,231.2622862770847,0,0,0,0,3469,51265536,9.777261816395992,204.1495246468723,3469,51265536,9.777261816395992,204.1495246468723,
200,2493.6174274569717,4841,33681408,6.421688380019178,113.852398884528,7632,69636096,13.276799726219878,193.91293540356395,12473,103317504,19.698488106239058,162.83997322215987,4116,26173440,4.990221178198048,110.88727769679299,3264,13369344,2.5489956065161863,184.24269393382352,7380,39542784,7.539216784714235,143.3306487804878,725,7507968,1.4314672018211303,130.6861075862069,740,3031040,0.5778972882420276,186.92280135135135,1465,10539008,2.0093644900631578,159.09235563139933,0,0,0,0,3628,53235712,10.149906831461664,204.0387257442117,3628,53235712,10.149906831461664,204.0387257442117,
205,2510.2845048222744,4875,34091008,6.502044598730466,117.7074644102564,7677,67788800,12.929092647962177,190.48269844991535,12552,101879808,19.431137246692643,162.21793857552584,4093,26050560,4.968521404292414,112.43944832641094,3247,13299712,2.5366020439838786,182.55547582383738,7340,39350272,7.505123448276293,143.45671553133516,782,8040448,1.5335231944380516,145.28034143222507,820,3358720,0.6405955269685187,183.33940731707318,1602,11399168,2.1741187214065705,164.7612615480649,0,0,0,0,3610,51130368,9.751895077009781,199.23538282548475,3610,51130368,9.751895077009781,199.23538282548475,
210,2452.4651350182808,4805,33439744,6.377774275988124,126.43972986472424,7458,68558848,13.07584343844797,202.9948739608474,12263,101998592,19.453617714436092,172.99834233058795,4089,26271744,5.010661955681997,118.81147542186353,3270,13393920,2.554547021372019,195.4464966360856,7359,39665664,7.5652089770540165,152.8645423291208,716,7168000,1.3671123203061266,170.0038812849162,770,3153920,0.6015294209346956,200.68066103896103,1486,10321920,1.9686417412408224,185.89965545087483,0,0,0,0,3418,52011008,9.919766996141254,210.73774634289057,3418,52011008,9.919766996141254,210.73774634289057,
215,2498.349541082034,4895,32378880,6.174667941316044,134.5546753830439,7599,67260416,12.826593581828053,218.6386662718779,12494,99639296,19.001261523144098,185.69556275012008,4124,25083904,4.783512520255465,128.79306741028128,3291,13479936,2.5706302586807213,210.93468884837435,7415,38563840,7.354142778936187,165.24998934592043,771,7294976,1.3911554210605788,165.3729260700389,805,3297280,0.6287928770094138,215.9039888198758,1576,10592256,2.0199482980699925,191.1835260152284,0,0,0,0,3503,50483200,9.627170446137919,226.50483956608622,3503,50483200,9.627170446137919,226.50483956608622,
220,2541.391877286715,5024,34250752,6.53227755088807,276.4470830015924,7684,69664768,13.286411933210271,329.9006285788652,12708,103915520,19.818689484098343,308.7682227730564,4244,25915392,4.94256398761885,271.5349903393025,3318,13590528,2.591975234853697,323.1849819168174,7562,39505920,7.534539222472547,294.19760235387463,780,8335360,1.5897135632692205,303.17390512820515,770,3153920,0.6015132401559213,300.2692948051948,1550,11489280,2.191226803425142,301.73096967741935,0,0,0,0,3596,52920320,10.092923458200653,342.4419641268076,3596,52920320,10.092923458200653,342.4419641268076,
225,2464.3447937479305,4798,35155968,6.705318537454125,118.36047478115881,7524,67551232,12.884086370697124,197.18958625730994,12322,102707200,19.58940490815125,166.4947252881026,4058,26828800,5.1170728673336265,115.19816436668309,3237,13258752,2.52884959871129,191.3870874266296,7295,40087552,7.645922466044916,149.00536710075394,740,8327168,1.588245670120498,135.70190135135135,771,3158016,0.6023302565975918,184.8871880674449,1511,11485184,2.1905759267180898,160.7990926538716,0,0,0,0,3516,51134464,9.752906515388243,205.22935807736064,3516,51134464,9.752906515388243,205.22935807736064,
230,2525.6770219789187,4969,34443264,6.568691260212765,174.29748621453007,7661,69001216,13.159254723456325,363.49586124526826,12630,103444480,19.72794598366909,289.05985764053844,4192,26451968,5.0446673990312805,171.05018702290076,3380,13844480,2.640287365860286,309.0594461538462,7572,40296448,7.684954764891566,232.65495404120443,777,7991296,1.5240238611814847,191.81702059202058,786,3219456,0.613983985078753,328.99248091603056,1563,11210752,2.1380078462602374,260.7996896992962,0,0,0,0,3495,51937280,9.904983372517286,423.9006509298998,3495,51937280,9.904983372517286,423.9006509298998,
235,2534.538090865685,5071,36450304,6.952173934809033,122.57596272924472,7602,69341184,13.225458202312858,197.55976756116812,12673,105791488,20.17763213712189,167.55559536021462,4260,28381184,5.413149027339228,112.39483849765259,3329,13635584,2.6007177243487214,188.9818945629318,7589,42016768,8.01386675168795,145.9906099617868,811,8069120,1.539024907469805,176.05511097410604,738,3022848,0.5765484171130538,198.2071653116531,1549,11091968,2.1155733245828587,186.6091562298257,0,0,0,0,3535,52682752,10.048192060851083,205.50261329561528,3535,52682752,10.048192060851083,205.50261329561528,
240,2479.7821625003603,4937,32731136,6.240407347346489,145.66888879886568,7467,66887680,12.752578148187732,212.98744073925272,12404,99618816,18.99298549553422,186.1935282167043,4155,25206784,4.805839921858377,129.00824308062576,3239,13266944,2.529430534107781,205.12911824637231,7394,38473728,7.335270455966159,162.35359264268325,782,7524352,1.4345674254881116,234.19188491048595,752,3080192,0.5872589569771692,210.9313789893617,1534,10604544,2.021826382465281,222.7890814863103,0,0,0,0,3476,50540544,9.635888657102782,220.75477819332565,3476,50540544,9.635888657102782,220.75477819332565,
245,2527.666246012926,4960,35307520,6.734018662668447,119.37704516129033,7679,70868992,13.516472262353766,195.28394960281287,12639,106176512,20.250490925022213,165.4953392673471,4215,27455488,5.236441658453201,114.21198102016608,3340,13680640,2.6092369296186324,186.39539311377246,7555,41136128,7.845678588071834,146.12364169424222,745,7852032,1.497577004215245,148.59952214765102,754,3088384,0.5890313308180984,189.14236870026525,1499,10940416,2.0866083350333438,168.99265510340226,0,0,0,0,3585,54099968,10.318204001917035,204.85676150627614,3585,54099968,10.318204001917035,204.85676150627614,
250,2510.322192543969,4868,34136064,6.508661556433876,166.05883812654068,7688,70762496,13.49215707330833,186.88211303329862,12556,104898560,20.000818629742206,178.80886500477857,4096,26206208,4.996690261346765,110.05531127929687,3358,13754368,2.622520459143863,181.44394282310898,7454,39960576,7.619210720490628,142.2156312047223,772,7929856,1.511971295087111,463.1967215025907,770,3153920,0.6013522196369191,183.9155961038961,1542,11083776,2.11332351472403,323.7372749675746,0,0,0,0,3560,53854208,10.26828439452755,192.65334719101125,3560,53854208,10.26828439452755,192.65334719101125,
255,2485.8727685571343,4823,33628160,6.413734233537206,128.74374704540742,7607,68915200,13.143858523661814,205.569254502432,12430,102543360,19.55759275719902,175.75996870474657,4074,26009600,4.960683603283954,118.24103068237605,3308,13549568,2.584242733805247,199.07818742442564,7382,39559168,7.5449263370892,154.46553820102952,749,7618560,1.4530506302532527,185.87067156208278,753,3084288,0.5882511422476877,207.67632270916337,1502,10702848,2.0413017725009404,196.8025326231691,0,0,0,0,3546,52281344,9.97136464760888,211.1772148900169,3546,52281344,9.97136464760888,211.1772148900169,
260,2515.8391375942924,4949,34856960,6.647484010154023,129.7339804000808,7632,67493888,12.871591247863455,200.3740483490566,12581,102350848,19.519075258017477,172.58629727366662,4210,27013120,5.151604823380233,119.01291448931117,3331,13643776,2.601970533234201,193.13561783248272,7541,40656896,7.753575356614434,151.75429160588783,739,7843840,1.4958791867737902,190.8106887686062,787,3223552,0.6147555717968527,202.98160736975856,1526,11067392,2.110634758570643,197.0875648754915,0,0,0,0,3514,50626560,9.654865142832401,206.6515278884462,3514,50626560,9.654865142832401,206.6515278884462,
265,2508.5824441909604,4868,34828288,6.642392691150817,124.81223952341824,7676,69738496,13.300409027347266,197.5155125065138,12544,104566784,19.94280171849808,169.30126403061226,4102,27287552,5.204236164700311,121.23112481716235,3368,13795328,2.6310218256845763,189.89889162707837,7470,41082880,7.8352579903848865,152.19137095046855,766,7540736,1.438156526450506,143.9894360313316,753,3084288,0.5882302359680778,202.5219123505976,1519,10625024,2.026386762418584,173.00520605661617,0,0,0,0,3555,52858880,10.081156965694612,203.67105682137833,3555,52858880,10.081156965694612,203.67105682137833,
270,2456.6074046574468,4815,32665600,6.229473205428094,123.29835493250259,7470,69165056,13.190079567004236,205.53792235609103,12285,101830656,19.41955277243233,173.30483182743183,4024,25006080,4.7687691434656445,117.5415198807157,3211,13152256,2.508192910674559,197.35459732170662,7235,38158336,7.276962054140204,152.96374402211472,791,7659520,1.4607040619624496,152.58470670037926,722,2957312,0.563972370447534,201.75017728531856,1513,10616832,2.0246764324099837,176.04635228023795,0,0,0,0,3537,53055488,10.117914285882144,213.74018659881256,3537,53055488,10.117914285882144,213.74018659881256,
275,2476.4472091506686,4911,34865152,6.649589736272287,126.36396721645286,7472,68247552,13.01638442032059,199.0227063704497,12383,103112704,19.665974156592878,170.20682427521604,4194,27295744,5.205928806686857,119.05168216499762,3278,13426688,2.5607795060503475,191.1199307504576,7472,40722432,7.7667083127372045,150.66834689507493,717,7569408,1.4436609295854308,169.13624546722454,755,3092480,0.5898073603014071,194.04582384105962,1472,10661888,2.0334682898868377,181.91255774456522,0,0,0,0,3439,51728384,9.865797553968834,207.6481337598139,3439,51728384,9.865797553968834,207.6481337598139,
280,2481.5585572564837,5017,34304000,6.542332215095599,142.012209687064,7392,67768320,12.924523761045574,210.20815205627707,12409,102072320,19.466855976141172,182.6363055846563,4254,26841088,5.11903319468913,118.77762599905971,3110,12738560,2.4294511270384853,195.46767524115756,7364,39579648,7.5484843217276145,151.16573750678978,763,7462912,1.4232990204064695,271.5533879423329,745,3051520,0.5819746268950712,264.5029248322148,1508,10514432,2.0052736473015407,268.0702347480106,0,0,0,0,3537,51978240,9.913098007112017,211.7329689001979,3537,51978240,9.913098007112017,211.7329689001979,
285,2454.8231566604686,4831,32604160,6.2177954975082645,128.51878617263506,7445,65179648,12.430123084403142,195.7999251846877,12276,97783808,18.647918581911405,169.32263758553273,4065,25272320,4.819572640656531,113.65183517835179,3344,13697024,2.612099013023572,187.64167703349284,7409,38969344,7.4316716536801035,147.0466295046565,766,7331840,1.3982228568517328,207.41455091383813,769,3149824,0.6006890373849064,189.90044603381014,1535,10481664,1.9989118942366393,198.64038371335505,0,0,0,0,3332,48332800,9.217335033994663,205.34910924369748,3332,48332800,9.217335033994663,205.34910924369748,
290,2498.0723190272442,4897,34373632,6.555914915388027,185.56001266081273,7594,69525504,13.260259744256002,215.07859257308402,12491,103899136,19.81617465964403,203.50606148426866,4187,27193344,5.186453661017769,123.12177501791258,3287,13463552,2.5678375032031036,207.3588840888348,7474,40656896,7.754291164220873,160.16852073856032,710,7180288,1.369461254370259,553.7697323943662,804,3293184,0.628092897041465,211.2475410447761,1514,10473472,1.9975541514117239,371.87551717305155,0,0,0,0,3503,52768768,10.064329344011435,223.20158635455323,3503,52768768,10.064329344011435,223.20158635455323,
295,2520.5845490027386,5006,35983360,6.862694650194463,116.39335697163405,7598,69292032,13.215276653083635,191.65042721768887,12604,105275392,20.077971303278098,161.7601627261187,4206,27652096,5.273767966245057,109.81597360912981,3247,13299712,2.536501938438409,184.1270557437635,7453,40951808,7.810269904683466,142.19059908761574,800,8331264,1.5889266839494067,150.97395,761,3117056,0.5944804358335785,187.28081865965834,1561,11448320,2.183407119782985,168.6738392056374,0,0,0,0,3590,52875264,10.084294278811647,199.38125153203345,3590,52875264,10.084294278811647,199.38125153203345,
300,2514.090060350115,4984,34226176,6.527839541493555,122.5224845505618,7587,68136960,12.995525463468798,200.5690821141426,12571,102363136,19.523365004962354,169.62609887837087,4231,26292224,5.014624463480987,114.16959253131648,3324,13615104,2.5967614451800594,194.39507190132372,7555,39907328,7.611385908661046,149.46667968232958,753,7933952,1.5132150780125677,169.456197875166,746,3055616,0.5827870150735031,199.31748659517427,1499,10989568,2.0960020930860708,184.31711941294196,0,0,0,0,3517,51466240,9.815977003215236,206.6697645720785,3517,51466240,9.815977003215236,206.6697645720785,
305,2512.491762357376,5016,34357248,6.552842704846844,210.6695360845295,7547,69808128,13.314270173903763,197.5521929243408,12563,104165376,19.867112878750607,202.78952423784128,4251,26898432,5.130247739953412,119.35275441072689,3255,13332480,2.5428592041340576,188.75112380952382,7506,40230912,7.67310694408747,149.44757087663203,765,7458816,1.4225949648934313,718.1043581699346,777,3182592,0.6070051003416783,192.67376833976834,1542,10641408,2.0296000652351096,453.34458625162125,0,0,0,0,3515,53293056,10.164405869428027,206.7806469416785,3515,53293056,10.164405869428027,206.7806469416785,
310,2452.1212192303174,4905,33632256,6.414637663087015,119.27018654434251,7356,65511424,12.494911068495156,190.05031620445894,12261,99143680,18.909548731582174,161.73480066878722,4137,26165248,4.990464668347322,113.41594899685762,3231,13234176,2.5241376555150588,180.398290003095,7368,39399424,7.5146023238623805,142.78890553745927,768,7467008,1.4241729947396944,150.80531770833335,730,2990080,0.5702941778167728,186.68679589041096,1498,10457088,1.994467172556467,168.29095126835782,0,0,0,0,3395,49287168,9.400479235163324,199.95931958762884,3395,49287168,9.400479235163324,199.95931958762884,
315,2470.1486698166113,4786,31834112,6.071748827845007,126.13231195152528,7565,67284992,12.8333270708968,203.5723473892928,12351,99119104,18.90507589874181,173.56441203141446,4042,25075712,4.782713114264943,118.05826793666502,3292,13484032,2.5718215570336804,196.09808110571083,7334,38559744,7.354534671298623,153.0878650122716,744,6758400,1.2890357135800645,169.9969435483871,805,3297280,0.6288931814739103,199.84057763975153,1549,10055680,1.917928895053975,185.50638540994188,0,0,0,0,3468,50503680,9.63261233238921,211.53352364475202,3468,50503680,9.63261233238921,211.53352364475202,
320,2501.336242097547,4936,34938880,6.663359870024458,128.88073966774718,7572,68157440,12.998629336132119,202.79354793977814,12508,103096320,19.661989206156576,173.62552574352415,4208,27320320,5.210388081250074,119.14256701520912,3245,13291520,2.534888954071438,196.9981001540832,7453,40611840,7.745277035321513,153.04048799141285,728,7618560,1.4529717887743836,185.16951785714286,815,3338240,0.6366516171242594,196.12698650306749,1543,10956800,2.089623405898643,190.95716331821126,0,0,0,0,3512,51527680,9.827088764936422,209.6954487471526,3512,51527680,9.827088764936422,209.6954487471526,
325,2487.6779596398774,4910,33554432,6.3991716003598125,126.92116924643585,7530,68308992,13.02721982167976,205.17733758300133,12440,101863424,19.426391422039572,174.29005570739548,4157,25899008,4.939204349252331,118.07100312725522,3180,13025280,2.484053428850611,195.16013364779874,7337,38924288,7.423257778102942,151.4829473899414,753,7655424,1.4599672511074817,175.77925763612217,827,3387392,0.6460101212765582,201.55023095525996,1580,11042816,2.10597737238404,189.2682417721519,0,0,0,0,3523,51896320,9.897156271552591,215.07070281010502,3523,51896320,9.897156271552591,215.07070281010502,
330,2493.738531514971,4950,33820672,6.450104956495312,121.30488565656566,7520,66514944,12.68538868699617,195.41968164893618,12470,100335616,19.13549364349148,165.99961427425822,4142,25407488,4.845585690340368,115.56852655721873,3267,13381632,2.5520761648141193,188.09364921946738,7409,38789120,7.397661855154487,147.5484935888784,808,8413184,1.6045192661549437,150.7108254950495,764,3129344,0.5968124242173208,196.12034031413612,1572,11542528,2.2013316903722644,172.78008078880407,0,0,0,0,3489,50003968,9.536500097964728,202.12614330753797,3489,50003968,9.536500097964728,202.12614330753797,
335,2484.275723113241,4905,33869824,6.459833094265526,380.3115808358818,7517,67690496,12.910291657495717,7703.474120925902,12422,101560320,19.370124751761242,4811.821226131057,4148,26161152,4.989594143557131,122.51340573770491,3237,13258752,2.5287797467816553,204.2601047265987,7385,39419904,7.518373890338786,158.3446941096818,757,7708672,1.4702389507083953,1792.9229815059446,757,3100672,0.5913766661457254,1221.922319682959,1514,10809344,2.0616156168541204,1507.4226505944516,0,0,0,0,3523,51331072,9.790135244568337,15986.610789667897,3523,51331072,9.790135244568337,15986.610789667897,
340,2501.906666537772,4968,34181120,6.518245962706335,123.67023168276972,7544,67735552,12.916984240296545,197.12811240721103,12512,101916672,19.43523020300288,167.9610127078005,4197,26177536,4.991984415536991,113.74261258041459,3304,13533184,2.580741121723395,189.33612590799032,7501,39710720,7.572725537260386,147.03963538194907,771,8003584,1.5262615471693444,177.71201815823605,737,3018752,0.5756677381083966,195.14218317503392,1508,11022336,2.101929285277741,186.23060676392572,0,0,0,0,3503,51183616,9.760575380464754,204.89527005423923,3503,51183616,9.760575380464754,204.89527005423923,
345,2516.4877085312232,4932,33988608,6.48149303653658,120.27403102189781,7653,68698112,13.100458087345327,187.5419006925389,12585,102686720,19.581951123881908,161.1799512912197,4162,26419200,5.038036886678831,113.0470365209034,3377,13832192,2.6377442738471957,179.46014124962986,7539,40251392,7.675781160526027,142.7959494627935,770,7569408,1.4434561498577487,159.33734415584416,765,3133440,0.5975346074898149,184.6134300653595,1535,10702848,2.0409907573475636,171.93422084690556,0,0,0,0,3511,51732480,9.865179206008316,195.95328823696954,3511,51732480,9.865179206008316,195.95328823696954,
350,2521.8581817939516,4924,33910784,6.467092186097494,120.07422887896018,7687,70279168,13.402870845399299,188.92246520098868,12611,104189952,19.869963031496795,162.04047997779716,4202,25776128,4.915739959791222,110.94913588767254,3379,13840384,2.639485988262282,182.09079490973662,7581,39616512,7.555225948053504,142.65836499142594,722,8134656,1.5513522263062716,173.1817645429363,751,3076096,0.5866392356273967,179.6553408788282,1473,11210752,2.137991461933668,176.48227766463,0,0,0,0,3557,53362688,10.176745621509621,197.3688594321057,3557,53362688,10.176745621509621,197.3688594321057,
355,2471.5251597466377,4883,34283520,6.538864496644177,183.1703387261929,7475,66400256,12.664460257478941,203.94343090301004,12358,100683776,19.20332475412312,195.73538679397961,4103,26038272,4.9662558668060965,110.20553619302949,3320,13598720,2.593671461034488,178.7203563253012,7423,39636992,7.559927327840585,140.84937329920518,780,8245248,1.5726086298380797,566.9839089743589,748,3063808,0.5843573050764449,345.1157446524064,1528,11309056,2.1569659349145245,458.3730536649215,0,0,0,0,3407,49737728,9.486431491368009,197.5283199295568,3407,49737728,9.486431491368009,197.5283199295568,
360,2532.9077469406225,4921,33964032,6.477889063620103,123.9374982727088,7744,68947968,13.15030229231997,199.43266412706612,12665,102912000,19.62819135594007,170.09893249111724,4154,26513408,5.0568470705273665,117.45788926336061,3373,13815808,2.6350602763616267,189.5351855914616,7527,40329216,7.691907346888994,149.75717457154244,767,7450624,1.421041993092736,159.0304524119948,801,3280896,0.6257584587505671,196.99151810237203,1568,10731520,2.046800451843303,178.42255293367347,0,0,0,0,3570,51851264,9.889483557207777,209.3316985994398,3570,51851264,9.889483557207777,209.3316985994398,
365,2501.685112958414,4899,33714176,6.428631690065257,759.5488946723822,7613,66310144,12.644043060438154,775.7372013660843,12512,100024320,19.07267475050341,769.3987651054987,4110,25571328,4.875950387690122,790.9087041362529,3273,13406208,2.5563007558721402,779.5917286892759,7383,38977536,7.4322511435622625,785.8917109576053,789,8142848,1.5526813023751342,596.191712294043,776,3178496,0.6060768061585031,669.8039020618556,1565,11321344,2.1587581085336374,632.6920696485623,0,0,0,0,3564,49725440,9.48166549840751,795.2625583613916,3564,49725440,9.48166549840751,795.2625583613916,
370,2501.9999831157497,4851,32989184,6.291684525122345,130.28251350237065,7660,70512640,13.448143667740398,188.2180630548303,12511,103501824,19.739828192862742,165.75420318120055,4105,24911872,4.751182677153476,109.16734177831913,3345,13701120,2.6130723536794442,180.61443916292976,7450,38612992,7.364255030832921,141.2466089932886,746,8077312,1.5405018479688681,246.4725670241287,804,3293184,0.6280747899426825,191.8440435323383,1550,11370496,2.1685766379115505,218.13622322580648,0,0,0,0,3511,53518336,10.20699652411827,194.6318578752492,3511,53518336,10.20699652411827,194.6318578752492,
375,2518.6837914560197,4909,35160064,6.705940597289159,206.15983540435934,7685,71106560,13.561874274107618,205.7914890045543,12594,106266624,20.267814871396777,205.93506630141337,4151,26624000,5.077890713231539,113.90160852806552,3341,13684736,2.610035826601011,187.9131170308291,7492,40308736,7.687926539832549,146.90647370528563,758,8536064,1.6280498840576194,711.3892546174142,761,3117056,0.5945038204260309,284.09764257555844,1519,11653120,2.2225537044836505,497.32150164581964,0,0,0,0,3583,54304768,10.357334627080576,205.83074602288585,3583,54304768,10.357334627080576,205.83074602288585,
380,2479.670119342555,4835,33427456,6.375447315545417,118.0499468459152,7564,65822720,12.554029942508866,188.74017490745638,12399,99250176,18.92947725805428,161.17446374707637,4092,25829376,4.92630446903926,111.9214330400782,3331,13643776,2.602207451057687,180.20442870009006,7423,39473152,7.528511920096947,142.56277192509768,743,7598080,1.449142846506157,151.80213862718708,787,3223552,0.6148115472778144,182.22651080050827,1530,10821632,2.0639543937839715,167.45179934640524,0,0,0,0,3446,48955392,9.337010944173365,198.47866134648868,3446,48955392,9.337010944173365,198.47866134648868,
385,2525.2165430181494,4947,33775616,6.441719509077665,119.56747786537296,7680,69009408,13.161543813841924,186.28670104166667,12627,102785024,19.603263322919588,160.14747580581295,4168,26112000,4.980106945230428,111.65379222648752,3335,13660160,2.605279476446036,176.75791784107946,7503,39772160,7.585386421676465,140.59185152605625,779,7663616,1.4616125638472364,161.9092516046213,776,3178496,0.6062059591370687,186.8945,1555,10842112,2.067818522984305,174.37777427652733,0,0,0,0,3569,52170752,9.950058378258818,195.0585811151583,3569,52170752,9.950058378258818,195.0585811151583,
390,2511.507695266177,4929,35913728,6.84865752889065,197.79913045242444,7631,69890048,13.327856228953141,200.011767003014,12560,105803776,20.176513757843793,199.14344808917198,4161,26988544,5.146647406234089,110.67407281903388,3308,13549568,2.5838685111279958,176.07683917775088,7469,40538112,7.7305159173620845,139.6407820324006,768,8925184,1.7020101226565607,669.8399700520833,748,3063808,0.5842604734956895,336.1801483957219,1516,11988992,2.2862705961522503,505.210981530343,0,0,0,0,3575,53276672,10.159727244329456,193.66849202797204,3575,53276672,10.159727244329456,193.66849202797204,
395,2513.2031548708164,4880,32882688,6.27138379762688,123.88907336065573,7687,69832704,13.318488087411644,215.50166657994015,12567,102715392,19.589871885038527,179.9267915174664,4127,25255936,4.816810226229117,120.64062030530651,3307,13545472,2.5833914074180484,208.18970910190507,7434,38801408,7.400201633647165,159.58665698143665,753,7626752,1.4545735713977643,141.69301195219126,762,3121152,0.5952658761574094,222.11377952755907,1515,10747904,2.0498394475551738,182.14226930693067,0,0,0,0,3618,53166080,10.139830803836187,220.79249391929244,3618,53166080,10.139830803836187,220.79249391929244,
400,2499.540894591418,5020,34263040,6.534478878078124,128.548234063745,7479,67162112,12.808828471470052,201.20056170611045,12499,101425152,19.343307349548176,172.02105256420515,4218,26382336,5.031509677669002,118.27583831199621,3258,13344768,2.545048677200063,193.4978919582566,7476,39727104,7.576558354869064,151.0571987693954,802,7880704,1.5029692004091226,182.5743753117207,748,3063808,0.584314429265085,199.86017379679143,1550,10944512,2.0872836296742077,190.9161670967742,0,0,0,0,3473,50753536,9.679465365004905,208.71507601497265,3473,50753536,9.679465365004905,208.71507601497265,
405,2489.6498701293917,4962,35598336,6.78943433624643,116.88681277710602,7487,66801664,12.74063796914544,200.41877173767864,12449,102400000,19.53007230539187,167.1240829785525,4198,28073984,5.354364623246235,112.05680490709861,3245,13291520,2.5350033852398646,189.90442157164867,7443,41365504,7.8893680084861,145.996817815397,764,7524352,1.4350697130001946,143.42656806282722,744,3047424,0.581214951808462,196.19129704301076,1508,10571776,2.0162846648086568,169.45903381962864,0,0,0,0,3498,50462720,9.624419632097114,211.0718041738136,3498,50462720,9.624419632097114,211.0718041738136,
410,2536.8807813171866,4948,34648064,6.608283199017689,123.78966531932093,7737,71946240,13.722011395052098,187.57491430787127,12685,106594304,20.330294594069787,162.69439306267248,4138,26894336,5.129446445767838,117.07860173997099,3350,13721600,2.617064513146856,180.24362358208955,7488,40615936,7.746510958914694,145.33752577457267,810,7753728,1.4788367532498503,158.0740864197531,779,3190784,0.6085651509675823,179.94345186136073,1589,10944512,2.0874019042174328,168.79544304594083,0,0,0,0,3608,55033856,10.49638173093766,196.02966297117516,3608,55033856,10.49638173093766,196.02966297117516,
415,2517.3485903824,5037,34127872,6.508724968430424,127.57055707762558,7551,69394432,13.234615748337522,185.96560058270427,12588,103522304,19.743340716767946,162.59923307912297,4269,26214400,4.999500695865904,110.07574912157413,3302,13524992,2.579429890273315,178.71382283464567,7571,39739392,7.578930586139219,140.01141408004227,768,7913472,1.5092242725645197,224.81708723958334,745,3051520,0.5819731278781404,184.30888724832212,1513,10964992,2.09119740044266,204.87088169200265,0,0,0,0,3504,52817920,10.073212730186068,193.1515656392694,3504,52817920,10.073212730186068,193.1515656392694,
420,2476.1031199893273,4860,33755136,6.43802935566343,119.86778930041152,7521,69361664,13.229169895498668,185.34158556043081,12381,103116800,19.6671992511621,159.64070115499555,4092,25956352,4.950587553311389,110.79395063538612,3230,13230080,2.5233387718472127,178.72805975232197,7322,39186432,7.473926325158601,140.7621522807976,768,7798784,1.487441802352041,168.2143359375,755,3092480,0.5898206726763608,182.1865536423841,1523,10891264,2.077262475028402,175.14081286933683,0,0,0,0,3536,53039104,10.116010450975095,192.05644343891402,3536,53039104,10.116010450975095,192.05644343891402,
425,2481.2839969955994,4928,34115584,6.506727052702214,117.72710146103896,7479,68849664,13.131417340481631,205.44804251905336,12407,102965248,19.638144393183843,170.60571177561053,4181,26816512,5.114604636095737,115.44155010762975,3279,13430784,2.561598992173197,200.30791155840194,7460,40247296,7.676203628268934,152.7440701072386,747,7299072,1.3921224166064767,130.5194578313253,744,3047424,0.581222827135364,187.19017876344085,1491,10346496,1.9733452437418408,158.79780549966466,0,0,0,0,3456,52371456,9.988595521173071,214.2554325810185,3456,52371456,9.988595521173071,214.2554325810185,
430,2532.7455289781146,4982,35422208,6.755571251542987,123.56536571657969,7683,71434240,13.623631201076513,189.85715267473643,12665,106856448,20.379202452619502,163.78011496249508,4243,27181056,5.183854165730719,119.902629507424,3358,13754368,2.6231739434182875,182.5899422275164,7601,40935424,7.807028109149007,147.59687975266414,739,8241152,1.5717170858122675,144.59512178619755,771,3158016,0.6022832371576831,185.92139818417638,1510,11399168,2.1740003229699507,165.69615430463577,0,0,0,0,3554,54521856,10.398174020500543,197.57740011254924,3554,54521856,10.398174020500543,197.57740011254924,
435,2484.2485348699793,4894,33607680,6.409765445318846,121.95514262362076,7528,67874816,12.945304472197268,190.99057438894792,12422,101482496,19.355069917516115,163.79210368700691,4169,26468352,5.0481297145216795,113.1409776924922,3257,13340672,2.5443761188791565,184.98585231808414,7426,39809024,7.592505833400836,144.6517178831134,725,7139328,1.361635730797166,172.63963034482757,800,3276800,0.6249618959482116,185.10747625000002,1525,10416128,1.9865976267453778,179.18013967213116,0,0,0,0,3471,51257344,9.7759664573699,197.98102621722848,3471,51257344,9.7759664573699,197.98102621722848,
440,2492.642034294889,4928,34455552,6.571458548271712,113.37606838474025,7536,69287936,13.214787541912063,184.357451433121,12464,103743488,19.786246090183774,156.29292514441593,4181,26423296,5.039524381229293,109.47359722554413,3250,13312000,2.5389016026965123,176.2335590769231,7431,39735296,7.578425983925806,138.67153505584713,747,8032256,1.5319341670424187,135.21841365461847,769,3149824,0.6007431792226517,176.77879193758127,1516,11182080,2.1326773462650706,156.3001622691293,0,0,0,0,3517,52826112,10.075142759992898,193.52169348876882,3517,52826112,10.075142759992898,193.52169348876882,
445,2525.5249385125817,4987,36642816,6.988301385926475,114.39530719871667,7642,69271552,13.211061148981505,187.56055430515573,12629,105914368,20.19936253490798,158.66871114102463,4189,28131328,5.365040679470493,109.21095106230604,3314,13574144,2.5887805491795595,179.58634852142424,7503,41705472,7.953821228650052,140.29505970944956,798,8511488,1.623260706455982,141.60992857142858,752,3080192,0.5874360208156393,183.91113829787233,1550,11591680,2.210696727271621,162.13283806451614,0,0,0,0,3576,52617216,10.034844578986307,195.71795889261747,3576,52617216,10.034844578986307,195.71795889261747,
450,2505.1092179444613,4851,33349632,6.3601992360575546,120.74221768707484,7676,72433664,13.814021529162588,192.22768603439292,12527,105783296,20.17422076522014,164.54539921768978,4100,25772032,4.915054482101957,110.8834175609756,3305,13537280,2.5817315739585136,183.7265258698941,7405,39309312,7.49678605606047,143.3947575962188,751,7577600,1.4451447539555977,174.5652276964048,763,3125248,0.5960245660908762,186.47515465268677,1514,10702848,2.041169320046474,180.56739035667107,0,0,0,0,3608,55771136,10.636265389113198,201.23143209534368,3608,55771136,10.636265389113198,201.23143209534368,
455,2489.8984803652193,4805,33685504,6.4247380467255155,124.80087284079084,7645,68968448,13.154151171055963,200.06618286461742,12450,102653952,19.578889217781477,171.01800497991968,4059,26103808,4.978703255323651,117.005096082779,3282,13443072,2.563957960767649,194.0464634369287,7341,39546880,7.5426612160913,151.4486007355946,746,7581696,1.446034791401864,167.21784048257373,793,3248128,0.619505991130026,194.49538461538464,1539,10829824,2.06554078253189,181.27313125406107,0,0,0,0,3570,52277248,9.970687219158288,206.83771288515408,3570,52277248,9.970687219158288,206.83771288515408,
460,2505.8814327164823,4972,33140736,6.320794677807343,131.45056154465004,7558,69906432,13.332962892860946,215.4528130457793,12530,103047168,19.65375757066829,182.1200760574621,4208,25968640,4.952890651007113,123.91150427756654,3255,13332480,2.542848433600655,207.53441597542243,7463,39301120,7.495739084607768,160.38377783733083,764,7172096,1.3679040268002296,172.9745837696335,748,3063808,0.584347351254467,214.11761096256683,1512,10235904,1.9522513780546966,193.3284093915344,0,0,0,0,3555,53510144,10.205767108005825,222.98392798874823,3555,53510144,10.205767108005825,222.98392798874823,
465,2500.795207379673,4958,33968128,6.478375729333149,132.1782085518354,7547,68022272,12.973156365252093,200.18110242480455,12505,101990400,19.451532094585243,173.2192193522591,4203,26058752,4.9699055094679245,119.170704496788,3334,13656064,2.6044742170018957,194.49476454709057,7537,39714816,7.57437972646982,152.49038291097256,755,7909376,1.5084702198652251,204.58951920529802,764,3129344,0.5968261253117721,196.81953141361257,1519,11038720,2.1052963451769973,200.6815069124424,0,0,0,0,3449,51236864,9.771856022938426,206.4224740504494,3449,51236864,9.771856022938426,206.4224740504494,
470,2490.643822298103,4787,32550912,6.207207638325349,129.18297284311677,7669,67141632,12.803390915745455,193.66656917459906,12456,99692544,19.010598554070803,168.88469894026974,4027,24522752,4.676299500522696,115.98834070027316,3374,13819904,2.635349008645996,185.37616804979254,7401,38342656,7.311648509168692,147.62116457235507,760,8028160,1.5309081378026532,199.09716184210527,771,3158016,0.602209272574411,187.841953307393,1531,11186176,2.1331174103770643,193.4291241018942,0,0,0,0,3524,50163712,9.565832634525048,202.8784284903519,3524,50163712,9.565832634525048,202.8784284903519,
475,2442.129291921694,4762,33787904,6.443816958045254,128.2105602687946,7450,66912256,12.761085443887414,199.45266013422818,12212,100700160,19.204902401932667,171.67220815591224,4018,26308608,5.0174125738301205,117.40450124440021,3253,13324288,2.5411245683744954,192.46566000614817,7271,39632896,7.558537142204616,150.98639499381102,744,7479296,1.4264043842151333,186.56908870967743,765,3133440,0.5975900076257267,196.81959215686274,1509,10612736,2.02399439184086,191.76566600397612,0,0,0,0,3432,50454528,9.622370867887192,206.6621614219114,3432,50454528,9.622370867887192,206.6621614219114,
480,2522.8425202788358,4942,33452032,6.379564783532955,120.17376264670175,7674,67837952,12.937229330828064,194.52238350273652,12616,101289984,19.31679411436102,165.3981853202283,4189,26095616,4.976638574248617,113.50689090475055,3296,13500416,2.5746351814037736,186.88840442961165,7485,39596032,7.551273755652391,145.82024676018702,753,7356416,1.402926209284338,157.26211022576362,816,3342336,0.6374096808329731,193.29991299019608,1569,10698752,2.0403358901173108,176.00452390057362,0,0,0,0,3562,50995200,9.725184468591317,201.86632818641215,3562,50995200,9.725184468591317,201.86632818641215,
485,2501.156372862576,5002,34951168,6.665756966610061,148.95819672131148,7505,65716224,12.53315419808881,194.41102118587608,12507,100667392,19.198911164698874,176.2327987526985,4258,27586560,5.2612062779935265,114.45387482386097,3289,13471744,2.5692809871300235,183.40352386743692,7547,41058304,7.83048726512355,144.50229084404398,744,7364608,1.4045506886165346,346.4305120967742,771,3158016,0.6022850839395708,219.31722308690013,1515,10522624,2.0068357725561055,281.7411749174917,0,0,0,0,3445,49086464,9.361588127019216,199.34599274310594,3445,49086464,9.361588127019216,199.34599274310594,
490,2496.863105485261,5031,35180544,6.709788375116673,191.11553687139735,7454,68284416,13.023504715516365,276.5910712369198,12485,103464960,19.73329309063304,242.14754593512214,4239,26902528,5.130968686432217,169.84198018400565,3180,13025280,2.4842387976331377,267.4063562893082,7419,39927808,7.615207484065355,211.66092020487937,792,8278016,1.5788196886844565,304.97741414141416,778,3186688,0.607779177534145,264.5188701799486,1570,11464704,2.1865988662186018,284.9285305732484,0,0,0,0,3496,52072448,9.931486740349083,287.63213701372996,3496,52072448,9.931486740349083,287.63213701372996,
495,2486.297908836961,4885,33497088,6.388286307881705,134.4618573183214,7548,66654208,12.711736743477498,224.348212109168,12433,100151296,19.100023051359205,189.0313261481541,4119,25800704,4.92049589793921,125.45771667880554,3306,13541376,2.582498720207498,226.66638082274653,7425,39342080,7.502994618146708,170.52112996632997,766,7696384,1.467790409942495,182.87968407310706,787,3223552,0.614769054084483,204.70061372299872,1553,10919936,2.082559464026978,193.9376825499034,0,0,0,0,3455,49889280,9.514468969185518,226.6054607814761,3455,49889280,9.514468969185518,226.6054607814761,
500,2513.536141040887,5040,35594240,6.788349891612458,125.92762658730159,7529,67858432,12.941610201880735,198.52048120600347,12569,103452672,19.729960093493194,169.41172257140585,4258,27303936,5.2072658662242395,117.93708713010804,3355,13742080,2.6208186290402526,190.99464649776453,7613,41046016,7.828084495264493,150.13308235912254,782,8290304,1.5810840253882181,169.43621611253198,765,3133440,0.5975935175009817,196.67138954248367,1547,11423744,2.1786775428892,182.90415901745314,0,0,0,0,3409,50982912,9.723198055339502,206.34205074801994,3409,50982912,9.723198055339502,206.34205074801994,
505,2517.9101634832773,4911,33415168,6.373210110236477,112.83624496029321,7679,69234688,13.204997608890313,187.81157507487953,12590,102649856,19.57820771912679,158.56583669579032,4151,25796608,4.920136954433603,110.63331076848952,3303,13529088,2.580376684740265,185.33583166818045,7454,39325696,7.500513639173868,143.73532667024415,760,7618560,1.4530731558028742,124.86832368421052,761,3117056,0.5945100384763372,175.68738239159,1521,10735616,2.0475831942792113,150.29455884286654,0,0,0,0,3615,52588544,10.030110885673711,192.62592946058092,3615,52588544,10.030110885673711,192.62592946058092,
510,2498.34522078302,4911,33144832,6.321736388343602,107.13907534107106,7581,70021120,13.355175921741704,179.67877192982456,12492,103165952,19.676912310085307,151.16112463976947,4142,25739264,4.909267358422046,104.15817865765331,3291,13479936,2.571037376920266,170.24791522333638,7433,39219200,7.480304735342312,133.41975850935017,769,7405568,1.412469029921556,123.19482834850456,773,3166208,0.6038930089211078,175.60322639068565,1542,10571776,2.0163620388426637,149.46700194552528,0,0,0,0,3517,53374976,10.180245535900331,189.39937077054307,3517,53374976,10.180245535900331,189.39937077054307,
515,2503.234000654824,4977,34193408,6.520921572144384,111.99026401446655,7541,69332992,13.222285511701962,179.1156314812359,12518,103526400,19.743207083846347,152.42742618629174,4180,26189824,4.994582239134067,101.41531387559809,3249,13307904,2.537910180629744,172.2437322253001,7429,39497728,7.532492419763811,132.39142522546777,797,8003584,1.526339333010317,167.45236135508156,795,3256320,0.6210029527856714,178.2048465408805,1592,11259904,2.1473422857959883,172.82184987437188,0,0,0,0,3497,52768768,10.063372378286548,185.70724563911924,3497,52768768,10.063372378286548,185.70724563911924,
520,2486.6979308555474,4902,33910784,6.467183155393382,149.58116238270094,7533,68960256,13.151527431356804,184.32912465153325,12435,102871040,19.618710586750186,170.63113421793327,4192,26812416,5.113441349825472,108.88108349236641,3272,13402112,2.5559395198027715,176.75252903422984,7464,40214528,7.669380869628243,138.63394654340834,710,7098368,1.3537418055679105,389.8836,755,3092480,0.58977210802295,182.64503973509932,1465,10190848,1.9435139135908606,283.08147508532426,0,0,0,0,3506,52465664,10.005815803531082,191.76269709070166,3506,52465664,10.005815803531082,191.76269709070166,
525,2482.528589617849,4893,33976320,6.479760329466749,125.64680339260168,7521,67665920,12.904839137165846,202.6064476798298,12414,101642240,19.384599466632594,172.2726681166425,4090,25239552,4.813536244746728,113.97610195599022,3240,13271040,2.5309732932456015,201.35261296296298,7330,38510592,7.344509537992329,152.5981886766712,803,8736768,1.666224084720021,185.09035118306352,770,3153920,0.6014967394441707,186.06633896103898,1573,11890688,2.2677208241641917,185.56810743801654,0,0,0,0,3511,51240960,9.772369104476073,207.39092737111935,3511,51240960,9.772369104476073,207.39092737111935,
530,2522.2745914984007,5032,34938880,6.663731176620406,154.630509936407,7580,68186112,13.00482214504102,196.39705620052771,12612,103124992,19.668553321661424,179.73282683158897,4265,26492928,5.052873769095051,105.32555123094959,3333,13651968,2.6037767891765315,185.78374647464744,7598,40144896,7.656650558271583,140.6199924980258,767,8445952,1.6108574075253548,428.7969361147327,782,3203072,0.6109071254533596,227.8719757033248,1549,11649024,2.2217645329787143,327.3616107165914,0,0,0,0,3465,51331072,9.790138230411129,199.50261875901876,3465,51331072,9.790138230411129,199.50261875901876,
535,2512.804210839426,4983,33382400,6.3666914290506,114.4304884607666,7582,69062656,13.171629961376953,182.42700553943553,12565,102445056,19.53832139042755,155.4610966971747,4239,25837568,4.927741047171924,111.41831847133759,3332,13647872,2.602922189152957,175.06664975990395,7571,39485440,7.530663236324881,139.42997345132744,744,7544832,1.4389503818786755,131.5925698924731,795,3256320,0.621045360257083,179.83965534591195,1539,10801152,2.0599957421357584,156.5155282651072,0,0,0,0,3455,52158464,9.947662411966913,190.12068104196817,3455,52158464,9.947662411966913,190.12068104196817,
540,2531.576073061903,4964,33329152,6.356971167722705,118.10001651893634,7694,68005888,12.970971156163214,190.18562256303613,12658,101335040,19.327942323885917,161.91631079159424,4189,25939968,4.947609488163684,113.45338577226067,3358,13754368,2.623412705077159,181.7660539011316,7547,39694336,7.571022193240842,143.8487666622499,775,7389184,1.4093616795590218,143.21580516129035,745,3051520,0.5820257490418355,188.45485637583892,1520,10440704,1.9913874286008573,165.3888927631579,0,0,0,0,3591,51200000,9.765532702044219,198.41796240601502,3591,51200000,9.765532702044219,198.41796240601502,
545,2503.562376379896,4881,34373632,6.555627777833969,120.07381048965375,7638,68734976,13.108912028101983,192.6647309505106,12519,103108608,19.664539805935952,164.36244779934498,4147,26345472,5.024523101409448,115.2755078369906,3350,13721600,2.616939115317421,184.3223528358209,7497,40067072,7.641462216726869,146.1287732426304,734,8028160,1.5311046764245209,147.1835667574932,772,3162112,0.6030677603059847,187.57576683937825,1506,11190272,2.134172436730506,167.88926294820718,0,0,0,0,3516,51851264,9.888905152478577,201.73061461888508,3516,51851264,9.888905152478577,201.73061461888508,
550,2493.879748111202,4884,32841728,6.263760468986699,114.57186875511876,7586,66924544,12.76422827422969,184.69152913261271,12470,99766272,19.02798874321639,157.22846407377705,4141,25128960,4.792737649941805,107.97054286404251,3308,13549568,2.5842503905472682,178.86135429262393,7449,38678528,7.376988040489073,139.45219197207678,743,7712768,1.471022819044893,151.36337685060565,817,3346432,0.6382504743280285,184.05070012239904,1560,11059200,2.1092732933729215,168.48231474358977,0,0,0,0,3461,50028544,9.541727409354394,190.4152435712222,3461,50028544,9.541727409354394,190.4152435712222,
555,2493.645810897304,4884,34353152,6.55193862528937,118.01114823914824,7585,68489216,13.062473560684817,191.76795201054713,12469,102842368,19.61441218597419,162.87804667575588,4131,26296320,5.015314889037529,111.75112394093439,3324,13615104,2.5967144378755056,185.51276925391096,7455,39911424,7.612029326913035,144.63961609657946,753,8056832,1.5366237362518411,152.35399070385128,754,3088384,0.5890260788682705,191.27166445623342,1507,11145216,2.1256498151201115,171.8257398805574,0,0,0,0,3507,51785728,9.87673304394104,197.80343199315655,3507,51785728,9.87673304394104,197.80343199315655,
560,2501.843753853147,5003,34914304,6.658959132020704,122.3282858285029,7507,68620288,13.087463906469129,187.62265165845213,12510,103534592,19.746423038489834,161.5101247002398,4211,26976256,5.144991182952646,112.55792282118261,3336,13664256,2.6060872435970284,181.8386028177458,7547,40640512,7.751078426549674,143.18205803630582,792,7938048,1.5139679490680578,174.27651641414144,723,2961408,0.5648084763551113,183.46647302904566,1515,10899456,2.078776425423169,178.66221848184819,0,0,0,0,3448,51994624,9.916568186516988,194.09031525522042,3448,51994624,9.916568186516988,194.09031525522042,
565,2464.1419047912354,4886,33792000,6.444637486091852,151.04390892345475,7436,68354048,13.036134590048585,193.0311018020441,12322,102146048,19.480772076140436,176.3820655737705,4104,25874432,4.934639393896028,112.34786038011696,3206,13131776,2.5044251855043003,184.20227230193387,7310,39006208,7.439064579400328,143.86157373461012,782,7917568,1.5099980921958243,354.1239386189258,758,3104768,0.592125480540318,193.5943746701847,1540,11022336,2.1021235727361423,275.11003636363637,0,0,0,0,3472,52117504,9.939583924003967,201.0605564516129,3472,52117504,9.939583924003967,201.0605564516129,
570,2522.4131769635655,4860,33308672,6.352654489374714,116.7894195473251,7753,70295552,13.406819521230798,181.23058054946475,12613,103604224,19.759474010605512,156.40032268294615,4105,25600000,4.882450880299061,111.47191084043848,3345,13701120,2.6130877111360573,175.60381046337818,7450,39301120,7.4955385914351185,140.2667033557047,755,7708672,1.4702036090756532,145.70117218543047,810,3317760,0.6327656340867582,174.58384320987653,1565,11026432,2.1029692431624114,160.65003067092653,0,0,0,0,3598,53276672,10.160966176007982,187.9580411339633,3598,53276672,10.160966176007982,187.9580411339633,
575,2478.4816361438952,4879,34754560,6.628589691093558,124.4153513014962,7514,65290240,12.45253030949102,190.59496340165026,12393,100044800,19.08112000058458,164.54071282175423,4113,26374144,5.0302285233885,113.33875492341356,3318,13590528,2.5920637118501384,182.90587462326704,7431,39964672,7.622292235238638,144.40102153142243,766,8380416,1.5983611677050582,183.8906005221932,763,3125248,0.5960652839486605,189.37518479685454,1529,11505664,2.194426451653719,186.62751209941138,0,0,0,0,3433,48574464,9.264401313692222,198.29758141567143,3433,48574464,9.264401313692222,198.29758141567143,
580,2459.7037513002706,4842,33558528,6.400530795949848,115.80526827757124,7457,64716800,12.343267005493422,184.12031768807833,12299,98275328,18.743797801443268,157.22532872591268,4085,25899008,4.939650460489551,105.49561860465116,3251,13316096,2.5397443692948807,177.9643814211012,7336,39215104,7.4793948297844315,137.61066057797163,757,7659520,1.4608803354602973,171.4392430647292,781,3198976,0.6101323753981241,183.05557106274009,1538,10858496,2.0710127108584215,177.33804161248375,0,0,0,0,3425,48201728,9.193390260800417,190.20630773722627,3425,48201728,9.193390260800417,190.20630773722627,
585,2507.6661814034287,4979,34492416,6.578555193296376,142.52300482024503,7560,67969024,12.96337072527729,182.267446031746,12539,102461440,19.541925918573664,166.48567932051998,4207,26746880,5.101290275765982,108.95816924173997,3213,13160448,2.5100223056716846,175.2896507936508,7420,39907328,7.611312581437667,137.68095229110511,772,7745536,1.4772649175303938,325.43396761658033,834,3416064,0.6515277320044148,177.62329256594725,1606,11161600,2.128792649534809,248.67549750933998,0,0,0,0,3513,51392512,9.801820687601191,189.7518980927982,3513,51392512,9.801820687601191,189.7518980927982,
590,2529.62906689284,4990,35864576,6.840162793783633,118.73915751503006,7659,67702784,12.912408727552497,186.17097754276014,12649,103567360,19.75257152133613,159.56928713732313,4187,26857472,5.12231012321143,111.24262240267494,3407,13955072,2.661538903428602,179.38444643381274,7594,40812544,7.7838490266400315,141.81402014748485,803,9007104,1.717852670572203,157.82756662515564,759,3108864,0.5929286843857672,189.26070619235836,1562,12115968,2.31078135495797,173.10141613316262,0,0,0,0,3493,50638848,9.657941139738128,192.1190472373318,3493,50638848,9.657941139738128,192.1190472373318,
595,2510.605263723319,4956,34652160,6.607809678608358,124.38522881355932,7600,67231744,12.820400480458344,190.67890434210526,12556,101883904,19.4282101590667,164.5120155304237,4177,26718208,5.094886824298147,110.49993847258798,3349,13717504,2.615786597359266,183.22943654822333,7526,40435712,7.710673421657413,142.86388865267074,779,7933952,1.5129228543102116,198.83819127086008,798,3268608,0.6232898491169586,183.15086967418546,1577,11202560,2.1362127034271703,190.90002853519343,0,0,0,0,3453,50245632,9.581324033982119,199.64375789168838,3453,50245632,9.581324033982119,199.64375789168838,
