5,3204.1249322828135,6334,44642304,8.514112830441732,1231.654613672245,9688,87715840,16.7290325960097,1357.829524979356,16022,132358144,25.24314542645143,1307.948618212458,5366,34291712,6.540063548624478,1272.4891602683563,4207,17231872,3.2864366159893907,1309.1948935108153,9573,51523584,9.826500164613869,1288.6200512900866,968,10350592,1.9740492818172546,1005.2928605371901,1036,4243456,0.8093055227394839,1402.2871235521236,2004,14594048,2.7833548045567387,1210.5254236526946,0,0,0,0,4445,66240512,12.633290457280824,1393.4983264341956,4445,66240512,12.633290457280824,1393.4983264341956,
10,3231.8045876428864,6300,42950656,8.191692186055294,119.56395158730159,9860,87076864,16.60758956545389,200.4910976673428,16160,130027520,24.79928175150918,168.94152957920792,5291,32813056,6.258215344505908,115.12144528444529,4308,17645568,3.3654215084423234,190.7484201485608,9599,50458624,9.623636852948232,149.0625857901865,1009,10137600,1.933476841549385,142.85959167492567,1042,4268032,0.8140132803613976,194.37602495201534,2051,14405632,2.747490121910783,169.0322506094588,0,0,0,0,4510,65163264,12.428154776650167,211.2102463414634,4510,65163264,12.428154776650167,211.2102463414634,
15,3230.5030366176697,6330,44027904,8.395325251004628,149.22696413902054,9827,89169920,17.00309151682675,203.53506909534954,16157,133197824,25.398416767831378,182.2582043077304,5359,34783232,6.632533447905042,113.78989830192201,4200,17203200,3.2803391993877975,184.54370404761906,9559,51986432,9.91287264729284,144.87745810231198,971,9244672,1.7627918030995855,344.8059917610711,1006,4120576,0.7857193415676487,301.8917435387674,1977,13365248,2.548511144667234,322.9689994941831,0,0,0,0,4621,67846144,12.937032975871304,199.3837855442545,4621,67846144,12.937032975871304,199.3837855442545,
20,3230.520097401097,6346,43700224,8.334434127956964,131.62086905137093,9808,87629824,16.712614465602332,196.37787112561173,16154,131330048,25.047048593559296,170.93847932400644,5415,34611200,6.600990569053927,114.79260295475531,4279,17526784,3.3426791295836393,183.49521827529796,9694,52137984,9.943669698637567,145.11842211677327,931,9089024,1.7334435589030373,229.499559613319,1066,4366336,0.8327403487114184,224.05940994371483,1997,13455360,2.5661839076144557,226.59560390585878,0,0,0,0,4463,65736704,12.537194987307275,202.1175868250056,4463,65736704,12.537194987307275,202.1175868250056,
25,3247.264605302282,6463,45666304,8.709793095176897,116.17921042859354,9774,90693632,17.297716271720052,192.46853939021895,16237,136359936,26.007509366896947,162.10221968343907,5481,34951168,6.6661283057802905,110.46025177887246,4233,17338368,3.306893369080976,185.16488967635246,9714,52289536,9.973021674861267,143.0137551986823,982,10715136,2.043664789396606,148.09938594704684,957,3919872,0.7476250777723823,187.22606896551724,1939,14635008,2.7912898671689885,167.4104925219185,0,0,0,0,4584,69435392,13.243197824866693,200.30741230366493,4584,69435392,13.243197824866693,200.30741230366493,
30,3271.823157303983,6405,44589056,8.504227844784143,175.5512104605777,9955,88649728,16.907679886520597,190.38842943244603,16360,133238784,25.41190773130474,184.57960378973104,5500,35676160,6.804319725157991,112.62810181818182,4357,17846272,3.4037222781301226,185.24017282533853,9857,53522432,10.208042003288114,144.72415471238713,905,8912896,1.6999081196261525,557.9568430939225,993,4067328,0.7757393211345448,185.04281772406847,1898,12980224,2.4756474407606976,362.85482665964173,0,0,0,0,4605,66736128,12.728218287255931,196.41213116178068,4605,66736128,12.728218287255931,196.41213116178068,
35,3279.95733826961,6407,43773952,8.348092094830118,145.65694911815203,9995,91021312,17.358594790990445,203.08736268134066,16402,134795264,25.706686885820563,180.6537168028289,5411,33669120,6.421008423271598,112.40240325263352,4282,17539072,3.3448610788867374,182.15853666510978,9693,51208192,9.765869502158337,143.2180189827711,996,10104832,1.9270836715585198,326.3199487951807,995,4075520,0.7772388541551387,301.5686592964824,1991,14180352,2.7043225257136583,313.95051983927675,0,0,0,0,4718,69406720,13.236494857948568,201.31295464179738,4718,69406720,13.236494857948568,201.31295464179738,
40,3256.1886127939215,6300,42852352,8.172906926324412,116.86654349206349,9982,88170496,16.81609582260173,193.22065137247046,16282,131022848,24.989002748926143,163.67692949269133,5277,32616448,6.2206899115199095,113.17991984081866,4401,18026496,3.43805805608428,183.99485094296753,9678,50642944,9.65874796760419,145.3824939036991,1023,10235904,1.9522170148045026,135.88346725317695,998,4087808,0.7796368870647834,187.09339278557113,2021,14323712,2.731853901869286,161.1716937159822,0,0,0,0,4583,66056192,12.598400879452667,203.4143567532184,4583,66056192,12.598400879452667,203.4143567532184,
45,3254.6064704364126,6431,46116864,8.794489934048688,141.17368465246463,9845,90464256,17.251541405400065,207.16943260538346,16276,136581120,26.046031339448753,181.09308368149422,5409,35033088,6.680812896875249,118.67638787206508,4274,17506304,3.3384536795562743,200.5139054749649,9683,52539392,10.019266576431523,154.79882412475473,1022,11083776,2.113677037173439,260.24205870841485,965,3952640,0.753768788201171,220.76521243523317,1987,15036416,2.86744582537461,241.06986109713137,0,0,0,0,4606,69005312,13.159318937642619,210.49678723404256,4606,69005312,13.159318937642619,210.49678723404256,
50,3246.335526238814,6364,43483136,8.293074376499465,132.86432589566311,9869,89141248,17.000958709095503,224.07007356368428,16233,132624384,25.294033085594968,188.31368976775704,5372,34115584,6.506501175759613,127.33063737900224,4283,17543168,3.345821171302488,209.6263630632734,9655,51658752,9.8523223470621,163.83737928534438,992,9367552,1.786573200739853,162.83103427419354,1018,4169728,0.7952477124412638,216.51991453831042,2010,13537280,2.5818209131811165,190.022715920398,0,0,0,0,4568,67428352,12.859889825351752,239.2952211033275,4568,67428352,12.859889825351752,239.2952211033275,
55,3269.1568912828106,6452,44249088,8.438699950043631,132.08088763174212,9896,88961024,16.965669185874074,203.39294704931285,16348,133210112,25.404369135917708,175.2485007952043,5450,34246656,6.531146004102083,122.01438036697247,4285,17551360,3.3472025628007924,194.574539789965,9735,51798016,9.878348566902876,153.9527761684643,1002,10002432,1.9075539459415485,186.83384630738522,993,4067328,0.7756761131531358,201.32060221550856,1995,14069760,2.6832300590946843,194.04454736842104,0,0,0,0,4618,67342336,12.842790509920146,212.02107903854483,4618,67342336,12.842790509920146,212.02107903854483,
60,3242.6992616561975,6432,44077056,8.406770083599229,123.10269434079602,9782,90316800,17.226027352789053,199.458682682478,16214,134393856,25.63279743638828,169.16870383619096,5432,34533376,6.586514132034671,114.73209075846833,4270,17489920,3.33583386831788,190.94103911007028,9702,52023296,9.922348000352551,148.27282560296845,1000,9543680,1.8202559515645573,168.571813,952,3899392,0.7437268952315274,198.6024674369748,1952,13443072,2.5639828467960846,183.21791086065573,0,0,0,0,4560,68927488,13.146466589239644,207.61338771929826,4560,68927488,13.146466589239644,207.61338771929826,
65,3258.463646981921,6434,44404736,8.469176850519348,159.3039721790488,9859,88662016,16.910229877902573,214.63430175474187,16293,133066752,25.379406728421923,192.7847135579697,5466,34205696,6.523945750270923,124.7044776802049,4268,17481728,3.3342354762491078,195.7785086691659,9734,51687424,9.858181226520031,155.86781898500104,968,10199040,1.945231100248425,354.67673760330575,1011,4141056,0.7898106997394209,310.04865578635014,1979,14340096,2.735041799987846,331.8778539666498,0,0,0,0,4580,67039232,12.786183701914046,211.1436058951965,4580,67039232,12.786183701914046,211.1436058951965,
70,3235.2655197181416,6349,42696704,8.143411502814063,129.32243597416917,9828,91095040,17.374277803394545,191.97653245828246,16177,133791744,25.517689306208606,167.3866295975768,5374,33353728,6.361454323428138,112.54337513956084,4227,17313792,3.302206487182947,184.82965791341377,9601,50667520,9.663660810611084,144.36861389438602,975,9342976,1.7819571793859244,221.80517743589743,1000,4096000,0.7812175271310496,185.010503,1975,13438976,2.563174706516974,203.17496253164558,0,0,0,0,4601,69685248,13.290853789080549,200.05648641599655,4601,69685248,13.290853789080549,200.05648641599655,
75,3262.1109495458218,6312,42938368,8.18861612577221,134.70984838403044,10001,92295168,17.601267496139005,204.8942399760024,16313,135233536,25.789883621911216,177.73774639857783,5360,34054144,6.494338879106187,118.8950354477612,4264,17465344,3.3307506591903753,195.41642143527207,9624,51519488,9.825089538296561,152.79852566500415,952,8884224,1.6942772466660234,223.75123214285713,975,3993600,0.7616045714612139,201.1697917948718,1927,12877824,2.4558818181272373,212.32574987026467,0,0,0,0,4762,70836224,13.508912265487417,214.14345359092817,4762,70836224,13.508912265487417,214.14345359092817,
80,3271.83700538907,6490,45064192,8.594358997122193,258.02052881355934,9871,89178112,17.007488100831157,280.27717070205654,16361,134242304,25.60184709795335,271.44851683882405,5456,34299904,6.541461756217164,118.79263398093842,4303,17625088,3.3613458248151966,187.94009853590518,9759,51924992,9.902807581032361,149.28157137001742,1034,10764288,2.0528972409050286,992.6698462282399,1017,4165632,0.7944431103502336,1017.8039174041297,2051,14929920,2.847340351255262,1005.1327181862506,0,0,0,0,4551,67387392,12.851699165665726,202.7693087233575,4551,67387392,12.851699165665726,202.7693087233575,
85,3264.6592755560637,6417,45248512,8.630096746227716,136.07243135421538,9907,89591808,17.087544684551354,210.96828495003533,16324,134840320,25.71764143077907,181.52656156579272,5441,35807232,6.8293931162779655,125.1104499172946,4284,17547264,3.3467307378328535,204.44040686274508,9725,53354496,10.17612385411082,160.05641758354756,976,9441280,1.8007036299497496,197.18323155737707,986,4038656,0.7702792968027996,215.52846855983773,1962,13479936,2.5709829267525492,206.40260142711517,0,0,0,0,4637,68005888,12.970534649915702,216.0295505714902,4637,68005888,12.970534649915702,216.0295505714902,
90,3215.831020050923,6354,43999232,8.391224702625335,175.8265152659742,9727,87330816,16.655120264817985,331.226534286008,16081,131330048,25.04634496744332,269.8241512965612,5318,33918976,6.46878903020298,170.04194885295226,4204,17219584,3.283998198644285,329.5963803520456,9522,51138560,9.752787228847264,240.48585034656585,1036,10080256,1.9224356724223564,205.51987837837837,1017,4165632,0.79444009705548,299.58551130776794,2053,14245888,2.7168757694778365,252.11741792498782,0,0,0,0,4506,65945600,12.57668196911822,339.88878184642704,4506,65945600,12.57668196911822,339.88878184642704,
95,3265.479572683351,6472,44048384,8.400223736182628,213.2204161001236,9858,91353088,17.42144225293669,439.5471857374721,16330,135401472,25.821665989119317,349.8480520514391,5513,34406400,6.561454285283065,207.3884676219844,4268,17481728,3.333843677331919,427.20208200562325,9781,51888128,9.895297962614984,303.30550127798796,959,9641984,1.8387694508995636,246.7465182481752,1000,4096000,0.7811255101527458,420.058693,1959,13737984,2.6198949610523092,335.21623481368044,0,0,0,0,4590,69775360,13.306473065452025,455.272108496732,4590,69775360,13.306473065452025,455.272108496732,
100,3213.734729336983,6376,44548096,8.496173702033348,297.9474910602259,9694,88379392,16.8556399382837,541.2076955848979,16070,132927488,25.351813640317047,444.69076565028007,5406,34922496,6.660387732947436,286.4671370699223,4112,16842752,3.212234853140964,527.0101916342412,9518,51765248,9.8726225860884,390.3873976675772,970,9625600,1.8357859690859109,361.92975257731956,985,4034560,0.7694677359785627,525.0101055837564,1955,13660160,2.6052537050644733,444.0955570332481,0,0,0,0,4597,67502080,12.873937349164175,557.377972373287,4597,67502080,12.873937349164175,557.377972373287,
105,3243.67080978152,6380,43712512,8.337167943940262,199.50231253918497,9839,88113152,16.80558066061122,357.8217988616729,16219,131825664,25.142748604551482,295.5443265922683,5386,33353728,6.36146538301214,185.22021314519122,4324,17711104,3.3779904600447614,339.6779044865865,9710,51064832,9.739455843056902,254.00240236869206,994,10358784,1.9757025609281225,276.89002615694164,948,3883008,0.7405955032660578,365.85751476793246,1942,14241792,2.7162980641941803,320.32008753862,0,0,0,0,4567,66519040,12.686994697300399,373.3322741405737,4567,66519040,12.686994697300399,373.3322741405737,
110,3261.5261205626225,6379,44941312,8.57168083600004,148.5413751371688,9929,89112576,16.996489998907844,202.9625054889717,16308,134053888,25.568170834907882,181.67526054697083,5335,34672640,6.613131450669006,121.37641893158387,4321,17698816,3.375704784210369,195.42046540152742,9656,52371456,9.988836234879376,154.5106696354598,1044,10268672,1.9585493853310334,287.35846455938696,1011,4141056,0.7898258590226066,198.93652126607319,2055,14409728,2.74837524435364,243.8574501216545,0,0,0,0,4597,67272704,12.830959355674867,210.93714661735916,4597,67272704,12.830959355674867,210.93714661735916,
115,3235.3159384999135,6316,44339200,8.455766115185378,223.23441371120964,9863,89513984,17.070883388569168,207.60945483118726,16179,133853184,25.526649503754548,213.70916682118798,5294,33746944,6.43575584508197,111.71511673592747,4342,17784832,3.391680043615234,186.66804629203133,9636,51531776,9.827435888697204,145.489049916978,1022,10592256,2.0200102701034077,800.9087367906067,919,3764224,0.7178613450212806,339.3390119695321,1941,14356480,2.7378716151246882,582.3705723853684,0,0,0,0,4602,67964928,12.961341999932653,201.06189569752283,4602,67964928,12.961341999932653,201.06189569752283,
120,3270.457433890717,6500,44802048,8.542850397549755,134.95848676923077,9857,89096192,16.988853707030742,244.2310135943999,16357,133898240,25.531704104580495,200.807927187137,5483,34373632,6.554360992524916,131.3986788254605,4352,17825792,3.399020381252197,231.89458731617648,9835,52199424,9.953381373777113,175.86824605998981,1017,10428416,1.9884894050248376,154.15064700098327,1016,4161536,0.7935213022408621,214.1588405511811,2033,14589952,2.7820107072657,184.13998524348256,0,0,0,0,4489,67108864,12.796312023537682,262.99720984629096,4489,67108864,12.796312023537682,262.99720984629096,
125,3251.846769812745,6343,43261952,8.250158916963775,203.20940848179094,9919,87072768,16.60498752668206,315.9092838995866,16262,130334720,24.855146443645832,271.95064967408683,5416,34017280,6.48717759944936,198.45139401772525,4261,17453056,3.32834000617143,305.582620511617,9677,51470336,9.81551760562079,245.62367427921876,927,9244672,1.7629813175144138,231.00812081984895,1030,4218880,0.8045506234115402,309.4903747572816,1957,13463552,2.567531940925954,272.314570260603,0,0,0,0,4628,65400832,12.472096897099089,326.84562554019016,4628,65400832,12.472096897099089,326.84562554019016,
130,3289.0645609260714,6479,45527040,8.68323618649037,311.3540993980552,9967,89497600,17.06960959737423,536.0049300692284,16446,135024640,25.752845783864604,447.5023925574608,5460,34562048,6.591916054125573,301.5199846153846,4315,17674240,3.370954938794957,519.7880813441483,9775,52236288,9.96287099292053,397.87055621483375,1019,10964992,2.0913201323647974,364.0471972522081,1000,4096000,0.7812178305434431,522.768518,2019,15060992,2.87253796290824,442.6610262506191,0,0,0,0,4652,67727360,12.917436828035832,553.8923149183147,4652,67727360,12.917436828035832,553.8923149183147,
135,3267.673556718188,6525,46178304,8.807471693121341,339.81813946360154,9814,86802432,16.55560937738402,549.533257489301,16339,132980736,25.363081070505363,465.78326390843995,5535,36118528,6.888795936663472,330.3952157181572,4307,17641472,3.364713551736173,546.5769967494775,9842,53760000,10.253509488399645,424.99945580166633,990,10059776,1.9186757564578687,392.50084949494953,1013,4149248,0.7913756275618165,497.26278183613033,2003,14209024,2.7100513840196854,445.48329455816275,0,0,0,0,4494,65011712,12.399520198086032,564.1488798397863,4494,65011712,12.399520198086032,564.1488798397863,
140,3245.2561449346586,6379,44687360,8.523059691514606,285.23327151591155,9848,89591808,17.0875237976626,313.6623523558083,16227,134279168,25.610583489177206,302.4865893264313,5377,34299904,6.541897512075463,152.74330091128883,4271,17494016,3.3365708471548015,308.24183821119175,9648,51793920,9.878468359230265,221.57976990049752,1002,10387456,1.981162179439142,996.2098902195609,1023,4190208,0.7991833239614521,322.5962531769306,2025,14577664,2.780345503400594,655.9102602469135,0,0,0,0,4554,67907584,12.951769626546348,316.73912779973654,4554,67907584,12.951769626546348,316.73912779973654,
145,3234.279254005754,6459,43966464,8.385624437805738,123.01357826288898,9713,87482368,16.68531458381358,259.1478907649542,16172,131448832,25.070939021619317,204.7766612045511,5455,34131968,6.5099132141079945,119.99123574702108,4212,17252352,3.290502155024946,246.97356030389363,9667,51384320,9.80041536913294,175.31859180717908,1004,9834496,1.8757112236977433,139.4347719123506,995,4075520,0.7773147303537087,257.2850120603015,1999,13910016,2.653025954051452,198.0945962981491,0,0,0,0,4506,66154496,12.617497698434924,270.9392454505104,4506,66154496,12.617497698434924,270.9392454505104,
150,3264.9859651510487,6366,43208704,8.240866023324187,281.8065219918316,9960,90484736,17.25746244395247,549.0720365461847,16326,133693440,25.498328467276657,444.85714829106945,5358,33640448,6.415985652626936,271.4591065696155,4303,17625088,3.3614983883177527,530.8693181501278,9661,51265536,9.777484040944689,387.0001624055481,1008,9568256,1.824880370697251,336.8079623015873,1021,4182016,0.7976039633912214,512.5563379040157,2029,13750272,2.6224843340884725,425.24516855593885,0,0,0,0,4636,68677632,13.098360092243496,574.0092292924935,4636,68677632,13.098360092243496,574.0092292924935,
155,3232.4107184325962,6289,43896832,8.372165997726805,318.9591744315472,9874,90337280,17.229459837628504,575.435604213085,16163,134234112,25.601625835355307,475.6409951122935,5316,33812480,6.448841122630846,313.0865581264108,4238,17358848,3.310743631460875,561.7665939122228,9554,51171328,9.75958475409172,423.397003140046,973,10084352,1.923324875095959,351.04430113052416,1022,4186112,0.7983907483135947,554.3848150684931,1995,14270464,2.7217156234095534,455.2117223057644,0,0,0,0,4614,68792320,13.120325457854033,592.6534568703944,4614,68792320,13.120325457854033,592.6534568703944,
160,3230.9715500920847,6297,42278912,8.061496446678358,262.7517116087025,9863,86732800,16.537704636544685,437.96730974348577,16160,129011712,24.59920108322304,369.69177623762374,5325,32419840,6.181626077839488,248.67181784037558,4343,17788928,3.3918890784658116,422.0627329035229,9668,50208768,9.5735151563053,326.5614272858916,972,9859072,1.8798703688388692,339.88693209876544,1001,4100096,0.7817824010002942,419.1695564435564,1973,13959168,2.661652769839163,380.1109092752154,0,0,0,0,4519,64843776,12.364033157078579,457.4163312679796,4519,64843776,12.364033157078579,457.4163312679796,
165,3272.222655136744,6397,44421120,8.471679316273278,324.26493496951696,9966,88678400,16.912112235806035,583.1093540036123,16363,133099520,25.383791552079312,481.9159451812015,5415,34226176,6.527372279094468,309.45670156971374,4356,17842176,3.4027326050425444,562.5133252984389,9771,52068352,9.930104884137013,422.27162869716506,982,10194944,1.9443070371788094,405.92133401222,1041,4263936,0.8131874751720131,578.4869462055715,2023,14458880,2.7574945123508225,494.7205442412259,0,0,0,0,4569,66572288,12.696192155591477,603.7983948347559,4569,66572288,12.696192155591477,603.7983948347559,
170,3285.4916733969385,6570,46362624,8.842677196321626,309.3422118721461,9858,89022464,16.979127677785513,629.9927810914993,16428,135385088,25.821804874107137,501.755975651327,5593,35864576,6.840399463821199,299.79737761487576,4259,17444864,3.3272340471007866,610.8279542146043,9852,53309440,10.167633510921986,434.2552771010962,977,10498048,2.0022777325004264,363.9832128966223,1014,4153344,0.7921613814886588,581.9720285996056,1991,14651392,2.794439113989085,475.0031320944249,0,0,0,0,4585,67424256,12.859732249196066,658.4150364231189,4585,67424256,12.859732249196066,658.4150364231189,
175,3210.900905864979,6316,42188800,8.046125506627508,364.2366968017733,9740,87457792,16.67969629296219,672.387059650924,16056,129646592,24.7258217995897,551.1689672396611,5363,33259520,6.343159137263628,329.10118180123067,4266,17473536,3.332502078764364,647.9273886544773,9629,50733056,9.675661216027992,470.3528796344376,953,8929280,1.7029663693638804,561.9615309548793,989,4050944,0.7725842840829714,655.7388746208292,1942,12980224,2.475550653446852,609.7194057672502,0,0,0,0,4485,65933312,12.574609930114853,699.3235170568562,4485,65933312,12.574609930114853,699.3235170568562,
180,3279.558770086931,6510,45346816,8.64858259831783,322.6186740399385,9889,90112000,17.18623585610986,570.8563094347254,16399,135458816,25.834818454427694,472.3120685407647,5543,35147776,6.70341317642176,318.39120638643334,4294,17588224,3.3544407620970795,547.8834301350722,9837,52736000,10.05785393851884,418.56804981193454,967,10199040,1.9451694218960707,346.8512006204757,989,4050944,0.7725994209860297,536.7347987866532,1956,14249984,2.7177688428821005,442.86085224948874,0,0,0,0,4606,68472832,13.059195673026753,599.5996263569257,4606,68472832,13.059195673026753,599.5996263569257,
185,3236.120804324831,6381,44240896,8.4375533017764,282.66616768531577,9801,87130112,16.617316344355856,523.0653613916948,16182,131371008,25.054869646132257,428.2694613150414,5380,34762752,6.629896756983271,278.5222840148699,4247,17395712,3.3176825176043305,507.1773077466447,9627,52158464,9.947579274587602,379.39461036667706,1001,9478144,1.8076565447931294,304.93799000999,1014,4153344,0.7921191600778882,508.8392692307693,2015,13631488,2.5997757048710177,407.5463756823821,0,0,0,0,4540,65581056,12.507514666673636,541.1054101321586,4540,65581056,12.507514666673636,541.1054101321586,
190,3238.1031371805893,6341,44158976,8.421884148505033,331.8381204857278,9851,88928256,16.960163876096168,552.3082986498832,16192,133087232,25.3820480246012,465.9692793972332,5303,33460224,6.381446211774197,318.2468580049029,4200,17203200,3.2809492091384045,545.9022359523809,9503,50663424,9.6623954209126,418.8627253498895,1038,10698752,2.0404379367308363,401.274021194605,1000,4096000,0.7811783831281915,559.174351,2038,14794752,2.821616319859028,478.7521025515211,0,0,0,0,4651,67629056,12.89803628382957,556.6169228122984,4651,67629056,12.89803628382957,556.6169228122984,
195,3261.6776536161774,6350,44531712,8.492910659228206,468.7968647244095,9960,88616960,16.900673483480706,600.9588665662651,16310,133148672,25.39358414270891,549.5040099325568,5352,33898496,6.464986075770109,283.64196356502237,4315,17674240,3.370760623120834,519.07287995365,9667,51572736,9.835746698890944,388.72982993689874,998,10633216,2.027924583458096,1461.7317655310621,1056,4325376,0.8249184746270222,1119.2561922348484,2054,14958592,2.8528430580851185,1285.6586372930867,0,0,0,0,4589,66617344,12.70499438573285,558.6873599912835,4589,66617344,12.70499438573285,558.6873599912835,
200,3256.056671616375,6421,44429312,8.473325297160692,285.1390158853761,9861,89866240,17.13881783163138,565.6332183348545,16282,134295552,25.61214312879207,455.0169995700774,5416,34594816,6.597741814309874,279.8572555391433,4244,17383424,3.3152754274131073,575.0484408576815,9660,51978240,9.913017241722981,409.5458052795031,1005,9834496,1.8755834828508178,313.6027114427861,984,4030464,0.7686689492399853,486.78069308943094,1989,13864960,2.644252432090803,399.2774896933132,0,0,0,0,4633,68452352,13.054873454978287,573.7559639542413,4633,68452352,13.054873454978287,573.7559639542413,
205,3232.9002765222035,6381,43814912,8.356256538113849,352.1881424541608,9785,87994368,16.78203788055528,704.657297700562,16166,131809280,25.138294418669126,565.5316216132625,5404,33878016,6.461119737004734,321.6684748334567,4272,17498112,3.3371906077238815,681.3905095973784,9676,51376128,9.798310344728616,480.48746331128564,977,9936896,1.8951368011091143,520.9990777891504,1005,4116480,0.7850834645979637,695.6875930348259,1982,14053376,2.680220265707078,609.5772603430878,0,0,0,0,4508,66379776,12.659763808233432,728.7057165039929,4508,66379776,12.659763808233432,728.7057165039929,
210,3260.7610696045726,6366,44216320,8.43245865842648,308.67857854225576,9940,90992640,17.35313284825792,523.4536144869215,16306,135208960,25.7855915066844,439.60362805102415,5327,33910784,6.467098215202671,266.98104617983853,4292,17580032,3.3526736972641458,499.921571528425,9619,51490816,9.819771912466816,370.9191618671379,1039,10305536,1.9653604432238096,522.4637131857555,949,3887104,0.7413064628852922,573.571703898841,1988,14192640,2.7066669061091018,546.8608375251508,0,0,0,0,4699,69525504,13.259152688108482,534.8257067461161,4699,69525504,13.259152688108482,534.8257067461161,
215,3221.505696863736,6412,44060672,8.403660249653512,300.6570580162196,9696,89767936,17.121373806024575,596.8043027021452,16108,133828608,25.525034055678088,478.919020052148,5460,34185216,6.5201216364793355,291.8305725274725,4172,17088512,3.2592795911085295,580.2908741610738,9632,51273728,9.779401227587865,416.77413340946845,952,9875456,1.8835386131741765,351.2795483193277,974,3989504,0.7609152257285973,546.5461765913757,1926,13864960,2.644453838902774,450.02809241952235,0,0,0,0,4550,68689920,13.10117898918745,622.7043991208791,4550,68689920,13.10117898918745,622.7043991208791,
220,3236.950395518051,6455,44564480,8.499344607038006,260.741496049574,9731,89051136,16.983846608604164,470.0774589456376,16186,133615616,25.48319121564217,386.5939768936118,5471,34385920,6.558088049272432,244.27439426064703,4247,17395712,3.3177129178391924,456.8036293854485,9718,51781632,9.875800967111624,337.15478750771763,984,10178560,1.941256557765574,352.297912601626,982,4022272,0.7671283459661141,482.60442464358454,1966,14200832,2.7083849037316883,417.3848886063072,0,0,0,0,4502,67633152,12.899005344798857,479.86699111506,4502,67633152,12.899005344798857,479.86699111506,
225,3281.7632102827356,6544,44466176,8.480638094823416,194.8568389364303,9866,91078656,17.37062165406167,348.411521792013,16410,135544832,25.851259748885088,287.17679634369284,5504,33529856,6.394851091030259,174.3799625726744,4248,17399808,3.3185105588439456,337.23619350282485,9752,50929664,9.713361649874205,245.32061771944217,1040,10936320,2.085787003793158,303.22676923076926,939,3846144,0.7335408226823128,415.5791884984025,1979,14782464,2.8193278264754706,356.5359767559373,0,0,0,0,4679,69832704,13.318570272535412,345.07797948279546,4679,69832704,13.318570272535412,345.07797948279546,
230,3244.669068414507,6341,44191744,8.428046653294519,5019.7662657309575,9884,89079808,16.988892262104848,5509.809333063537,16225,133271552,25.416938915399367,5318.2923475500775,5331,34189312,6.520428715826244,4819.831818795723,4230,17326080,3.3043504813639646,5592.911159101654,9561,51515392,9.824779197190209,5161.859390126556,1010,10002432,1.9076179374682747,6075.063826732674,1036,4243456,0.8092924583198741,5781.109472007722,2046,14245888,2.716910395788149,5926.218904203323,0,0,0,0,4618,67510272,12.87524932242101,5372.82629536596,4618,67510272,12.87524932242101,5372.82629536596,
235,3285.4276563214326,6471,45158400,8.612829446805708,133.39960871580897,9957,91246592,17.402993341178302,206.16213498041577,16428,136404992,26.01582278798401,177.5009280496713,5464,35188736,6.711366691837447,124.36055014641289,4349,17813504,3.397478028495059,198.12807381007127,9813,53002240,10.108844720332506,157.05340252725975,1007,9969664,1.9014627549682628,182.4457020854022,989,4050944,0.7726157208971289,201.65652881698685,1996,14020608,2.6740784758653917,191.96449348697396,0,0,0,0,4619,69382144,13.232899591786115,214.69129205455727,4619,69382144,13.232899591786115,214.69129205455727,
240,3256.938158144019,6413,43905024,8.372003373908806,143.93873803212225,9876,90742784,17.3032337667297,196.55039469420817,16289,134647808,25.675237140638508,175.83711860764936,5420,33755136,6.436578020746568,117.2249520295203,4301,17616896,3.359267330085061,188.17804557079748,9721,51372032,9.79584535083163,148.61773624112746,993,10149888,1.9354253531622372,289.74812386706947,1003,4108288,0.7833864524704293,192.3734187437687,1996,14258176,2.7188118056326664,240.81684669338676,0,0,0,0,4572,69017600,13.16057998417421,205.342822615923,4572,69017600,13.16057998417421,205.342822615923,
245,3209.932830836665,6350,44736512,8.512479793362592,146.2751412598425,9738,88674304,16.87297885428555,227.2794260628466,16088,133410816,25.385458647648143,195.3067005221283,5358,34807808,6.623242380882193,141.1087541993281,4215,17264640,3.285121985810596,213.73942348754449,9573,52072448,9.908364366692789,173.0880993418991,992,9928704,1.8892374124803997,174.1798810483871,1025,4198400,0.7988730807724462,212.44616390243903,2017,14127104,2.6881104932528457,193.6260585027268,0,0,0,0,4498,67211264,12.788983787702508,243.34772409959982,4498,67211264,12.788983787702508,243.34772409959982,
250,3255.3506785511613,6428,44978176,8.57824925733023,436.5391473242066,9850,89993216,17.16352922619092,614.329747106599,16278,134971392,25.74177848352115,544.1222292664946,5405,34787328,6.634648114243297,427.28403237742833,4207,17231872,3.2864670454046334,613.906146898027,9612,52019200,9.92111515964793,508.9651846650021,1023,10190848,1.943601143086933,485.4383616813294,1023,4190208,0.7991575439621915,689.0134594330401,2046,14381056,2.7427586870491245,587.2259105571848,0,0,0,0,4620,68571136,13.077904636824094,598.1783722943723,4620,68571136,13.077904636824094,598.1783722943723,
255,3195.407000727469,6246,43261952,8.250547775029807,213.1671842779379,9733,88178688,16.816681736493248,465.4118124935785,15979,131440640,25.067229511523056,366.8124040302897,5303,33304576,6.351562578940292,200.63450443145388,4180,17121280,3.265223414090569,457.76043492822964,9483,50425856,9.616785993030861,313.97272962142785,943,9957376,1.8989851960895154,283.64523435843057,1022,4186112,0.798339313205876,435.37111154598824,1965,14143488,2.6973245092953912,362.5581333333334,0,0,0,0,4531,66871296,12.753119009196803,479.24636437872437,4531,66871296,12.753119009196803,479.24636437872437,
260,3283.487010137825,6470,44605440,8.507001592191429,138.03774111282843,9949,89849856,17.13586656807265,248.39836777565586,16419,134455296,25.64286816026408,204.91013740179062,5453,34181120,6.518909851867536,132.59559306803592,4280,17530880,3.34343129610462,243.25913107476637,9733,51712000,9.862341147972156,181.2588975649851,1017,10424320,1.9880917403238922,167.21771484759094,1028,4210688,0.8030484514942873,234.96723638132295,2045,14635008,2.7911401918181795,201.2746870415648,0,0,0,0,4641,68108288,12.989386820473744,256.11289829778065,4641,68108288,12.989386820473744,256.11289829778065,
265,3215.0087777079193,6268,43335680,8.265133406395254,233.77469144862795,9808,87347200,16.659165396160567,464.5441861745514,16076,130682880,24.92429880255582,374.5676252799204,5345,33943552,6.473833699319232,228.3206739008419,4240,17367040,3.3123029908427104,455.59528254716986,9585,51310592,9.786136690161943,328.857381324987,923,9392128,1.7912997070760226,265.35835752979415,996,4079616,0.7780787214338065,441.76845983935743,1919,13471744,2.569378428509829,356.91878582595103,0,0,0,0,4572,65900544,12.56878368388405,477.8048980752406,4572,65900544,12.56878368388405,477.8048980752406,
270,3293.9974524297295,6453,46501888,8.868447468961229,313.45043049744305,10019,89174016,17.006515444970926,697.7413681006088,16472,135675904,25.874962913932155,547.1932002792618,5459,35651584,6.799169098021539,312.4174808572999,4333,17747968,3.3847426127903644,715.601887837526,9792,53399552,10.183911710811904,490.82822794117646,994,10850304,2.0692783709396894,319.12334004024143,1041,4263936,0.8131818739706368,609.4493045148895,2035,15114240,2.8824602449103263,467.63898083538083,0,0,0,0,4645,67162112,12.808590958209924,700.8678279870829,4645,67162112,12.808590958209924,700.8678279870829,
275,3245.077523697235,6312,43700224,8.333814457536212,205.23942553865655,9916,89948160,17.153488188911354,466.900148043566,16228,133648384,25.487302646447564,365.1252848163668,5353,33140736,6.320076181078404,196.0383418643751,4352,17825792,3.3994526684035615,449.4125783547794,9705,50966528,9.719528849481966,309.6586074188562,959,10559488,2.0137382764578082,256.5985505735141,978,4005888,0.76393950130944,437.93103374233124,1937,14565376,2.777677777767248,348.1541357769747,0,0,0,0,4586,68116480,12.99009601919835,489.6733048408199,4586,68116480,12.99009601919835,489.6733048408199,
280,3230.1117895231623,6382,43581440,8.31227300179905,204.75140159824505,9769,88784896,16.933912555168813,445.92227014023956,16151,132366336,25.246185556967863,350.6246116029967,5476,34746368,6.627162770137343,178.36088988312636,4281,17534976,3.3444399173591846,431.5613774818968,9757,52281344,9.971602687496528,289.4556205800963,906,8835072,1.6851102316617055,364.25961589403977,976,3997696,0.7624791776086345,429.1196803278688,1882,12832768,2.44758940927034,397.89586609989374,0,0,0,0,4512,67252224,12.826993460200994,463.18253368794325,4512,67252224,12.826993460200994,463.18253368794325,
285,3210.9709954751856,6253,42389504,8.08457966262921,183.662884535423,9803,88981504,16.970664662378677,441.4970722227889,16056,131371008,25.055244325007887,341.08369556552066,5321,32604160,6.218306514110398,179.98046043976697,4247,17395712,3.3177321313350325,430.56678808570757,9568,49999872,9.53603864544543,291.2095713837793,932,9785344,1.8662731485188115,204.6866813304721,1011,4141056,0.7897874228348759,429.2610741839763,1943,13926400,2.6560605713536876,321.5393376222337,0,0,0,0,4545,67444736,12.863145108208771,454.432498129813,4545,67444736,12.863145108208771,454.432498129813,
290,3245.088247597982,6405,43556864,8.307526410389993,212.27928899297424,9821,89939968,17.15409675750832,461.28508929844213,16226,133496832,25.461623167898317,362.993326019968,5408,33796096,6.445871770935475,172.27031305473375,4192,17170432,3.2748872213988016,446.26745467557254,9600,50966528,9.720758992334277,291.9157315625,997,9760768,1.861654639454519,429.29888966900705,1010,4136960,0.7890353276748067,484.98526831683165,2007,13897728,2.650689967129326,457.3224285002491,0,0,0,0,4619,68632576,13.090174208434714,469.73210023814676,4619,68632576,13.090174208434714,469.73210023814676,
295,3244.861854549349,6333,43925504,8.3777683282423,433.9122670140534,9892,88084480,16.800066010709685,422.1398678730287,16225,132009984,25.177834338951985,426.734912788906,5368,34459648,6.5723764402743825,164.60491654247392,4370,17899520,3.4139171572565137,320.5657244851259,9738,52359168,9.986293597530896,234.59349024440337,965,9465856,1.8053918879679183,1931.9867305699481,922,3776512,0.720281835009269,1332.2455986984814,1887,13242368,2.5256737229771873,1638.9494631690513,0,0,0,0,4600,66408448,12.665867018443903,336.21845978260865,4600,66408448,12.665867018443903,336.21845978260865,
300,3297.488384050219,6510,44806144,8.545286211907689,22488.397053149,9979,89563136,17.081198309678538,21842.99066880449,16489,134369280,25.626484521586224,22097.802698768875,5516,35057664,6.686086908101097,22496.660776287164,4342,17784832,3.3918669651799234,21444.157304928605,9858,52842496,10.07795387328102,22033.08093528099,994,9748480,1.8591993038065908,22442.53920925553,1004,4112384,0.7843008827822762,22335.87230179283,1998,13860864,2.643500186588867,22388.93882132132,0,0,0,0,4633,67665920,12.905030461716336,22109.962675372328,4633,67665920,12.905030461716336,22109.962675372328,
305,3259.1920954903494,6455,45060096,8.592928496976745,202.14830952749807,9844,89341952,17.037447175352856,361.13639709467697,16299,134402048,25.6303756723296,298.1713007546475,5485,35557376,6.780766501432153,196.09186672743846,4254,17424384,3.3228177280373665,353.7453777621063,9739,52981760,10.10358422946952,264.954998049081,970,9502720,1.8121619955445911,236.3953082474227,1037,4247552,0.8100051678360952,357.42069720347155,2007,13750272,2.6221671633806864,298.9281076233184,0,0,0,0,4553,67670016,12.904624279479393,368.8883358225346,4553,67670016,12.904624279479393,368.8883358225346,
310,3235.8385937176417,6468,44892160,8.561543773162137,245.63974783549784,9713,85872640,16.37707711718469,283.6956633377947,16181,130764800,24.938620890346826,268.48364544836534,5459,34201600,6.522708987764949,158.6451194357941,4159,17035264,3.2488558898340627,256.9077790334215,9618,51236864,9.771564877599012,201.13569972967355,1009,10690560,2.0388347853971878,716.3074152626363,1025,4198400,0.800691821851386,411.6797336585366,2034,14888960,2.8395266072485734,562.7954321533923,0,0,0,0,4529,64638976,12.327529405499241,279.3298295429455,4529,64638976,12.327529405499241,279.3298295429455,
315,3277.727327753616,6429,45568000,8.689622920398236,410.0292960024887,9963,90312704,17.222246810953774,390.1738275619793,16392,135880704,25.91186973135201,397.96121205466085,5415,35266560,6.725182323112702,241.79876084949217,4363,17870848,3.407894364197529,335.5114904881962,9778,53137408,10.133076687310231,283.6139213540601,1014,10301440,1.9644405972855339,1308.420171597633,1004,4112384,0.7842140595127937,741.6034581673307,2018,14413824,2.7486546567983274,1026.4162170465806,0,0,0,0,4596,68329472,13.03013838724345,365.2948953437772,4596,68329472,13.03013838724345,365.2948953437772,
320,3197.998066889263,6276,44859392,8.555709761685092,239.35306803696622,9715,86982656,16.58957747435579,343.5513340195574,15991,131842048,25.14528723604088,302.65656087799385,5225,33251328,6.341787056734804,229.7972547368421,4206,17227776,3.2857300271774554,333.7673549690918,9431,50479104,9.62751708391226,276.1654279503764,1051,11608064,2.2139227049502876,286.8593710751665,1006,4120576,0.7858878762102997,336.0582306163022,2057,15728640,2.9998105811605873,310.9206509479825,0,0,0,0,4503,65634304,12.517959570968033,354.3640095491894,4503,65634304,12.517959570968033,354.3640095491894,
325,3233.6069161572655,6411,44773376,8.539333852712721,171.93788098580563,9758,89124864,16.998203760056363,390.2544043861447,16169,133898240,25.537537612769082,303.692017626322,5422,33927168,6.470707373709584,165.52250055330137,4215,17264640,3.292772133307485,376.98388279952553,9637,51191808,9.763479507017069,258.010798381239,989,10846208,2.0686264790031363,207.1089555106168,984,4030464,0.7687040994482954,378.28411382113825,1973,14876672,2.8373305784514318,292.47963760770403,0,0,0,0,4559,67829760,12.936727527300581,405.10722614608466,4559,67829760,12.936727527300581,405.10722614608466,
330,3247.4617919230895,6312,44675072,8.520731117908499,127.94027154626109,9926,90116096,17.187549768506912,195.61834223252066,16238,134791168,25.70828088641541,169.3106699716714,5284,33914880,6.468474709478534,119.45503785011356,4372,17907712,3.4154796412850423,187.69776303751144,9656,51822592,9.883954350763576,150.35367025683513,1028,10760192,2.052256408429965,171.55503307392996,958,3923968,0.7484056487536758,192.2372045929019,1986,14684160,2.8006620571836405,181.53162940584087,0,0,0,0,4596,68284416,13.023664478468193,203.85765948651002,4596,68284416,13.023664478468193,203.85765948651002,
335,3224.73108749666,6350,44802048,8.54512989057424,190.27175937007874,9774,90337280,17.2301005427514,369.5531230816452,16124,135139328,25.77523043332564,298.9480213966758,5355,34168832,6.51704823067931,183.06098562091503,4227,17313792,3.3022731804221346,356.1307610598533,9582,51482624,9.819321411101445,259.40892350240034,995,10633216,2.0280816598949283,229.07949145728642,993,4067328,0.7757646719089614,353.45043504531725,1988,14700544,2.8038463318038893,291.2024024144869,0,0,0,0,4554,68956160,13.152062690420307,385.52288449714536,4554,68956160,13.152062690420307,385.52288449714536,
340,3243.4330073108126,6309,45715456,8.719082335839225,239.389770169599,9909,89194496,17.011624132715255,433.23622595620145,16218,134909952,25.73070646855448,357.82758805031443,5340,35516416,6.77386998782026,147.38636404494383,4302,17620992,3.3607644663363807,406.8718563458856,9642,53137408,10.13463445415664,263.16178282514,969,10199040,1.9452123480189651,746.4054447884416,1049,4296704,0.8194890574585921,509.95196091515726,2018,14495744,2.7647014054775574,623.4918151635281,0,0,0,0,4558,67276800,12.831370608920281,440.46411364633616,4558,67276800,12.831370608920281,440.46411364633616,
345,3264.23592671015,6428,46354432,8.840420242568666,325.9739769757312,9895,88199168,16.82078016110551,421.15046902476,16323,134553600,25.661200403674176,383.6699512957177,5398,35680256,6.804709793497892,227.07060633567988,4356,17842176,3.402745478185836,311.89894191919194,9754,53522432,10.207455271683727,264.953754767275,1030,10674176,2.0357104490707734,844.3044572815534,1055,4321280,0.8241268318379378,1262.101069194313,2085,14995456,2.859837280908711,1055.7075390887292,0,0,0,0,4484,66035712,12.593907851081738,329.4236110615522,4484,66035712,12.593907851081738,329.4236110615522,
350,3296.9164251467723,6525,46940160,8.952898049406185,242.6593380842912,9960,92344320,17.61283477520615,348.91149186746986,16485,139284480,26.565732824612333,306.8553618441007,5519,35717120,6.812327311590047,239.9829677477804,4276,17514496,3.3405403193072294,341.5068054256314,9795,53231616,10.152867630897276,284.3031239407861,1006,11223040,2.1405707378161387,257.34212922465207,1039,4255744,0.8116981739383095,343.45579018286816,2045,15478784,2.952268911754448,301.0937643031785,0,0,0,0,4645,70574080,13.460596281960608,356.9482869752422,4645,70574080,13.460596281960608,356.9482869752422,
355,3252.863444792588,6375,44138496,8.418396595710913,246.5700814117647,9890,88629248,16.903977871008976,293.0269308392315,16265,132767744,25.32237446671989,274.81835936059025,5436,34246656,6.531757046839174,190.4864698307579,4303,17625088,3.361577630971052,274.1617315826168,9739,51871744,9.893334677810225,227.45686220351163,939,9891840,1.8866395488717385,571.2458136315229,1000,4096000,0.781217204501755,377.779224,1939,13987840,2.6678567533734934,471.469336255802,0,0,0,0,4587,66908160,12.761183035536169,292.2474800523218,4587,66908160,12.761183035536169,292.2474800523218,
360,3279.295103329416,6473,43896832,8.371367352425583,268.1395325196972,9926,90263552,17.213755934067613,291.04523554301835,16399,134160384,25.585123286493197,282.00391499481674,5480,34373632,6.555240722362182,197.69158959854016,4349,17813504,3.397133210385263,279.6784154978156,9829,52187136,9.952373932747445,233.96798657035305,993,9523200,1.8161266300634022,656.9156928499497,988,4046848,0.771756176560276,297.7877064777328,1981,13570048,2.587882806623678,477.8049151943463,0,0,0,0,4589,68403200,13.044866547122073,300.36594573981256,4589,68403200,13.044866547122073,300.36594573981256,
365,3223.0571984910875,6256,44007424,8.392336629803502,123.30783232097187,9862,90849280,17.32520722720045,187.5113939363212,16118,134856704,25.717543857003953,162.5915849360963,5264,32800768,6.255196549838648,106.19709897416413,4198,17195008,3.279135254273557,180.49430300142924,9462,49995776,9.534331804112206,139.16049598393576,992,11206656,2.137140079964853,214.1051108870968,986,4038656,0.7701827919756378,181.75463286004054,1978,15245312,2.9073228719404907,197.97893731041455,0,0,0,0,4678,69615616,13.275889180951257,195.0218501496366,4678,69615616,13.275889180951257,195.0218501496366,
370,3234.7944441161576,6267,43077632,8.215376263631699,160.35967767671931,9909,89358336,17.04161344179796,210.3966292259562,16176,132435968,25.25698970542966,191.01102244065282,5305,33677312,6.422632275323746,122.88457379830349,4272,17498112,3.3370816200660474,191.3558988764045,9577,51175424,9.759713895389794,153.4274891928579,962,9400320,1.792743988307954,367.01812474012473,1035,4239360,0.8084923868839792,315.36719130434784,1997,13639680,2.601236375191933,340.24861241862794,0,0,0,0,4602,67620864,12.896039434847935,204.46387570621468,4602,67620864,12.896039434847935,204.46387570621468,
375,3266.0762764581414,6463,44609536,8.508271444766093,361.2285777502708,9868,88903680,16.956388918248834,247.20856039724362,16331,133513216,25.464660363014925,292.33202939195394,5492,34922496,6.6606851839202745,117.88303823743627,4270,17489920,3.335811134804078,206.54426768149884,9762,52412416,9.996496318724352,156.6643791231305,971,9687040,1.8475862608458185,1737.5969639546859,1038,4251648,0.8109067817158392,540.7172986512525,2009,13938688,2.6584930425616577,1119.1992075659532,0,0,0,0,4560,67162112,12.809671001728915,218.47488925438594,4560,67162112,12.809671001728915,218.47488925438594,
380,3253.5636175410696,6353,43470848,8.290803894908302,123.50409601762946,9916,89133056,16.99954617517192,188.413689895119,16269,132603904,25.29035007008022,163.06667103079477,5375,33615872,6.411252950674873,114.10222009302325,4379,17936384,3.420845213964332,180.78730121032197,9754,51552256,9.832098164639206,144.04008868156652,978,9854976,1.8795509442334282,175.1759601226994,979,4009984,0.7647881855380408,183.18870786516854,1957,13864960,2.644339129771469,179.18438119570772,0,0,0,0,4558,67186688,12.813912775669545,196.8628372093023,4558,67186688,12.813912775669545,196.8628372093023,
385,3216.4120502484084,6296,43155456,8.230769038303555,123.56540978398984,9787,87748608,16.735740803680432,212.5151354858486,16083,130904064,24.96650984198399,177.69405278865884,5307,33583104,6.405094470866633,119.17995006595064,4214,17260544,3.291995133581167,205.1635,9521,50843648,9.6970896044478,157.23631803382,989,9572352,1.8256745674369217,147.09790192113246,1027,4206592,0.8022968681034311,211.20605647517039,2016,13778944,2.6279714355403527,179.75617311507938,0,0,0,0,4546,66281472,12.641448801995836,219.62560976682798,4546,66281472,12.641448801995836,219.62560976682798,
390,3276.3329709996647,6449,44843008,8.55242795659571,133.79477639944176,9934,88276992,16.836127815176358,205.69479323535333,16383,133120000,25.38855577177207,177.3920886894952,5486,34582528,6.595556196340664,120.81101968647467,4289,17567744,3.350508175542474,195.9451499183959,9775,52150272,9.946064371883137,153.77780071611255,963,10260480,1.9568717602550472,207.7603935617861,1015,4157440,0.7929041264107276,227.54276157635468,1978,14417920,2.7497758866657747,217.91160869565215,0,0,0,0,4630,66551808,12.692715513223156,209.93680885529156,4630,66551808,12.692715513223156,209.93680885529156,
395,3220.4231002268507,6340,44711936,8.527656570707977,165.575026340694,9763,88244224,16.830325500122083,343.2371433985455,16103,132956160,25.35798207083006,273.2888218344408,5321,33824768,6.4512081312666245,147.21101785378687,4240,17367040,3.312318052381992,325.69250849056607,9561,51191808,9.763526183648617,226.3618933165987,1019,10887168,2.0764484394413523,261.4679499509323,996,4079616,0.7780822594746377,348.50374598393574,2015,14966784,2.85453069891599,304.48911761786604,0,0,0,0,4527,66797568,12.739925188265454,358.51077181356305,4527,66797568,12.739925188265454,358.51077181356305,
400,3266.845783098799,6487,45527040,8.682652309111958,175.35587929705565,9849,88363008,16.852079016146853,401.11507290080215,16336,133890048,25.53473132525881,311.46645090597457,5527,35393536,6.750049356998329,168.74188872806224,4270,17489920,3.3355758308509276,396.2569381733021,9797,52883456,10.085625187849256,267.90380167398183,960,10133504,1.9326029521136288,213.43455208333333,1025,4198400,0.8006944324642156,390.10574341463416,1985,14331904,2.7332973845778445,304.6627491183879,0,0,0,0,4554,66674688,12.715808752831709,408.1481862099253,4554,66674688,12.715808752831709,408.1481862099253,
405,3281.1782934076573,6513,44494848,8.486145347947756,330.9543889144787,9894,91394048,17.430853461176312,636.1795528603194,16407,135888896,25.916998809124067,515.0159341134881,5536,34594816,6.5979916789806445,313.2481833453757,4210,17244160,3.288840275693644,612.7498864608076,9746,51838976,9.886831954674289,442.6245603324441,977,9900032,1.8881536689671108,431.2835127942681,985,4034560,0.7694792569021945,617.762571573604,1962,13934592,2.657632925869305,524.9032237512741,0,0,0,0,4699,70115328,13.372533928580474,661.0315686316237,4699,70115328,13.372533928580474,661.0315686316237,
410,3262.2694336814898,6412,45568000,8.689460295765633,219.00673081721771,9903,91967488,17.537478833332653,457.87311754013933,16315,137535488,26.226939129098284,363.99562617223415,5376,34603008,6.598522299202522,209.29704203869048,4223,17297408,3.298480074518496,448.65871371063224,9599,51900416,9.897002373721019,314.60221335555786,1036,10964992,2.09093799656311,269.39214285714286,983,4026368,0.7677968063584375,422.21897151576803,2019,14991360,2.8587348029215476,343.7996577513621,0,0,0,0,4697,70643712,13.471201952455718,473.61943495848413,4697,70643712,13.471201952455718,473.61943495848413,
415,3304.861705102253,6502,44552192,8.496786495143354,265.98578668102124,10024,92196864,17.58335636840873,405.3818163407821,16526,136749056,26.080142863552087,350.53775335834445,5509,34365440,6.554016612508297,236.17188600471957,4330,17735680,3.3824662612825893,388.95822632794454,9839,52101120,9.936482873790887,303.41091980892367,993,10186752,1.9427698826350577,431.3883836858006,992,4063232,0.7749206769497295,388.38898487903225,1985,14249984,2.717690559584787,409.89951536523927,0,0,0,0,4702,70397952,13.425969430176412,424.09109612930666,4702,70397952,13.425969430176412,424.09109612930666,
420,3248.589921486393,6396,43286528,8.255716122652066,228.82100859912444,9848,88367104,16.85359761829066,444.4202767059301,16244,131653632,25.109313740942724,359.529060329968,5434,32735232,6.24334625778154,225.2410828119249,4412,18071552,3.446652113279799,423.4123402085222,9846,50806784,9.689998371061339,314.04177219175295,962,10551296,2.0123698648705264,249.04275155925157,924,3784704,0.7218283210948627,428.92989935064935,1886,14336000,2.734198185965389,337.1741007423118,0,0,0,0,4512,66510848,12.685117183915997,468.1348433067376,4512,66510848,12.685117183915997,468.1348433067376,
425,3258.4620676658656,6375,44638208,8.512657164156616,199.5561509019608,9920,89956352,17.154980422023087,385.35958034274194,16295,134594560,25.6676375861797,312.66876336299475,5374,34529280,6.5848504215305805,195.54120841086714,4229,17321984,3.303360905415519,375.6370212816269,9603,51851264,9.8882113269461,274.8523812350307,1001,10108928,1.9278067426260348,221.11089710289713,991,4059136,0.7740909570269046,357.1653773965691,1992,14168064,2.7018976996529394,288.7966350401606,0,0,0,0,4700,68575232,13.077528559580662,400.05259255319146,4700,68575232,13.077528559580662,400.05259255319146,
430,3287.8396442266094,6564,45903872,8.754509233026335,125.01476492992079,9877,90013696,17.166868466582205,203.92683982990786,16441,135917568,25.921377699608538,172.42152630618577,5540,34762752,6.629742113027082,118.79116371841155,4284,17547264,3.346508213998824,196.91071311858076,9824,52310016,9.976250327025907,152.85713986156352,1024,11141120,2.1247671199992535,158.685419921875,1004,4112384,0.7842890398820773,194.02026494023906,2028,15253504,2.909056159881331,176.17860749506903,0,0,0,0,4589,68354048,13.036071212701302,212.64405229897582,4589,68354048,13.036071212701302,212.64405229897582,
435,3205.5078827366237,6265,42512384,8.107349090310018,248.99575275339186,9765,89628672,17.092688389456,435.7171704045059,16030,132141056,25.200037479766017,362.7408958203369,5328,33689600,6.424794900067434,245.86511148648648,4193,17174528,3.275278421396079,427.6606434533747,9521,50864128,9.700073321463513,325.9269396071841,937,8822784,1.682554190242584,266.7973073639274,972,3981312,0.7592584368225588,416.48239506172837,1909,12804096,2.4418126270651426,343.0120298585647,0,0,0,0,4600,68472832,13.058151531237362,447.1252615217391,4600,68472832,13.058151531237362,447.1252615217391,
440,3206.1299723503703,6327,43925504,8.377942010666192,414.5833651019441,9704,86835200,16.562138253088705,399.3103519167353,16031,130760704,24.940080263754897,405.33819512195123,5388,34181120,6.519388854812512,206.68022308834446,4251,17412096,3.321021212918872,356.08722629969424,9639,51593216,9.840410067731383,272.57182705674865,939,9744384,1.8585531558536805,1607.5355793397232,969,3969024,0.7570147154359884,709.7323302373582,1908,13713408,2.615567871289669,1151.575753144654,0,0,0,0,4484,65454080,12.484102324733845,373.2047787689563,4484,65454080,12.484102324733845,373.2047787689563,
445,3247.576885622319,6414,43958272,8.38379901791663,151.10971546616776,9825,87351296,16.65979294223724,251.28707979643767,16239,131309568,25.04359196015387,211.71951930537597,5435,34729984,6.6237636855120305,144.32227911683532,4262,17457152,3.329458760190149,243.63021984983575,9697,52187136,9.95322244570218,187.96984469423532,979,9228288,1.7600353324046,188.79073340143003,1028,4210688,0.8030698276573142,242.71493093385212,2007,13438976,2.563105160061914,216.41109965122072,0,0,0,0,4535,65683456,12.527264354389777,260.426155016538,4535,65683456,12.527264354389777,260.426155016538,
450,3176.3195638785737,6366,44331008,8.454190006418065,129.28852639019792,9518,85794816,16.361587718232727,201.63246186173564,15884,130125824,24.815777724650793,172.63841167212288,5354,33804288,6.446681153374138,120.02484217407546,4183,17133568,3.267474526180058,197.11236648338513,9537,50937856,9.714155679554196,153.83601069518718,1012,10526720,2.0075088530439276,178.29817588932806,948,3883008,0.7405129932628962,192.4984229957806,1960,14409728,2.748021846306824,185.1664586734694,0,0,0,0,4387,64778240,12.353600198789772,207.91617004786872,4387,64778240,12.353600198789772,207.91617004786872,
455,3269.099213874848,6530,45027328,8.585390337872637,142.64813874425727,9821,88309760,16.838080204178482,218.94913063842785,16351,133337088,25.423470542051117,188.47726487676596,5555,35713024,6.809425848804832,137.91407578757878,4319,17690624,3.373082949992897,210.74817781893955,9874,53403648,10.182508798797729,169.77254111808793,975,9314304,1.7759644890678046,169.620158974359,1004,4112384,0.7841109705470869,215.0559611553785,1979,13426688,2.5600754596148914,192.670965133906,0,0,0,0,4498,66506752,12.680886283638497,227.692718319253,4498,66506752,12.680886283638497,227.692718319253,
460,3275.525473969481,6392,45633536,8.702645496006465,135.8377274718398,9988,90091520,17.181104719923006,215.38749369243092,16380,135725056,25.88375021592947,184.3446300976801,5364,34603008,6.5990439951766104,127.92713832960477,4392,17989632,3.4307529861287493,205.95961270491802,9756,52592640,10.02979698130536,163.05614893398933,1028,11030528,2.1036015008298548,177.1143813229572,952,3899392,0.7436422683958491,211.27190021008406,1980,14929920,2.8472437692257038,193.53759242424243,0,0,0,0,4644,68202496,13.006709465398407,225.14746317829457,4644,68202496,13.006709465398407,225.14746317829457,
465,3262.7576735498037,6460,44609536,8.508483372848596,130.64005743034056,9854,88449024,16.8700936510231,209.16007479196267,16314,133058560,25.3785770238717,178.0678036042663,5496,34598912,6.5991331420854005,120.96958497088792,4273,17502208,3.3382379443744425,203.47701123332553,9769,52101120,9.937371086459843,157.05866598423586,964,10010624,1.9093502307631962,185.77378838174275,979,4009984,0.7648338281166813,199.8872788559755,1943,14020608,2.6741840588798778,192.8850118373649,0,0,0,0,4602,66936832,12.767021878531978,216.40948761408083,4602,66936832,12.767021878531978,216.40948761408083,
470,3250.0218606065228,6353,45228032,8.625558917945009,215.3844920509995,9899,90828800,17.322203315108727,268.8159846449136,16252,136056832,25.947762233053737,247.92930777750433,5362,35409920,6.75312052577745,130.13472883252518,4246,17391616,3.3168015907982706,219.6625183702308,9608,52801536,10.06992211657572,169.6991537260616,991,9818112,1.872438392167559,676.6450676084762,971,3977216,0.7585054980370045,571.7685097837282,1962,13795328,2.630943890204563,624.7413277268095,0,0,0,0,4682,69459968,13.246896226273451,250.56282699700984,4682,69459968,13.246896226273451,250.56282699700984,
475,3240.475865146748,6532,46305280,8.831692929039951,161.18407823025106,9671,87810048,16.74779593213255,264.9150974046117,16203,134115328,25.5794888611725,223.09746997469605,5548,36110336,6.887236166511827,152.55544412400866,4164,17055744,3.2530003853624376,253.1664582132565,9712,53166080,10.140236551874265,195.69220922570017,984,10194944,1.9444567625281237,209.8341412601626,1006,4120576,0.7859073937739223,271.4639662027833,1990,14315520,2.7303641563020458,240.98972110552762,0,0,0,0,4501,66633728,12.70888815299619,274.32037880471006,4501,66633728,12.70888815299619,274.32037880471006,
480,3222.727896145038,6276,43167744,8.232387771050643,317.1641400573614,9840,88707072,16.917053037066495,702.7838424796748,16116,131874816,25.149440808117138,552.6132509928023,5303,33615872,6.410779622071604,314.3756558551763,4258,17440768,3.3260752565835126,685.1473297322686,9561,51056640,9.736854878655116,479.4991562598055,973,9551872,1.8216081489790397,332.36180883864336,965,3952640,0.7537958249420126,627.5370300518134,1938,13504512,2.5754039739210524,479.3401826625387,0,0,0,0,4617,67313664,12.837181955540968,734.7763582412822,4617,67313664,12.837181955540968,734.7763582412822,
485,3228.079787599942,6375,43458560,8.288753830122868,288.463776627451,9766,89583616,17.08608247112321,578.0287014130657,16141,133042176,25.374836301246077,463.6630242240258,5411,34426880,6.566161728763686,270.25448438366294,4282,17539072,3.345187926539691,561.44907986922,9693,51965952,9.911349655303377,398.89321933353966,964,9031680,1.7225921013591823,390.6738184647303,949,3887104,0.7413786413559474,539.1461464699684,1913,12918784,2.4639707427151296,464.3278902247779,0,0,0,0,4535,68157440,12.999515903227572,601.8199878721058,4535,68157440,12.999515903227572,601.8199878721058,
490,3191.0641877219923,6300,43548672,8.305375982097448,281.11769666666663,9657,87285760,16.64668568270284,511.3189890235063,15957,130834432,24.95206166480029,420.4329739926051,5315,33361920,6.362611679287408,273.97160507996233,4198,17195008,3.2793423977469045,500.7599745116722,9513,50556928,9.641954077034312,374.05124082834016,985,10186752,1.9427643028100408,319.6775715736041,966,3956736,0.7546080886668675,477.90441821946166,1951,14143488,2.6973723914769083,398.02054126089183,0,0,0,0,4493,66134016,12.612735196289071,528.3688929445805,4493,66134016,12.612735196289071,528.3688929445805,
495,3325.396509074797,6597,46649344,8.894437273100928,336.085247233591,10036,88375296,16.850151778420024,575.6643745516142,16633,135024640,25.74458905152095,480.6422196236398,5598,35852288,6.835807309812313,312.2062147195427,4370,17899520,3.412827367060414,569.5956942791762,9968,53751808,10.248634676872728,425.04650621990373,999,10797056,2.058629963288616,469.8938798798799,1058,4333568,0.8262634678146266,533.6814725897921,2057,15130624,2.884893431103243,502.702471560525,0,0,0,0,4608,66142208,12.611060943544981,591.0589151475695,4608,66142208,12.611060943544981,591.0589151475695,
500,3246.3650669416106,6328,44142592,8.418403391038325,315.8306901074589,9906,88080384,16.797749514789658,486.5449171209368,16234,132222976,25.21615290582798,420.00065024023655,5345,34435072,6.567088921634888,262.97964546304956,4361,17862656,3.40657485277147,462.2581323091034,9706,52297728,9.973663774406358,352.51740366783434,983,9707520,1.8513144694034358,603.2048850457783,959,3928064,0.7491183865645127,593.1823409801876,1942,13635584,2.6004328559679486,598.255544284243,0,0,0,0,4586,66289664,12.642056275453674,487.3406822939381,4586,66289664,12.642056275453674,487.3406822939381,
505,3236.3881165275716,6291,43094016,8.21493214159935,314.03452026704815,9900,89464832,17.054514574357285,530.032269090909,16191,132558848,25.269446715956636,446.1065178803039,5324,33071104,6.304283063518026,304.5385030052592,4341,17780736,3.3895086423992753,511.61558834369964,9665,50851840,9.6937917059173,397.5464313502328,967,10022912,1.910649078081324,366.3166256463288,993,4067328,0.7753471739005945,483.04766163141994,1960,14090240,2.6859962519819183,425.45638010204084,0,0,0,0,4566,67616768,12.889658758057415,557.7594978098992,4566,67616768,12.889658758057415,557.7594978098992,
510,3277.3259323079806,6453,44060672,8.403203528743628,220.18088873392222,9935,89468928,17.063416814943484,418.174599597383,16388,133529600,25.46662034368711,340.21185757871615,5461,34127872,6.508830696429479,217.10286431056585,4299,17608704,3.358312909739598,409.84734124214935,9760,51736576,9.867143606169078,302.0012768442623,992,9932800,1.8943728323141487,237.1255372983871,1028,4210688,0.8030578439665752,375.898546692607,2020,14143488,2.697430676280724,307.74863316831687,0,0,0,0,4608,67649536,12.90204606123731,435.37483094618057,4608,67649536,12.90204606123731,435.37483094618057,
515,3241.124626766548,6389,44769280,8.537283533299009,348.68680575989987,9820,88985600,16.969120289196795,576.9631357433809,16209,133754880,25.506403822495802,486.9848846319946,5359,34267136,6.534575849915783,272.82798544504567,4165,17059840,3.2532283546377285,511.5821298919568,9524,51326976,9.787804204553511,377.2390534439311,1030,10502144,2.002707683383226,743.3736194174758,1054,4317184,0.8232659509695476,972.938074003795,2084,14819328,2.8259736343527733,859.4777149712091,0,0,0,0,4601,67608576,12.892625983589518,545.438316018257,4601,67608576,12.892625983589518,545.438316018257,
520,3233.544766528425,6324,44548096,8.496729863958501,312.07204933586337,9844,89108480,16.995803437883154,563.5157287687932,16168,133656576,25.492533301841657,465.1652940376052,5311,33546240,6.398328207596554,284.57129636603275,4239,17362944,3.311662182173601,544.0273246048597,9550,50909184,9.709990389770155,399.7371710994765,1013,11001856,2.098401656361947,456.2541806515301,1027,4206592,0.802330045079568,554.0379727361246,2040,15208448,2.900731701441515,505.48160931372547,0,0,0,0,4578,67538944,12.881811210629985,583.6872011795543,4578,67538944,12.881811210629985,583.6872011795543,
525,3250.1350782396376,6415,44498944,8.486808231774221,316.9918961808262,9837,87478272,16.68379633707677,596.5852566839484,16252,131977216,25.17060456885099,486.22398375584544,5456,34480128,6.576026481505466,302.6301387463343,4282,17539072,3.3450398424574015,565.7790864082205,9738,52019200,9.921066323962869,418.34217344423905,959,10018816,1.9107817502687539,398.69966319082374,1001,4100096,0.7819675110462071,573.8464325674325,1960,14118912,2.6927492613149613,488.1496204081633,0,0,0,0,4554,65839104,12.55678898357316,630.549592226614,4554,65839104,12.55678898357316,630.549592226614,
530,3260.183077801496,6389,44122112,8.410937527321648,283.06015166692754,9921,87834624,16.74379356998565,530.1855840137083,16310,131956736,25.154731097307298,433.3809005518087,5424,34287616,6.536201080691563,271.4082262168141,4373,17911808,3.414503324078868,521.274595014864,9797,52199424,9.95070440477043,382.93886118199447,965,9834496,1.874736446630085,348.5524248704663,992,4063232,0.7745683278038502,511.963908266129,1957,13897728,2.6493047744339355,431.3854302503832,0,0,0,0,4556,65859584,12.554721918102931,542.7061409130818,4556,65859584,12.554721918102931,542.7061409130818,
535,3240.3074969976988,6404,45907968,8.756000037213337,343.1296767645222,9798,89534464,17.07685624673861,626.7033610941008,16202,135442432,25.832856283951948,514.6180707320084,5384,35586048,6.78730623869642,273.1072399702823,4312,17661952,3.3686538330178366,578.8998351113172,9696,53248000,10.155960071714256,409.0991614067657,1020,10321920,1.9686937985169175,712.7383039215687,960,3932160,0.7499785899112066,817.8720010416667,1980,14254080,2.718672388428124,763.7122176767678,0,0,0,0,4526,67940352,12.958223823809567,631.6982593901901,4526,67940352,12.958223823809567,631.6982593901901,
540,3264.749973041015,6520,44568576,8.500130277722837,296.15933573619634,9805,88117248,16.805744202247165,632.124048954615,16325,132685824,25.30587447997,497.9439613476263,5476,34271232,6.536218181574026,263.1033285244704,4266,17473536,3.3325572800997723,601.7127184716362,9742,51744768,9.868775461673799,411.37962266475057,1044,10297344,1.963912096148811,469.54505938697315,986,4038656,0.7702535110591597,564.0911095334686,2030,14336000,2.734165607207971,515.4674266009853,0,0,0,0,4553,66605056,12.702933411088232,675.3516382604876,4553,66605056,12.702933411088232,675.3516382604876,
545,3291.3778135658686,6494,45031424,8.588482729320267,231.27167092700955,9964,88711168,16.91917036125326,384.40172400642314,16458,133742592,25.507653090573527,323.9796457042168,5479,34328576,6.547214276371944,222.7596714728965,4329,17731584,3.381802959362146,375.6080097020097,9808,52060160,9.929017235734092,290.22301325448615,1015,10702848,2.0412684529483225,277.2196955665025,1046,4284416,0.817132338991177,356.25221606118544,2061,14987264,2.8584007919394994,317.33032945172243,0,0,0,0,4589,66695168,12.720235062899937,399.1135075179778,4589,66695168,12.720235062899937,399.1135075179778,
550,3270.2171282109766,6558,45625344,8.701325012789622,136.98773391277828,9795,88289280,16.83787239884014,378.9970393057683,16353,133914624,25.539197411629765,281.9446926557818,5540,35586048,6.786705423387759,131.04595523465704,4235,17346560,3.3082064304842493,370.3744347107438,9775,52932608,10.094911853872008,234.7345598976982,1018,10039296,1.9146195894018643,169.3231502946955,953,3903488,0.7444440916768571,368.0787995802728,1971,13942784,2.6590636810787216,265.4236747843734,0,0,0,0,4607,67039232,12.785221876679035,389.1819346646408,4607,67039232,12.785221876679035,389.1819346646408,
555,3296.4026140512324,6421,44118016,8.413319058032355,360.1629671390749,10064,91701248,17.48745586029416,447.27364497217803,16485,135819264,25.900774918326512,413.3435471640886,5358,33394688,6.368377149766762,191.28000149309443,4342,17784832,3.3915728669553884,387.6611222938738,9700,51179520,9.75995001672215,279.18585989690723,1063,10723328,2.0449419082655935,1211.4093734713076,980,4014080,0.7654862758213451,880.9370653061225,2043,14737408,2.8104281840869385,1052.8861908957415,0,0,0,0,4742,69902336,13.330396717517424,412.2351425558836,4742,69902336,13.330396717517424,412.2351425558836,
560,3254.265535049798,6473,45314048,8.642611640744049,206.43283608836708,9799,88207360,16.823523608733897,385.7431440963364,16272,133521408,25.466135249477944,314.4135212020649,5417,34516992,6.583321729779454,199.78665202141408,4318,17686528,3.373298116671138,386.58368666049097,9735,52203520,9.956619846450593,282.64125865434,1056,10797056,2.059289910964595,240.5259981060606,941,3854336,0.7351258748928997,363.48697236981934,1997,14651392,2.7944157858574945,298.46604656985477,0,0,0,0,4540,66666496,12.715099617169859,389.5567112334802,4540,66666496,12.715099617169859,389.5567112334802,
565,3240.3228052894924,6302,43356160,8.268823890152788,182.1766305934624,9901,89796608,17.125878709855414,375.4215240884759,16203,133152768,25.394702600008202,300.2607934333148,5272,33140736,6.320553055760624,171.065343892261,4252,17416192,3.3215908531818283,362.91440169332077,9524,50556928,9.642143908942453,256.7165612137757,1030,10215424,1.9482708343921635,239.0491582524272,1008,4128768,0.7874326387599442,396.0960406746032,2038,14344192,2.7357034731521077,316.72494700686946,0,0,0,0,4641,68251648,13.016855217913642,382.3899299719888,4641,68251648,13.016855217913642,382.3899299719888,
570,3234.994977969722,6348,44818432,8.54631076765809,216.54500441083806,9831,88252416,16.82862473039309,271.3048031736344,16179,133070848,25.37493549805118,249.8192229433216,5361,34533376,6.585080065995737,173.33478903189703,4279,17526784,3.342137065875431,264.1802234166861,9640,52060160,9.927217131871167,213.65923029045643,987,10285056,1.9612307016623527,451.24608308004053,1013,4149248,0.7912093591333984,267.4481214215202,2000,14434304,2.752440060795751,358.1524155,0,0,0,0,4539,66576384,12.695278305384262,278.88199977968713,4539,66576384,12.695278305384262,278.88199977968713,
575,3253.2534246669516,6430,42283008,8.06448040483536,221.4359370139969,9837,87400448,16.669561452908738,433.99097336586357,16267,129683456,24.7340418577441,349.97247679350835,5426,32313344,6.163003575873889,214.15089660892002,4261,17453056,3.328756272886125,428.287329030744,9687,49766400,9.491759848760013,308.3426317745432,1004,9969664,1.9014768289614712,260.80708167330675,1030,4218880,0.8046512464380917,406.0457436893204,2034,14188544,2.7061280753995627,334.3546833824975,0,0,0,0,4546,65728512,12.536153933584522,445.66867135943687,4546,65728512,12.536153933584522,445.66867135943687,
580,3201.257098444131,6360,43753472,8.344939988554863,246.88246509433964,9647,86425600,16.483639183533757,518.8084206489063,16007,130179072,24.82857917208862,410.76512225901166,5414,34025472,6.489554061498337,231.6423627632065,4214,17260544,3.2920405459436615,492.723150450878,9628,51286016,9.781594607441999,345.9126618196926,946,9728000,1.8553859270565247,334.10224735729383,948,3883008,0.7405919405682465,500.4108396624473,1894,13611008,2.5959778676247716,417.3443516367476,0,0,0,0,4485,65282048,12.45100669702185,547.2062434782608,4485,65282048,12.45100669702185,547.2062434782608,
585,3255.637369321407,6418,43933696,8.37309673078248,746.3624493611717,9873,88174592,16.804741126566704,820.5742976805429,16291,132108288,25.177837857349182,791.3378086673623,5487,34213888,6.52064861012736,463.86126116274835,4292,17580032,3.3504877091663627,763.576518639329,9779,51793920,9.871136319293722,595.406192657736,931,9719808,1.8524481206551209,2411.329172932331,1010,4136960,0.7884418886901273,1418.1475346534653,1941,13856768,2.6408900093452483,1894.5267748583203,0,0,0,0,4571,66457600,12.665811528710213,742.0543891927368,4571,66457600,12.665811528710213,742.0543891927368,
590,3281.703137906522,6558,46018560,8.777084687323786,251.2587825556572,9851,87560192,16.700288327629778,425.3910251751091,16409,133578752,25.477373014953564,355.7975553050155,5511,34942976,6.664647037610967,244.32444946470693,4343,17788928,3.392868606768776,417.499228413539,9854,52731904,10.057515644379743,320.64858839050135,1047,11075584,2.1124376497128186,287.75840974212036,959,3928064,0.7491966368619057,414.75499165797703,2006,15003648,2.8616342865747244,348.4711326021934,0,0,0,0,4549,65843200,12.558223083999097,435.16768586502525,4549,65843200,12.558223083999097,435.16768586502525,
595,3291.6732310805246,6456,45617152,8.700446178416776,206.90132868649317,10003,89260032,17.024344358450065,412.75711266620016,16459,134877184,25.72479053686684,332.0107160823866,5476,35426304,6.756771033233967,197.4409099707816,4355,17838080,3.4022127239835736,408.26329850746265,9831,53264384,10.158983757217541,290.8323759536161,980,10190848,1.9436751451828085,259.763831632653,1034,4235264,0.8077813907230804,398.06716247582204,2014,14426112,2.751456535905889,330.7696132075472,0,0,0,0,4614,67186688,12.814350243743412,420.2906993931513,4614,67186688,12.814350243743412,420.2906993931513,
