5,4770.486423524117,9407,64217088,12.247632431276447,1567.056839056022,14447,130273280,24.846023056304848,4401.021998407974,23854,194490368,37.093655487581294,3283.4270351303767,7968,49926144,9.522030342188328,1735.9821350401608,6270,25681920,4.898115534130841,3042.1295696969696,14238,75608064,14.42014587631917,2311.1713761764295,1439,14290944,2.7256020890881185,631.6873057678944,1405,5754880,1.0975841029431948,672.9518263345195,2844,20045824,3.8231861920313133,652.0729075246132,0,0,0,0,6772,98836480,18.85032341923081,6432.651372268163,6772,98836480,18.85032341923081,6432.651372268163,
10,4752.1959977302095,9428,65855488,12.560398307221467,225.2922765167586,14334,129425408,24.684877827564616,460.98459334449564,23762,195280896,37.24527613478608,367.46943624274047,7983,51249152,9.774580396812725,217.79569071777524,6211,25440256,4.852135457529079,413.64198776364515,14194,76689408,14.626715854341803,303.49396822601096,1445,14606336,2.785817910408742,266.7076705882353,1411,5779456,1.1022964306188263,416.87806732813607,2856,20385792,3.8881143410275683,340.89899754901955,0,0,0,0,6712,98205696,18.73044593941671,514.0655277115613,6712,98205696,18.73044593941671,514.0655277115613,
15,4775.865946325345,9365,64110592,12.227269748944686,149.9323298451682,14516,129683456,24.733426240821473,233.9128437586112,23881,193794048,36.96069598976616,200.97965365771952,7931,50135040,9.56183118624348,143.25391917790947,6387,26161152,4.9894947538020515,225.1276168780335,14318,76296192,14.551325940045531,179.77629012431902,1434,13975552,2.6654385627012056,186.8685048814505,1429,5853184,1.1163281670867593,230.51542477256822,2863,19828736,3.781766729787965,208.65385190359763,0,0,0,0,6700,97669120,18.627603319932664,243.01227,6700,97669120,18.627603319932664,243.01227,
20,4744.8097141512235,9301,64987136,12.394815418322464,193.62712719062466,14424,131047424,24.99431012818662,381.02023162784246,23725,196034560,37.389125546509085,307.5558158482614,7878,51015680,9.730078534930435,150.17694110180247,6232,25526272,4.8685547514802465,320.255496309371,14110,76541952,14.598633286410681,225.2959741318214,1423,13971456,2.6647368833920284,434.17566268446944,1466,6004736,1.1452665702294675,282.6891070941337,2889,19976192,3.810003453621496,357.30501869158877,0,0,0,0,6726,99516416,18.980488806476906,458.75428739220933,6726,99516416,18.980488806476906,458.75428739220933,
25,4733.590331296583,9350,64569344,12.31507951833083,165.8881014973262,14319,128385024,24.486415403613393,251.64815797192543,23669,192954368,36.801494921944226,217.77023630064642,7950,50159616,9.566763751679735,144.67198012578615,6332,25935872,4.94665589381317,243.42312965887555,14282,76095488,14.513419645492906,188.45382292396022,1400,14409728,2.748315766651095,286.3653621428572,1440,5898240,1.1249501716820856,237.2458388888889,2840,20307968,3.8732659383331804,261.4596883802817,0,0,0,0,6547,96550912,18.414809338118136,262.77084298151823,6547,96550912,18.414809338118136,262.77084298151823,
30,4759.206294592763,9402,65085440,12.413557253323521,1874.3151816634759,14395,130428928,24.876331253466386,2031.7086224383468,23797,195514368,37.28988850678991,1969.5237617346725,8018,50941952,9.716010796701362,1770.316406460464,6114,25042944,4.7763680960868475,1934.7485562643112,14132,75984896,14.492378892788208,1841.4555349561278,1384,14143488,2.6975464566221596,2476.81675650289,1516,6209536,1.1843267964781912,2174.8891741424804,2900,20353024,3.881873253100351,2318.9815099999996,0,0,0,0,6765,99176448,18.91563636090135,2087.2521742793792,6765,99176448,18.91563636090135,2087.2521742793792,
35,4766.9930724579135,9406,64659456,12.332277175579451,147.57940835636828,14430,131436544,25.068443068995883,227.8665855855856,23836,196096000,37.40072024457533,196.1842064524249,7922,50270208,9.587865056118497,141.26693398131786,6231,25522176,4.867757448437575,217.7052325469427,14153,75792384,14.455622504556073,174.9196604960079,1484,14389248,2.7444121194609536,181.27713207547168,1471,6025216,1.149168866418179,230.16754112848403,2955,20414464,3.8935809858791326,205.61479424703893,0,0,0,0,6728,99889152,19.05151675414013,236.774237960761,6728,99889152,19.05151675414013,236.774237960761,
40,4742.463675858021,9363,65728512,12.535829739040897,229.2193983765887,14351,130674688,24.922451309567005,347.5046495017769,23714,196403200,37.4582810486079,300.80207691658933,7898,51077120,9.741496656436716,218.07092922258798,6101,24989696,4.76606825187814,333.0989087034912,13999,76066816,14.507564908314857,268.20206021858706,1465,14651392,2.794333082604181,289.3222034129693,1528,6258688,1.1936653481183082,374.90284620418845,2993,20910080,3.987998430722489,333.01322318743735,0,0,0,0,6722,99426304,18.96271770957056,354.3515670931271,6722,99426304,18.96271770957056,354.3515670931271,
45,4725.969890215313,9274,65732608,12.535828608000358,133.46334343325427,14359,131600384,25.097435029065522,219.29852420084964,23633,197332992,37.63326363706588,185.61530723987644,7870,50909184,9.708861775226598,128.39500965692503,6300,25804800,4.921218857826661,211.19292285714286,14170,76713984,14.63008063305326,165.2070670430487,1404,14823424,2.82696683277376,161.873448005698,1458,5971968,1.1389106499541701,214.7130082304527,2862,20795392,3.96587748272793,188.79171453529,0,0,0,0,6601,99823616,19.03730552128469,228.04734570519616,6601,99823616,19.03730552128469,228.04734570519616,
50,4756.752602248507,9385,63627264,12.13530634514405,246.67299019712306,14400,130965504,24.97838837901608,3922.3907191666667,23785,194592768,37.11369472416013,2472.03919987387,7938,49254400,9.39404266771966,252.99275459813555,6315,25866240,4.933337168120553,861.5657190815518,14253,75120640,14.327379835840214,522.6299026169929,1447,14372864,2.7412636774243895,212.0038196268141,1435,5877760,1.1210354451707036,490.1646466898955,2882,20250624,3.8622991225950933,350.5051335877863,0,0,0,0,6650,99221504,18.924015765724825,7569.662040902256,6650,99221504,18.924015765724825,7569.662040902256,
55,4735.127233122718,9362,65839104,12.556028539465112,386.9846186712241,14317,131940352,25.162049975939418,342.36089613745895,23679,197779456,37.71807851540453,360.00384095612145,7868,50544640,9.639255454585012,138.795395526182,6271,25686016,4.898522767885139,259.08056322755544,14139,76230656,14.537778222470152,192.14487474361692,1494,15294464,2.9167730848801003,1694.048077643909,1463,5992448,1.1428063800695196,922.0207689678742,2957,21286912,4.0595794649496195,1312.0812353736897,0,0,0,0,6583,100261888,19.12072082798476,292.87108506759836,6583,100261888,19.12072082798476,292.87108506759836,
60,4712.7815059448285,9389,66162688,12.61841073765018,137.7300383427415,14177,130846720,24.95481526739522,204.48568159695282,23566,197009408,37.5732260050454,177.8893676483069,7905,50774016,9.683515105795308,124.36205085388994,6212,25444352,4.852694081736081,195.17268705730845,14117,76218368,14.536209187531389,155.5213390947085,1484,15388672,2.9348956318548707,208.9388935309973,1395,5713920,1.0897469806860645,215.57566666666665,2879,21102592,4.024642612540935,212.15469711705455,0,0,0,0,6570,99688448,19.012374204973074,210.93648721461187,6570,99688448,19.012374204973074,210.93648721461187,
65,4736.736490440117,9358,65695744,12.529242710977911,131.57503163069032,14328,132276224,25.22721891067527,201.8216031546622,23686,197971968,37.75646162165318,174.0681869458752,7956,50585600,9.647493452246225,125.6339714680744,6239,25554944,4.873741833891838,190.68850440775765,14195,76140544,14.521235286138063,154.2268021134202,1402,15110144,2.881749258731686,165.2890649072753,1477,6049792,1.1537933464751153,202.89527420446854,2879,21159936,4.0355426052068015,184.5820038207711,0,0,0,0,6612,100671488,19.199683730308315,212.0868165456745,6612,100671488,19.199683730308315,212.0868165456745,
70,4759.446995201777,9291,65069056,12.410538530971522,135.37972285006995,14507,129667072,24.731236200111134,210.2213588612394,23798,194736128,37.141774731082656,181.00236398016642,7809,49025024,9.350480654488113,129.08571699321297,6323,25899008,4.93968495098407,203.52174885339238,14132,74924032,14.29016560547218,162.39020534956128,1482,16044032,3.06005787648341,168.54429217273955,1493,6115328,1.1663687540438425,206.24773007367716,2975,22159360,4.226426630527253,187.4657149579832,0,0,0,0,6691,97652736,18.625182495083223,217.4391531908534,6691,97652736,18.625182495083223,217.4391531908534,
75,4774.830169795487,9506,65069056,12.410496085957314,210.2458928045445,14369,131174400,25.0186413919667,258.8056884264737,23875,196243456,37.429137477924016,239.47126257591623,7993,50855936,9.699655004610728,131.40505817590392,6250,25600000,4.882638835278435,207.54609616,14243,76455936,14.58229383988916,164.81666299234712,1513,14213120,2.710841081346587,626.7526946463978,1463,5992448,1.1429280985619759,643.6887799043062,2976,20205568,3.853769179908563,635.0784650537635,0,0,0,0,6656,99581952,18.993074458126287,222.34061763822115,6656,99581952,18.993074458126287,222.34061763822115,
80,4739.7756701130465,9351,63819776,12.171053061851218,141.15844476526573,14351,131141632,25.009986899511613,296.5264929273222,23702,194961408,37.181039961362835,235.23012053835117,7905,49573888,9.454223426454355,135.5721156230234,6161,25235456,4.812647321357124,280.9353431261159,14066,74809344,14.26687074781148,199.2421600312811,1446,14245888,2.716829635396864,171.69781673582298,1445,5918720,1.1287575684728202,284.16093010380627,2891,20164608,3.8455872038696843,227.9099228640609,0,0,0,0,6745,99987456,19.06858200968167,313.41682831727206,6745,99987456,19.06858200968167,313.41682831727206,
85,4771.456870222091,9541,66195456,12.624873357482244,155.1028327219369,14318,128962560,24.595887485943223,251.33151061600782,23859,195158016,37.22076084342547,212.85052583930593,8039,50323456,9.597747297198616,134.06284687150142,6375,26112000,4.980110615305321,236.59880047058823,14414,76435456,14.577857912503937,179.4122782711253,1502,15872000,3.027126060283627,267.7129833555259,1405,5754880,1.0975773199221923,287.61942704626335,2907,21626880,4.124703380205819,277.33408875129,0,0,0,0,6538,97095680,18.51819955071571,257.89873371061486,6538,97095680,18.51819955071571,257.89873371061486,
90,4736.796074451548,9307,66404352,12.664545043585955,135.3384936069625,14379,131584000,25.09551625494688,215.80461687182697,23686,197988352,37.76006129853283,184.18685915730813,7844,51359744,9.795258469129305,127.13364711881692,6234,25534464,4.869897224384088,206.75348893166506,14078,76894208,14.665155693513393,162.39079258417388,1463,15044608,2.86928657445665,179.32948188653452,1389,5689344,1.0850637222761468,210.8967487401008,2852,20733952,3.954350296732797,194.70358204768584,0,0,0,0,6756,100360192,19.140555308286643,225.16544582593252,6756,100360192,19.140555308286643,225.16544582593252,
95,4774.114708453252,9465,66568192,12.696116305481816,161.45535203380877,14407,129654784,24.72820979163927,250.04996446172,23872,196222976,37.42432609712108,214.92312102044238,7998,51388416,9.800976813227594,159.05113028257063,6245,25579520,4.878614713741936,238.41712457966375,14243,76967936,14.67959152696953,193.8500233799059,1467,15179776,2.8951394922542217,174.5630313565099,1463,5992448,1.1429004525547561,245.82626862611073,2930,21172224,4.038039944808978,210.14600614334472,0,0,0,0,6699,98082816,18.70669462534258,261.8168478877444,6699,98082816,18.70669462534258,261.8168478877444,
100,4714.321157914213,9326,64692224,12.33780932649865,169.41802133819428,14248,127852544,24.38346082799347,220.93158499438516,23574,192544768,36.721270154492125,200.55254475269365,7894,50466816,9.6248036413695,129.21929668102356,6199,25391104,4.842476890905733,210.4214182932731,14093,75857920,14.467280532275232,164.93716738806498,1432,14225408,2.713005685129151,391.01629818435754,1447,5926912,1.130353937915889,237.01454872149276,2879,20152320,3.84335962304504,313.61423792983675,0,0,0,0,6602,96534528,18.41062999917185,227.27518918509543,6602,96534528,18.41062999917185,227.27518918509543,
105,4736.726272855563,9367,64221184,12.249028093877719,136.49744603394896,14317,128507904,24.510555993195965,214.2898013550325,23684,192729088,36.759584087073684,183.52299708664077,7893,49254400,9.394385026397064,129.82664791587482,6299,25800704,4.921017154367992,206.89982219399906,14192,75055104,14.315402180765057,164.03492897406989,1474,14966784,2.8546430674806547,172.21834803256445,1438,5890048,1.1234200139674826,207.75320792767735,2912,20856832,3.9780630814481373,189.76612568681318,0,0,0,0,6580,96817152,18.46611882486049,222.79270410334345,6580,96817152,18.46611882486049,222.79270410334345,
110,4762.518542774152,9393,62959616,12.00788410326211,195.02974480996488,14421,131256320,25.033676799755018,280.22436218015395,23814,194215936,37.04156090301713,246.62089191232047,7898,48324608,9.216642811156488,128.77606596606736,6185,25333760,4.83174570155983,211.93080727566695,14083,73658368,14.04838851271632,165.29613093801038,1495,14635008,2.7912412921056227,545.0441632107023,1456,5963776,1.1374327795426213,811.729114010989,2951,20598784,3.928674071648244,676.6244032531346,0,0,0,0,6780,99958784,19.064498318652564,228.38435014749263,6780,99958784,19.064498318652564,228.38435014749263,
115,4783.098235775914,9431,65753088,12.540090749336068,139.8962067649242,14487,130482176,24.88488948550737,207.9428183889004,23918,196235264,37.42498023484344,181.11166217911196,7973,51245056,9.77319350681764,120.65638580208203,6354,26025984,4.963541806595738,200.32997670758576,14327,77271040,14.736735313413377,155.9914871222168,1458,14508032,2.76689724251843,245.10820438957475,1431,5861376,1.1178514833551307,202.94514116002793,2889,20369408,3.8847487258735605,224.22369643475253,0,0,0,0,6702,98594816,18.8034961955565,216.2274606087735,6702,98594816,18.8034961955565,216.2274606087735,
120,4767.759949961383,9375,64602112,12.321254642078529,131.64378730666667,14465,129798144,24.755784830891866,233.25954365710334,23840,194400256,37.07703947297039,193.29948846476512,8000,49954816,9.52764529639803,128.672254125,6247,25587712,4.880223037602369,227.39788554506163,14247,75542528,14.4078683340004,171.9612987997473,1375,14647296,2.793609345680498,148.93270763636363,1464,5996544,1.1436924166879892,219.02515300546446,2839,20643840,3.9373017623684876,185.077596688975,0,0,0,0,6754,98213888,18.731869376601505,241.76663962096535,6754,98213888,18.731869376601505,241.76663962096535,
125,4797.868552795259,9551,65327104,12.4598148884515,124.25794482253167,14439,129716224,24.74072842826325,201.67732897015028,23990,195043328,37.20054331671475,170.85479716548562,8124,51388416,9.801293973948995,118.52066248153619,6207,25423872,4.849085899593609,193.04315659739004,14331,76812288,14.650379873542605,150.7976229851371,1427,13938688,2.6585209145025055,156.92065101611774,1418,5808128,1.1077821500924339,194.97212059238365,2845,19746816,3.7663030645949394,175.88619894551846,0,0,0,0,6814,98484224,18.783860378577206,210.937718373936,6814,98484224,18.783860378577206,210.937718373936,
130,4754.441722733273,9342,65277952,12.450366772310003,145.46630700064227,14431,127279104,24.27575435042737,209.2615222784284,23773,192557056,36.726121122737375,184.19211996803094,7935,50679808,9.66608446218182,125.9447513547574,6276,25706496,4.9029617784412105,200.44705959209685,14211,76386304,14.569046240623031,158.84718513827318,1407,14598144,2.784282310128183,255.5612210376688,1518,6217728,1.1858980209805223,206.15898221343872,2925,20815872,3.970180331108705,229.92272581196582,0,0,0,0,6637,95354880,18.18689455100564,218.30615443724574,6637,95354880,18.18689455100564,218.30615443724574,
135,4765.139405962223,9400,66297856,12.644620996024818,134.05918734042552,14427,130400256,24.870514891229835,223.20960975947875,23827,196698112,37.51513588725465,188.03883833466236,7905,50692096,9.668221268182574,129.3728762808349,6245,25579520,4.878639448917274,214.7379356285028,14150,76271616,14.546860717099849,167.04812685512368,1495,15605760,2.9763997278422436,158.83864481605352,1451,5943296,1.133531759868529,218.00351757408686,2946,21549056,4.109931487710773,187.97925254582486,0,0,0,0,6731,98877440,18.858343682444033,232.19187758134007,6731,98877440,18.858343682444033,232.19187758134007,
140,4703.714855161023,9251,64114688,12.228164963966087,172.7252260296184,14269,129376256,24.675066667848515,255.37840640549445,23520,193490944,36.903231631814606,222.86885829081635,7788,48746496,9.297092649087102,152.63808204930663,6119,25063424,4.780178969814635,241.44066530478835,13907,73809920,14.077271618901737,191.71070784497016,1463,15368192,2.9310723148789855,279.65528571428575,1467,6008832,1.1460242766331215,297.9947048398092,2930,21377024,4.077096591512107,288.83751365187715,0,0,0,0,6683,98304000,18.74886342140076,258.78509920694296,6683,98304000,18.74886342140076,258.78509920694296,
145,4768.070947244679,9433,65077248,12.411122894072594,138.18703254531962,14410,130904064,24.96519867646438,221.50457029840388,23843,195981312,37.37632157053697,188.54167411818983,7938,51027968,9.731732692242975,129.94417107583774,6237,25546752,4.872115652714676,211.15757864357866,14175,76574720,14.603848344957651,165.67807040564375,1495,14049280,2.67939020182962,181.95414581939798,1514,6201344,1.182681272760946,218.8869141347424,3009,20250624,3.8620714745905658,200.53713393153873,0,0,0,0,6659,99155968,18.910401750988758,231.79099744706411,6659,99155968,18.910401750988758,231.79099744706411,
150,4771.562006893158,9267,64348160,12.27282536338022,145.48030560051797,14592,131710976,25.120622048685828,205.81143558114033,23859,196059136,37.393447412066045,182.37840898612683,7797,49172480,9.378438477872663,123.8960918301911,6346,25993216,4.95756522953602,195.72738402143082,14143,75165696,14.336003707408684,156.1269749699498,1470,15175680,2.8943868855075565,259.964737414966,1507,6172672,1.1772850300836404,205.2713105507631,2977,21348352,4.071671915591197,232.2781420893517,0,0,0,0,6739,99545088,18.985771789066167,215.4281976554385,6739,99545088,18.985771789066167,215.4281976554385,
155,4742.572712220405,9352,64872448,12.372322800730482,154.45799304961506,14363,128675840,24.54075772098422,234.78998934762933,23715,193548288,36.913080521714704,203.11110132827324,7882,50028544,9.541327862616624,152.00875310834815,6314,25862144,4.932368112376074,226.12701457079507,14196,75890688,14.4736959749927,184.974567624683,1470,14843904,2.830994938113857,167.5905843537415,1363,5582848,1.0647478202674356,227.2110608950844,2833,20426752,3.8957427583812927,196.27491528415106,0,0,0,0,6686,97230848,18.54364178834071,244.5159992521687,6686,97230848,18.54364178834071,244.5159992521687,
160,4758.034222474835,9341,67444736,12.863614311095619,127.74854929879028,14450,127401984,24.299153378617646,207.9104029065744,23791,194846720,37.16276768971326,176.43665760161406,7940,52023296,9.92231054082506,121.77783236775818,6330,25927680,4.945140203403089,200.496185150079,14270,77950976,14.867450744228151,156.69634484933428,1401,15421440,2.941303770270558,161.5868736616702,1495,6123520,1.1679280575177913,204.68788829431438,2896,21544960,4.109231827788349,183.83687948895027,0,0,0,0,6625,95350784,18.186085117696763,215.72167199999998,6625,95350784,18.186085117696763,215.72167199999998,
165,4761.053393408538,9418,66117632,12.610019485537444,125.5604452112975,14389,129728512,24.74194877623231,203.55813524219892,23807,195846144,37.351968261769755,172.7024102574873,7913,51249152,9.774288427892733,120.33945077720207,6266,25665536,4.894956145234644,194.8672740185126,14179,76914688,14.669244573127378,153.27487220537415,1505,14868480,2.835731057644711,153.01142790697676,1431,5861376,1.1178873673525016,203.86882669461914,2936,20729856,3.9536184249972126,177.79921321525885,0,0,0,0,6692,98201600,18.729105263645163,211.62931530185298,6692,98201600,18.729105263645163,211.62931530185298,
170,4786.7999826053665,9471,64614400,12.323703801571911,143.89306197867174,14464,131076096,24.999736631004925,220.64459928097347,23935,195690496,37.32344043257684,190.27427090035513,8019,48803840,9.30820480480059,139.83146439705698,6186,25337856,4.832610568400877,211.58658826382154,14205,74141696,14.140815373201468,171.0794190777895,1452,15810560,3.01549899677132,166.32415771349864,1459,5976064,1.139796123391025,214.19955654557916,2911,21786624,4.155295120162345,190.3194194434902,0,0,0,0,6819,99762176,19.027329939213026,230.24075318961724,6819,99762176,19.027329939213026,230.24075318961724,
175,4692.532782342487,9228,63651840,12.139416324446358,133.41384200260077,14237,129736704,24.74284894855302,209.27538210297115,23465,193388544,36.882265272999376,179.44157464308546,7838,48844800,9.31547874318036,127.5788808369482,6154,25206784,4.807333852036222,199.11064803379918,13992,74051584,14.122812595216583,159.0401798170383,1390,14807040,2.823937581265996,166.31630647482015,1471,6025216,1.149104338047657,213.6972005438477,2861,20832256,3.9730419193136535,190.6774722125131,0,0,0,0,6612,98504704,18.78641075846914,217.7522844827586,6612,98504704,18.78641075846914,217.7522844827586,
180,4774.373467437466,9502,65966080,12.581434291138327,158.29877604714795,14371,132132864,25.201148016009395,224.20777837311252,23873,198098944,37.78258230714772,197.97448804088302,8033,51171328,9.759693175982063,125.21005340470559,6175,25292800,4.823989863258563,202.72107222672065,14208,76464128,14.583683039240626,158.897450731982,1469,14794752,2.8217411151562644,339.2393539823009,1530,6266880,1.195255787981474,348.38266013071893,2999,21061632,4.016996903137739,343.90399499833273,0,0,0,0,6666,100573184,19.181902364769357,215.61084488448844,6666,100573184,19.181902364769357,215.61084488448844,
185,4734.770779330077,9366,66031616,12.59392155055111,124.03885191116805,14309,129421312,24.68396124513141,202.1364154028933,23675,195452928,37.27788279568252,171.24045850052798,7963,50184192,9.571411626906036,115.59523169659676,6283,25735168,4.908356125681572,187.85606955276143,14246,75919360,14.479767752587609,147.46486838410783,1403,15847424,3.0225099236450745,171.9622644333571,1443,5910528,1.1272891754509802,198.87922176022175,2846,21757952,4.149799099096055,185.60989950808153,0,0,0,0,6583,97775616,18.648315943998856,216.47995837763938,6583,97775616,18.648315943998856,216.47995837763938,
190,4756.924993603655,9414,64897024,12.377409439680955,141.68058710431274,14372,130457600,24.881374062978946,218.62804473977178,23786,195354624,37.2587835026599,188.17385462036492,7992,51126272,9.750998777208892,131.2804801051051,6209,25432064,4.850500833815896,208.71161974553067,14201,76558336,14.601499611024787,165.13513442715302,1422,13770752,2.6264106624720633,200.13182137834036,1453,5951488,1.135090628367611,212.07941569167238,2875,19722240,3.761501290839674,206.1700316521739,0,0,0,0,6710,99074048,18.89578260079544,229.22211937406854,6710,99074048,18.89578260079544,229.22211937406854,
195,4742.803172719771,9426,64737280,12.347143841061166,139.922095162317,14289,127881216,24.390394043769103,220.47415781370285,23715,192618496,36.73753788483027,188.4571330381615,7935,49733632,9.485543848033197,130.5441936988028,6329,25923584,4.944326059479666,208.40329293727288,14264,75657216,14.429869907512863,165.09062100392597,1491,15003648,2.861599993027969,189.83064520456068,1388,5685248,1.0843300000881302,219.55947694524497,2879,20688896,3.9459299931160996,204.16326710663424,0,0,0,0,6572,96272384,18.36173798420131,232.29188161898966,6572,96272384,18.36173798420131,232.29188161898966,
200,4708.566961720504,9329,64921600,12.382199675220795,175.9458145567585,14215,131133440,25.010480921274052,226.96012247625748,23544,196055040,37.39268059649485,206.74637466021065,7870,50597888,9.65030363331246,133.68971893265564,6091,24948736,4.758358247430275,215.88594516499754,13961,75546624,14.408661880742734,169.55084736050426,1459,14323712,2.7318960419083353,403.8796545579164,1436,5881856,1.1218194784616442,256.16101044568245,2895,20205568,3.8537155203699798,330.6071250431779,0,0,0,0,6688,100302848,19.130303195382133,230.77596261961725,6688,100302848,19.130303195382133,230.77596261961725,
205,4716.181212580604,9229,63868928,12.181466142040497,135.2263428323762,14353,126545920,24.135599080250188,209.68521883926707,23582,190414848,36.31706522229069,180.54515579679418,7792,49278976,9.398782732949991,128.60378028747434,6243,25571328,4.877117496617638,202.8926882908858,14035,74850304,14.275900229567629,161.64871457071607,1437,14589952,2.7826834090905055,171.13657759220598,1463,5992448,1.1429157292249885,207.06374777853725,2900,20582400,3.9255991383154942,189.2612155172414,0,0,0,0,6647,94982144,18.11556585440756,216.64188806980593,6647,94982144,18.11556585440756,216.64188806980593,
210,4748.742153824232,9344,65662976,12.523011353878724,129.57373726455478,14402,130826240,24.950719396349974,202.84760269407025,23746,196489216,37.4737307502287,174.01449402004548,7883,51634176,9.847488062316462,124.00354864899151,6164,25247744,4.815160750128404,196.47616904607398,14047,76881920,14.662648812444866,155.80544457891367,1461,14028800,2.6755232915622624,159.62835523613964,1501,6148096,1.1725432001853886,197.00123517654896,2962,20176896,3.848066491747651,178.56714415935178,0,0,0,0,6737,99430400,18.96301544603618,209.97969630399288,6737,99430400,18.96301544603618,209.97969630399288,
215,4731.03255267245,9274,62976000,12.011293629480054,130.20973474229027,14382,130478080,24.885837955582904,206.06071144486162,23656,193454080,36.89713158506296,176.3244095366926,7859,48881664,9.323107523526177,122.95935360732918,6313,25858048,4.931856694823257,197.4377907492476,14172,74739712,14.254964218349436,156.1362075218741,1415,14094336,2.6881861059538776,170.47881272084805,1401,5738496,1.0944925121887192,203.0785431834404,2816,19832832,3.782678618142597,186.6976416903409,0,0,0,0,6668,98881536,18.85948874857093,214.85113077384526,6668,98881536,18.85948874857093,214.85113077384526,
220,4767.393468887099,9327,66134016,12.613516062302557,131.84146402916267,14511,131497984,25.080163487189473,219.4699931775894,23838,197632000,37.69367954949203,185.1839250776072,7900,50757632,9.680830610928606,126.19592670886075,6268,25673728,4.896662868729867,210.95916544352266,14168,76431360,14.577493479658473,163.69564299830606,1427,15376384,2.93268545137395,163.09566503153468,1501,6148096,1.1726054508557002,239.62789207195203,2928,21524480,4.10529090222965,202.32888661202185,0,0,0,0,6742,99676160,19.01089516760391,222.89462414713734,6742,99676160,19.01089516760391,222.89462414713734,
225,4690.559653847113,9244,63565824,12.12359753201302,134.0623464950238,14210,131047424,24.994031795813168,208.44798691062633,23454,194613248,37.11762932782619,179.13013665046472,7787,49483776,9.437797653473117,125.43231847951714,6166,25255936,4.816940678032881,199.1425269218294,13953,74739712,14.254738331505997,158.00575395972191,1457,14082048,2.6857998785399038,180.18590734385725,1466,6004736,1.1452538167363289,208.91954365620737,2923,20086784,3.8310536952762324,194.5969613410879,0,0,0,0,6578,99786752,19.03183730104396,217.06552477956825,6578,99786752,19.03183730104396,217.06552477956825,
230,4765.095857972991,9445,66682880,12.716870817825754,142.5130387506617,14384,130404352,24.868981340732095,215.9982944938821,23829,197087232,37.58585215855785,186.8712543119728,7956,51507200,9.822767231827939,129.5121791101056,6122,25075712,4.78210584439369,209.60425481868668,14078,76582912,14.60487307622163,164.34125195340246,1489,15175680,2.8941035859978146,211.97901544660846,1434,5873664,1.120146974985389,214.6866150627615,2923,21049344,4.0142505609832035,213.30734177215191,0,0,0,0,6828,99454976,18.96672852135302,222.00668043350908,6828,99454976,18.96672852135302,222.00668043350908,
235,4715.67058203823,9276,64790528,12.356425271318924,139.76958969383355,14305,132837376,25.33387457163637,220.12621286263544,23581,197627904,37.69029984295529,188.5165255502311,7839,50479104,9.627044192927958,134.006232172471,6192,25362432,4.83695696548279,212.36144654392766,14031,75841536,14.464001158410747,168.58505673152305,1437,14311424,2.7293810783909676,171.20936673625607,1459,5976064,1.1397157966148888,219.99322481151472,2896,20287488,3.8690968750058565,195.78659357734807,0,0,0,0,6654,101498880,19.357201809538687,227.3810163811241,6654,101498880,19.357201809538687,227.3810163811241,
240,4750.768965354446,9425,65892352,12.567357586833195,130.20173612732094,14330,131592192,25.097998209249088,207.59053105373343,23755,197484544,37.66535579608228,176.88586289202274,7954,50552832,9.641718613582103,123.51708259994972,6104,25001984,4.768518102196173,199.6042267365662,14058,75554816,14.410236715778275,156.55420934699103,1471,15339520,2.925638973251092,166.34703467029232,1468,6012928,1.1468192290340729,205.5130871934605,2939,21352448,4.072458202285165,185.91007145287512,0,0,0,0,6758,100577280,19.182660878018844,215.255237940219,6758,100577280,19.182660878018844,215.255237940219,
245,4723.715660659523,9188,64593920,12.319570935747095,154.58473269481934,14432,129400832,24.679764426260128,215.05056215354767,23620,193994752,36.99933536200722,191.5298152836579,7707,48427008,9.236162788417115,129.48109238354743,6283,25735168,4.908298299892136,206.09319624383255,13990,74162176,14.144461088309251,163.88808656182988,1481,16166912,3.0834081473299797,285.2219750168805,1447,5926912,1.1304007066598634,214.17366482377332,2928,22093824,4.2138088539898435,250.11032718579236,0,0,0,0,6702,97738752,18.641065419708127,223.63725276037002,6702,97738752,18.641065419708127,223.63725276037002,
250,4752.595010121504,9437,66768896,12.734606978384885,134.1681063897425,14327,128897024,24.584095883859515,210.62458777134083,23764,195665920,37.3187028622444,180.26270362733547,7959,51417088,9.806608269410802,131.1570370649579,6188,25346048,4.8341664917640434,202.4340921137686,14147,76763136,14.640774761174844,162.33413585919277,1478,15351808,2.9279987089740844,150.38265358592693,1482,6070272,1.1577625631535735,202.55866666666665,2960,21422080,4.085761272127658,176.50591418918918,0,0,0,0,6657,97480704,18.5921668289419,220.03370331981372,6657,97480704,18.5921668289419,220.03370331981372,
255,4749.306703760601,9341,66125824,12.61119011351648,224.73974071298576,14408,131584000,25.095049702472554,311.56384848695166,23749,197709824,37.706239815989036,277.4140320434545,7884,51441664,9.810699742049893,219.06101141552512,6282,25731072,4.907302793180781,308.42100350206937,14166,77172736,14.718002535230674,258.68825060002825,1457,14684160,2.8004903714665867,255.46801921757034,1451,5943296,1.133476019246309,303.98951550654726,2908,20627456,3.933966390712896,279.67871079779917,0,0,0,0,6675,99909632,19.054270890045466,316.1681495131086,6675,99909632,19.054270890045466,316.1681495131086,
260,4716.15178112096,9229,63721472,12.153781987302205,338.6222093401235,14352,131473408,25.07630611483102,400.47739931716836,23581,195194880,37.23008810213322,376.2688607353378,7864,49766400,9.49209045096881,134.42085694303154,6267,25669632,4.896043691870085,213.9313625339078,14131,75436032,14.388134142838895,169.68321194536833,1365,13955072,2.661691536333394,1515.061356043956,1414,5791744,1.104676205569539,2014.3154851485149,2779,19746816,3.766367741902933,1769.089905361641,0,0,0,0,6671,100012032,19.075586217391397,233.65337880377754,6671,100012032,19.075586217391397,233.65337880377754,
265,4748.287263797079,9328,62963712,12.008078326874797,142.51942442109777,14416,133578752,25.4753740824903,238.28859884850166,23744,196542464,37.4834524093651,200.6649946091644,7916,49532928,9.446636170107789,136.170883274381,6248,25591808,4.880722962940004,228.82224279769528,14164,75124736,14.327359133047791,177.04109608867552,1412,13430784,2.5614421567670087,178.11082082152976,1514,6201344,1.1826847896752826,236.73546631439893,2926,19632128,3.7441269464422913,208.44496753246753,0,0,0,0,6654,101785600,19.411966329875014,247.5307442140066,6654,101785600,19.411966329875014,247.5307442140066,
270,4733.258929881379,9360,65863680,12.561594834087128,147.8163317307692,14308,127082496,24.23731600263602,226.72033121330725,23668,192946176,36.798910836723145,195.51611306405275,7980,51183616,9.761796582509499,140.49740025062655,6286,25747456,4.910583652181074,217.82286382437164,14266,76931072,14.672380234690573,174.56916977428853,1380,14680064,2.799798251577628,190.13884855072465,1464,5996544,1.1436675893721115,227.11107035519123,2844,20676608,3.94346584094974,209.17096272855133,0,0,0,0,6558,95338496,18.183064761082832,235.16153857883504,6558,95338496,18.183064761082832,235.16153857883504,
275,4754.916026578135,9413,66408448,12.665117146249411,131.20030989057688,14364,127729664,24.3600205445409,250.65482651072122,23777,194138112,37.02513769079031,203.36436240905076,7928,50704384,9.670109489509743,125.57843251765894,6392,26181632,4.993241768878446,234.0561239048811,14320,76886016,14.663351258388188,173.99948023743016,1485,15704064,2.995007656739668,161.21394208754208,1453,5951488,1.1350407212422373,240.6663207157605,2938,21655552,4.130048377981906,200.5074431586113,0,0,0,0,6519,95596544,18.23173805442022,269.1564687835558,6519,95596544,18.23173805442022,269.1564687835558,
280,4753.735036316546,9358,63496192,12.110262498188876,952.917365035264,14412,128933888,24.590816857050022,8906.29230772967,23770,192430080,36.701079355238896,5775.13190748843,7852,48218112,9.196362413151816,1081.5170253438614,6262,25649152,4.891914834450957,2475.674338869371,14114,73867264,14.088277247602774,1700.0669117897123,1506,15278080,2.91390008503706,282.4229873837981,1494,6119424,1.167122446929053,561.8495669344043,3000,21397504,4.081022531966113,421.577424,0,0,0,0,6656,97165312,18.53177957567001,16829.238097355767,6656,97165312,18.53177957567001,16829.238097355767,
285,4765.076458932561,9388,64634880,12.327287996868673,129.35301256923734,14439,130736128,24.93424450469292,215.30724440750745,23827,195371008,37.2615325015616,181.44069265958785,7935,49266688,9.396237010540963,124.16070825456836,6217,25464832,4.856701487739705,208.53217500402124,14152,74731520,14.252938498280669,161.22525098925948,1453,15368192,2.9310509863277097,157.7087832071576,1495,6123520,1.1678894521748204,218.1722441471572,2948,21491712,4.09894043850253,188.37122354138398,0,0,0,0,6727,99147776,18.909653564778395,220.93195555225213,6727,99147776,18.909653564778395,220.93195555225213,
290,4764.927557643007,9430,64876544,12.37351127469525,133.62363085896075,14396,128884736,24.581407018723453,213.36091066963044,23826,193761280,36.95491829341871,181.8020023923445,7984,50630656,9.656479125355641,127.63069864729458,6318,25878528,4.935655296011402,204.83893890471668,14302,76509184,14.592134421367042,161.73793273668016,1446,14245888,2.71703214933961,166.71323720608575,1507,6172672,1.177276437336053,205.95799469143992,2953,20418560,3.894308586675663,186.7409546224179,0,0,0,0,6571,96833536,18.468475285375998,223.25255760158274,6571,96833536,18.468475285375998,223.25255760158274,
295,4766.34960093465,9271,64626688,12.325397804139259,137.11294337180453,14563,133206016,25.40463062418639,214.13024740781432,23834,197832704,37.73002842832565,184.17189271628766,7848,50831360,9.694396422193448,132.8892756116208,6259,25636864,4.8893817249402725,206.85215481706342,14107,76468224,14.583778147133721,165.7051585737577,1423,13795328,2.6310013819458122,160.4069311314125,1460,5980160,1.1405172261404055,207.53935,2883,19775488,3.7715186080862177,184.27558584807494,0,0,0,0,6844,101588992,19.37473167310571,222.19224210987727,6844,101588992,19.37473167310571,222.19224210987727,
300,4695.243456829234,9131,62873600,11.990766193714453,158.5482923009528,14348,129368064,24.672075535001778,216.84768622804572,23479,192241664,36.66284172871623,194.17500996635292,7680,48353280,9.221563186762157,118.45381666666667,6160,25231360,4.811929625620914,199.58009756493507,13840,73584640,14.033492812383072,154.5620457369942,1451,14520320,2.7692030069522957,370.76440041350793,1481,6066176,1.1568941194065867,290.42793247805537,2932,20586496,3.9260971263588824,330.18516814461117,0,0,0,0,6707,98070528,18.703251789974278,216.4594353660355,6707,98070528,18.703251789974278,216.4594353660355,
305,4768.49622458676,9387,65064960,12.408845297684374,140.0444153616704,14458,130342912,24.858311303929,222.81776165444737,23845,195407872,37.26715660161337,190.2325906898721,7952,50126848,9.559927526160616,134.36304338531187,6175,25292800,4.823709141529808,212.64038574898785,14127,75419648,14.383636667690423,168.5785590004955,1435,14938112,2.8489177715237592,171.52753031358884,1487,6090752,1.1615960313287166,221.4240981842636,2922,21028864,4.010513802852476,196.91979466119096,0,0,0,0,6796,98959360,18.873006131070476,232.37009741024133,6796,98959360,18.873006131070476,232.37009741024133,
310,4715.516973728134,9332,65875968,12.56408965082634,157.0974225246464,14247,126619648,24.149331802275363,273.36988762546497,23579,192495616,36.7134214531017,227.35204783917894,7839,50298880,9.593174215764936,149.39850363566782,6214,25452544,4.854396138172908,264.46650514966205,14053,75751424,14.447570353937843,200.27963659005195,1493,15577088,2.970915435061405,197.52061419959813,1411,5779456,1.102277591078528,283.2215201984408,2904,21356544,4.073193026139933,239.16110261707988,0,0,0,0,6622,95387648,18.192658073023928,279.62554530353367,6622,95387648,18.192658073023928,279.62554530353367,
315,4798.613879534184,9531,65433600,12.479464589881776,158.22923030112264,14464,131432448,25.06673300532873,238.2970564159292,23995,196866048,37.54619759521051,206.49349522817255,8035,49475584,9.435959485519998,144.7644940883634,6259,25636864,4.889450320379971,229.49689199552645,14294,75112448,14.32540980589997,181.86678025745067,1496,15958016,3.0435051043617776,230.54818449197862,1452,5947392,1.1342837298596768,235.89689393939395,2948,21905408,4.177788834221455,233.18262347354138,0,0,0,0,6753,99848192,19.04299895508908,246.9695375388716,6753,99848192,19.04299895508908,246.9695375388716,
320,4755.194019604343,9381,65454080,12.483309222495159,154.6962389937107,14397,130838528,24.95333832879617,285.98639292908246,23778,196292608,37.43664755129133,234.18923025485742,7912,49770496,9.492158345590655,148.37087803336703,6238,25550848,4.873021459945232,273.75300977877527,14150,75321344,14.365179805535886,203.64534713780918,1469,15683584,2.991150876904503,188.76448672566372,1497,6131712,1.1694314083901909,280.2005384101536,2966,21815296,4.160582285294694,234.91410552933246,0,0,0,0,6662,99155968,18.91088546046075,298.74131161813267,6662,99155968,18.91088546046075,298.74131161813267,
325,4715.746341890568,9341,63528960,12.116535756388277,136.0828665025158,14239,131780608,25.133804312719537,225.51747117072827,23580,195309568,37.250340069107814,190.08877557251907,7865,48898048,9.326060854917037,128.53460864589957,6086,24928256,4.754431761017347,217.58116447584618,13951,73826304,14.080492615934384,167.38037875421116,1476,14630912,2.7904749014712396,176.30444376693768,1478,6053888,1.154625393161952,226.30475575101488,2954,20684800,3.9451002946331917,201.3215260663507,0,0,0,0,6675,100798464,19.22474715854024,232.5791574531835,6675,100798464,19.22474715854024,232.5791574531835,
330,4785.717831139126,9343,65232896,12.441973876285333,125.83089243283742,14586,132243456,25.223004431103117,209.27973776223774,23929,197476352,37.66497830738845,176.6974082911948,7863,50724864,9.674833886972094,122.21168854126924,6353,26021888,4.963196033909376,201.31341177396504,14216,76746752,14.63802992088147,157.56152307259424,1480,14508032,2.767139989313239,145.0591358108108,1563,6402048,1.2210727846687162,207.57222392834294,3043,20910080,3.9882127739819557,177.16822444955636,0,0,0,0,6670,99819520,19.038735612525027,217.26758080959522,6670,99819520,19.038735612525027,217.26758080959522,
335,4719.01033055336,9119,64876544,12.373197040678283,229.78527316591732,14478,129880064,24.77061083167294,324.47985840585716,23597,194756608,37.143807872351225,287.8853793278807,7692,50065408,9.548430294097523,223.54435491419656,6446,26402816,5.035521694817364,311.19735153583616,14138,76468224,14.583951988914887,263.50836794454665,1427,14811136,2.824766746580761,263.4258780658725,1422,5824512,1.1108457725768368,301.5484317862166,2849,20635648,3.935612519157598,282.45370235170236,0,0,0,0,6610,97652736,18.62424336427874,342.3660199697428,6610,97652736,18.62424336427874,342.3660199697428,
340,4803.062510407935,9427,66383872,12.660301991309481,152.6584570913334,14591,132722688,25.312011194200107,229.07573243780413,24018,199106560,37.972313185509584,199.08215867266216,7985,50855936,9.698914637138182,139.2339072010019,6332,25935872,4.946321478927108,220.48121857233102,14317,76791808,14.64523611606529,175.16727142557798,1442,15527936,2.961387354171299,226.99620388349516,1473,6033408,1.1506524855432139,228.67152477936185,2915,21561344,4.112039839714512,227.84277255574614,0,0,0,0,6786,100753408,19.215037229729784,237.18299145299144,6786,100753408,19.215037229729784,237.18299145299144,
345,4767.9687143435385,9405,64507904,12.302793403283266,138.1622039340776,14437,129929216,24.779789799069686,223.20903477176697,23842,194437120,37.08258320235295,189.66044639711433,7966,50515968,9.634284782696838,133.5162432839568,6248,25591808,4.880808507442621,216.27046222791293,14214,76107776,14.51509329013946,169.89223596454198,1439,13991936,2.668508620586427,163.88126059763724,1525,6246400,1.1912984913332263,222.14147213114754,2964,20238336,3.859807111919653,193.85657186234818,0,0,0,0,6664,98091008,18.70768280029384,229.95876980792318,6664,98091008,18.70768280029384,229.95876980792318,
350,4713.627529311428,9232,64552960,12.312049504571037,558.4715577339688,14337,130535424,24.896745283069443,722.5369657529469,23569,195088384,37.20879478764048,658.2723874156732,7839,50077696,9.55121302302573,563.1866507207552,6215,25456640,4.855291095869861,718.6156625905069,14054,75534336,14.40650411889559,631.9209120535079,1393,14475264,2.7608364815453075,531.9377358219671,1467,6008832,1.1460518161932558,596.4661561008862,2860,20484096,3.9068882977385635,565.0367541958043,0,0,0,0,6655,99069952,18.895402371006327,753.989524267468,6655,99069952,18.895402371006327,753.989524267468,
355,4729.83683819299,9242,65388544,12.470390203014166,146.67353181129627,14410,133836800,25.52430467824404,230.41724122137404,23652,199225344,37.994694881258205,197.6944540419415,7795,49991680,9.53402107415359,138.54821706221938,6154,25206784,4.807240122109069,222.0792320441989,13949,75198464,14.341261196262657,175.40031156355295,1447,15396864,2.936369128860577,190.4446641326883,1530,6266880,1.1951701961044645,224.88807581699345,2977,21663744,4.131539324965042,208.14651830702047,0,0,0,0,6726,102363136,19.521894360030508,239.3039096045198,6726,102363136,19.521894360030508,239.3039096045198,
360,4677.360648229964,9119,64249856,12.254060430318034,136.96221318126987,14269,130367488,24.864352631401403,215.48001310533323,23388,194617344,37.11841306171944,184.86585979989738,7738,49741824,9.487014526697834,134.0693621090721,6201,25399296,4.844283356394373,208.1015679729076,13939,75141120,14.331297883092207,167.0038415237822,1381,14508032,2.7670459036202013,153.17139608979002,1511,6189056,1.1804083456719718,209.82964063534084,2892,20697088,3.947454249292173,182.77395746887967,0,0,0,0,6557,98779136,18.839660929335057,223.7599354887906,6557,98779136,18.839660929335057,223.7599354887906,
365,4739.825932937372,9294,63729664,12.15450951610899,220.7621214762212,14407,130904064,24.965998433403637,248.24986763378914,23701,194633728,37.12050794951263,237.47095059280198,7864,49270784,9.396914645496178,142.17393540183113,6326,25911296,4.941797493341825,220.04210354094212,14190,75182080,14.338712138838003,176.88810253699788,1430,14458880,2.7575948706128113,652.9421881118881,1467,6008832,1.1460033074189786,407.0858234492161,2897,20467712,3.90359817803179,528.4439875733517,0,0,0,0,6614,98983936,18.87819763264283,239.9991824916843,6614,98983936,18.87819763264283,239.9991824916843,
370,4694.454178338498,9285,63815680,12.170978412704251,142.76067679052235,14189,124837888,23.809183572682937,234.42239467192894,23474,188653568,35.980161985387184,198.16615157195196,7885,50163712,9.567263967932538,136.14487076727966,6159,25227264,4.811364316036295,227.82460691670727,14044,75390976,14.378628283968833,176.35104386214755,1400,13651968,2.6037144447717115,180.02184142857143,1432,5865472,1.1186675922331506,234.58004469273743,2832,19517440,3.7223820370048624,207.60918149717514,0,0,0,0,6598,93745152,17.87915166441349,240.54698090330405,6598,93745152,17.87915166441349,240.54698090330405,
375,4775.730374679944,9456,64933888,12.38445705575422,197.79954737732655,14424,129769472,24.75016517002493,351.91203646699944,23880,194703360,37.13462222577915,290.88658852596313,8015,50176000,9.569772215542118,136.67679713038052,6238,25550848,4.87316237392259,220.4934842898365,14253,75726848,14.44293458946471,173.36019673051285,1441,14757888,2.8146848402121023,537.7709861207495,1493,6115328,1.1663404014534189,1417.9885713328867,2934,20873216,3.981025241665521,985.6799345603272,0,0,0,0,6693,98103296,18.71066239464892,236.58806544150605,6693,98103296,18.71066239464892,236.58806544150605,
380,4752.164038270133,9367,65732608,12.535294893711715,154.52338464823316,14398,129527808,24.701123530897657,220.75295909154048,23765,195260416,37.23641842460937,194.64850195665898,7869,49516544,9.442870137716907,135.83892298894395,6307,25833472,4.926477124541362,212.81018249563976,14176,75350016,14.36934726225827,170.08396628103839,1498,16216064,3.0924247559948084,252.6729365821095,1423,5828608,1.1115232199496368,219.78322276879834,2921,22044672,4.203947975944445,236.65032009585758,0,0,0,0,6668,97865728,18.663123186406658,228.47266916616678,6668,97865728,18.663123186406658,228.47266916616678,
385,4748.129611346038,9334,65114112,12.418300991273737,138.33033158345833,14409,128393216,24.486636652982735,221.38763758761883,23743,193507328,36.90493764425647,188.73561828749524,7921,50200576,9.574051515949607,131.4230439338467,6199,25391104,4.84248901332993,210.13690530730764,14120,75591680,14.416540529279539,165.98021296033994,1413,14913536,2.844249475324129,177.0512271762208,1514,6201344,1.1826953325022607,217.00656274768824,2927,21114880,4.026944807826389,197.71825076870516,0,0,0,0,6696,96800768,18.461452307150545,232.7938856033453,6696,96800768,18.461452307150545,232.7938856033453,
390,4705.542234234989,9345,65601536,12.510219532097846,145.67007918673087,14187,129089536,24.61738753581392,243.83707725382394,23532,194691072,37.12760706791177,204.85311511983681,7911,50307072,9.593563704621987,138.19978460371635,6067,24850432,4.738979888938414,233.44090934564034,13978,75157504,14.3325435935604,179.53816661897267,1434,15294464,2.916655827475859,186.88172524407253,1426,5840896,1.1138594563418787,245.47790532959326,2860,21135360,4.030515283817738,216.09786258741258,0,0,0,0,6694,98398208,18.764548190533628,252.90993800418286,6694,98398208,18.764548190533628,252.90993800418286,
395,4724.131688427954,9180,63115264,12.036578464132468,203.91050947712418,14444,131891200,25.15269170907038,240.93228427028524,23624,195006464,37.18927017320285,226.54607141043007,7765,48414720,9.233068819913413,126.13440399227302,6311,25849856,4.92977134707898,201.61643543020125,14076,74264576,14.162840166992392,159.97690899403239,1415,14700544,2.8035096442190555,630.7171943462897,1392,5701632,1.087346175746148,499.6245308908046,2807,20402176,3.8908558199652035,565.7079362308515,0,0,0,0,6741,100339712,19.13557418624525,224.3209083222074,6741,100339712,19.13557418624525,224.3209083222074,
400,4734.47565278456,9243,65011712,12.399674332473397,264.99505788164015,14430,132284416,25.230587338808018,270.24421101871104,23673,197296128,37.63026167128142,268.19470641659274,7773,49434624,9.428658613824435,129.3337176122475,6200,25395200,4.843622786122421,205.0704985483871,13973,74829824,14.272281399946857,162.93910241179418,1470,15577088,2.9710157186489625,982.3390020408164,1446,5922816,1.1296578304408098,762.7474107883817,2916,21499904,4.100673549089772,873.4468755144034,0,0,0,0,6784,100966400,19.25730672224479,224.8310905070755,6784,100966400,19.25730672224479,224.8310905070755,
405,4772.378928234783,9400,64376832,12.27782296540194,150.8533,14464,132403200,25.251678269174633,242.5068619330752,23864,196780032,37.52950123457657,206.40463757123703,8025,50221056,9.578061168085078,138.44460747663553,6313,25858048,4.931596130341824,232.5739634088389,14338,76079104,14.509657298426903,179.88962240200865,1375,14155776,2.699761797316861,223.27494181818182,1491,6107136,1.1647409837382638,236.31226291079813,2866,20262912,3.864502781055125,230.05744207955337,0,0,0,0,6660,100438016,19.155341155094547,253.30904444444445,6660,100438016,19.155341155094547,253.30904444444445,
410,4749.986131874412,9273,66326528,12.650211674219369,157.00112487868003,14478,132739072,25.31682885978059,239.6676811023622,23751,199065600,37.967040533999956,207.39253580901857,7797,50454528,9.623004224234803,151.20321020905476,6284,25739264,4.9091539653427105,228.82955474220242,14081,76193792,14.532158189577514,185.84591662523968,1476,15872000,3.0272074499845645,187.62872696476964,1402,5742592,1.0952631857750605,235.9762524964337,2878,21614592,4.122470635759625,211.18092668519807,0,0,0,0,6792,101257216,19.312411708662818,250.457164163722,6792,101257216,19.312411708662818,250.457164163722,
415,4764.2444512300635,9465,65708032,12.532403327057295,145.9241320655045,14357,129753088,24.747629509694615,225.88424928606256,23822,195461120,37.28003283675191,194.11435131391153,8001,50589696,9.648903721012633,140.92810861142357,6241,25563136,4.875622064840081,216.6937053356834,14242,76152832,14.524525785852713,174.12942086785563,1464,15118336,2.8834996060446625,173.22821926229508,1506,6168576,1.1765240874297649,227.81643293492698,2970,21286912,4.060023693474427,200.90830336700336,0,0,0,0,6610,98021376,18.695483357424767,234.12151346444782,6610,98021376,18.695483357424767,234.12151346444782,
420,4737.731713623613,9243,66113536,12.609442207550448,159.15224505030835,14447,132595712,25.289192933698224,227.97139066934312,23690,198709248,37.898635141248675,201.1205944280287,7804,50241536,9.582269879054197,137.74958687852384,6229,25513984,4.866130692697586,218.78746283512604,14033,75755520,14.448400571751781,173.72086382099337,1439,15872000,3.027172328496251,275.22336692147326,1458,5971968,1.1389980012767829,246.18046090534978,2897,21843968,4.166170329773033,260.60667483603726,0,0,0,0,6760,101109760,19.284064239723858,232.5065773668639,6760,101109760,19.284064239723858,232.5065773668639,
425,4745.813829332056,9403,65445888,12.481796846205185,201.4258396256514,14328,127320064,24.282399121757543,426.62624001954214,23731,192765952,36.76419596796273,337.3944602840167,7952,50921472,9.711709750408241,196.49398553822937,6249,25595904,4.881634027533872,394.43287165946555,14201,76517376,14.593343777942113,283.5949009224703,1451,14524416,2.7700870957969452,228.45416747070985,1452,5947392,1.1342827025090705,370.71311019283746,2903,20471808,3.9043697983060155,299.60814088873576,0,0,0,0,6627,95776768,18.2664823917146,469.23409023690965,6627,95776768,18.2664823917146,469.23409023690965,
430,4764.661246393979,9425,65449984,12.483230220859445,143.07441718832894,14399,129777664,24.75240417533705,226.03365490659073,23824,195227648,37.235634396196495,193.2141948875084,8008,51339264,9.791902346095018,137.55994605394605,6231,25522176,4.867826992063033,214.81844214411814,14239,76861440,14.659729338158051,171.36833773439145,1417,14110720,2.691327874764428,174.2387678193366,1508,6176768,1.1780906923497116,226.6425072944297,2925,20287488,3.8694185671141392,201.25580683760683,0,0,0,0,6660,98078720,18.706486490924302,236.38858603603603,6660,98078720,18.706486490924302,236.38858603603603,
435,4805.380193260276,9459,65417216,12.476773039942962,280.42863336504917,14569,129122304,24.626998516759247,333.33608085661336,24028,194539520,37.103771556702206,312.50823227068423,7979,49594368,9.458942330951686,142.26197054768767,6340,25968640,4.952898445509885,222.48758438485805,14319,75563008,14.411840776461572,177.78333319365876,1480,15822848,3.0178307089912755,1025.3149864864865,1447,5926912,1.1304170426897167,1270.2082633033863,2927,21749760,4.148247751680993,1146.381119576358,0,0,0,0,6782,97226752,18.543683028559645,237.0702919492775,6782,97226752,18.543683028559645,237.0702919492775,
440,4713.202445111761,9294,64466944,12.294535009508982,136.90982472562945,14275,126795776,24.181309216237377,218.68486633975482,23569,191262720,36.47584422574636,186.43838847638847,7874,49463296,9.433179031376229,129.74684861569725,6198,25387008,4.841573669797107,211.15234979025493,14072,74850304,14.274752701173337,165.6018298749289,1420,15003648,2.861355978132753,176.62903169014083,1508,6176768,1.1779756524772569,212.97386870026526,2928,21180416,4.03933163061001,195.34761577868852,0,0,0,0,6569,95232000,18.161759893963012,227.10300030446035,6569,95232000,18.161759893963012,227.10300030446035,
445,4702.58425578003,9413,65818624,12.553330330821748,138.44536194624456,14101,128126976,24.43716012685513,218.5329180199986,23514,193945600,36.99049045767688,186.47269154546225,7927,50028544,9.541749745513524,129.66246423615493,6095,24965120,4.761500302841406,209.73696800656276,14022,74993664,14.303250048354931,164.46877578091568,1486,15790080,3.011580585308223,185.29733378196502,1440,5898240,1.1249483898427604,216.18129513888888,2926,21688320,4.136528975150983,200.49654921394395,0,0,0,0,6566,97263616,18.550711434170964,227.21364483703928,6566,97263616,18.550711434170964,227.21364483703928,
450,4729.163955822926,9161,62865408,11.989012549746136,159.5755740639668,14488,132947968,25.354402484992185,252.0970111816676,23649,195813376,37.34341503473832,216.25664222588694,7726,48820224,9.310466548112078,154.78144706186902,6301,25808896,4.921994271302476,238.73024456435485,14027,74629120,14.232460819414555,192.491675411706,1435,14045184,2.6785460016340563,185.38702020905924,1462,5988352,1.1420339032922107,249.00710601915182,2897,20033536,3.820579904926267,217.493532274767,0,0,0,0,6725,101150720,19.2903743103975,265.2927640148699,6725,101150720,19.2903743103975,265.2927640148699,
455,4707.06879922566,9226,65499136,12.491028381160243,150.07634543680902,14313,132247552,25.22030100322186,245.46349605253965,23539,197746688,37.711329384382104,208.0769523769064,7708,49516544,9.44306435494004,144.79043811624288,6316,25870336,4.933608608305177,236.91372720075998,14024,75386880,14.376672963245216,186.2800768682259,1518,15982592,3.0479640262202032,176.91677602108038,1432,5865472,1.1185762392484189,240.69472695530726,2950,21848064,4.166540265468622,207.87610677966103,0,0,0,0,6565,100511744,19.16811615566826,254.72918035034274,6565,100511744,19.16811615566826,254.72918035034274,
460,4772.348192774426,9379,63676416,12.144671700971305,236.3598386821623,14484,128917504,24.58776515607686,280.16592212096106,23863,192593920,36.732436857048164,262.9485874785233,7917,48398336,9.230762949869867,172.41138714159405,6258,25632768,4.888804548094585,277.3119253755193,14175,74031104,14.119567497964452,218.72303216931218,1462,15278080,2.913908751101439,582.6525136798905,1425,5836800,1.1132225121500134,271.980870877193,2887,21114880,4.027131263251452,429.30748735711813,0,0,0,0,6801,97447936,18.58573809583226,284.50704984561094,6801,97447936,18.58573809583226,284.50704984561094,
465,4766.400335425315,9285,64946176,12.38646139025784,155.9075505654281,14549,133058560,25.3767783969807,230.48582363049007,23834,198004736,37.76323978723854,201.4324014013594,7836,50225152,9.578884306719328,137.18469155181214,6295,25784320,4.91755641092792,224.3576983320095,14131,76009472,14.496440717647248,176.01804217677446,1449,14721024,2.807577083538514,257.15829123533473,1507,6172672,1.1772450375327048,219.067200398142,2956,20893696,3.984822121071219,237.73905108254397,0,0,0,0,6747,101101568,19.281976948520075,238.75385593597156,6747,101101568,19.281976948520075,238.75385593597156,
470,4787.583626115535,9357,63717376,12.152575766768736,191.9954083573795,14582,132546560,25.28010747059889,266.88597469482926,23939,196263936,37.43268323736762,237.61361456201178,7799,47874048,9.130837333632874,140.19404551865622,6243,25571328,4.877123329386553,220.96080281915746,14042,73445376,14.007960663019427,176.10252478279446,1558,15843328,3.021738433135862,451.3014602053915,1501,6148096,1.1726032544304366,580.6741332445037,3059,21991424,4.194341687566299,514.7824612618502,0,0,0,0,6838,100827136,19.230380886781898,239.93581705176953,6838,100827136,19.230380886781898,239.93581705176953,
475,4757.067962364708,9494,63901696,12.187430581970295,148.48190035812092,14293,130281472,24.847484425404087,254.89280962709017,23787,194183168,37.03491500737438,212.42149451381005,7959,48939008,9.33372351729896,144.22397977132803,6062,24829952,4.735606960316898,254.52911580336522,14021,73768960,14.069330477615859,191.91456779117038,1535,14962688,2.853707064671334,170.55928794788272,1524,6242304,1.1905419016039183,242.89883661417323,3059,21204992,4.044248966275252,206.59899771167048,0,0,0,0,6707,99209216,18.92133556348327,257.9468616370956,6707,99209216,18.92133556348327,257.9468616370956,
480,4719.925694209796,9203,63131648,12.041216685125727,141.08123427143323,14397,131719168,25.123041987949986,222.2812196290894,23600,194850816,37.16425867307571,190.61666601694915,7734,48095232,9.173293084846966,134.93148952676492,6269,25677824,4.8975791474114825,213.4683286010528,14003,73773056,14.070872232258449,170.09162979361565,1469,15036416,2.8679236002787607,173.45844724302248,1417,5804032,1.1070138222813959,219.15409315455187,2886,20840448,3.974937422560157,195.89459771309774,0,0,0,0,6711,100237312,19.118449018257106,231.17395574430043,6711,100237312,19.118449018257106,231.17395574430043,
485,4791.540450878549,9438,64991232,12.395422312285104,183.8028353464717,14521,128360448,24.481486381949367,271.8505852214035,23959,193351680,36.87690869423447,237.16655569931967,7969,50081792,9.551826344760192,177.66147923202408,6378,26124288,4.982542604635683,260.4156690185011,14347,76206080,14.534368949395876,214.45009165679235,1469,14909440,2.843595967524912,217.11833356024505,1421,5820416,1.1100961180914561,272.5058444757213,2890,20729856,3.953692085616368,244.35212352941176,0,0,0,0,6722,96415744,18.388847659222225,282.5617979767926,6722,96415744,18.388847659222225,282.5617979767926,
490,4742.216475273964,9371,64503808,12.302648885027619,144.08516145555436,14341,127328256,24.284997665733336,217.69950972735512,23712,191832064,36.58764655076096,188.60706465080972,7957,49729536,9.484789186761514,131.75011034309412,6268,25673728,4.896685497291918,210.24813943841735,14225,75403264,14.381474684053432,166.33890797891038,1414,14774272,2.8178596982661053,213.49817538896747,1474,6037504,1.1515179360255723,215.5906540027137,2888,20811776,3.9693776342916776,214.56615096952908,0,0,0,0,6599,95617024,18.236794232415846,225.24817502651916,6599,95617024,18.236794232415846,225.24817502651916,
495,4804.354319733152,9304,63635456,12.136879356400351,3599.3696409071367,14719,130375680,24.865915931657003,27758.67725497656,24023,194011136,37.00279528805736,18401.885928277068,7902,49676288,9.47451550170079,2014.550924829157,6574,26927104,5.135674876993815,1861.880699269851,14476,76603392,14.610190378694606,1945.2186463802154,1402,13959168,2.6623638546995623,12531.778695435092,1544,6324224,1.2061883191479237,9026.09247992228,2946,20283392,3.868552173847486,10694.446883910388,0,0,0,0,6601,97124352,18.524052735515266,57931.1740660506,6601,97124352,18.524052735515266,57931.1740660506,
500,4746.762855525148,9355,64696320,12.339227292075869,133.4877617316943,14380,129355776,24.671423685409813,219.92430897079277,23735,194052096,37.01065097748568,185.85589104697704,7921,50044928,9.544835647646911,128.3651517485166,6263,25653248,4.892724313407482,213.85304710202777,14184,75698176,14.437559961054394,166.1126622250423,1434,14651392,2.7943916444289574,161.7835732217573,1431,5861376,1.1179128999658479,219.34561425576518,2865,20512768,3.9123045443948055,190.5344565445026,0,0,0,0,6686,97841152,18.660786472036484,225.7353208196231,6686,97841152,18.660786472036484,225.7353208196231,
505,4771.459658011371,9404,64471040,12.29651332511287,259.07364695874094,14454,131719168,25.12269857109147,276.96112951432127,23858,196190208,37.41921189620434,269.9105013831838,7959,50335744,9.600498872446764,121.640335594924,6133,25120768,4.791265325471235,207.00145866623185,14092,75456512,14.391764197917999,158.79047523417543,1445,14135296,2.6960144526661067,1016.0506193771627,1540,6307840,1.2030896137658083,782.7809571428571,2985,20443136,3.899104066431915,895.703791959799,0,0,0,0,6781,100290560,19.128343631854424,225.36108921987906,6781,100290560,19.128343631854424,225.36108921987906,
510,4785.397662858939,9447,65646592,12.520564352993913,235.6093258177199,14481,130043904,24.802857530617317,341.38471203646156,23928,195690496,37.32342188361123,299.6235922768305,7983,50892800,9.706620832716625,226.015954653639,6271,25686016,4.899011609011345,328.3930650613937,14254,76578816,14.605632441727971,271.05642465272905,1464,14753792,2.8139435202772867,287.92072062841527,1488,6094848,1.1624508490207115,337.6950443548387,2952,20848640,3.976394369297998,313.0102171409214,0,0,0,0,6722,98263040,18.74139507258526,354.32146355251416,6722,98263040,18.74139507258526,354.32146355251416,
515,4722.226612116592,9257,65024000,12.401888384903415,148.2207320946311,14355,131002368,24.98580133633801,229.45767655869034,23612,196026368,37.38768972124143,197.6090235473488,7759,49946624,9.526212722236991,141.39349594019848,6276,25706496,4.902944976608116,221.1078110261313,14035,75653120,14.429157698845108,177.0391704310652,1498,15077376,2.8756756626664233,183.58289853137515,1424,5832704,1.1124591533922812,226.31071629213483,2922,20910080,3.9881348160587047,204.4057638603696,0,0,0,0,6655,99463168,18.970397206337616,238.00538918106685,6655,99463168,18.970397206337616,238.00538918106685,
520,4765.024479370297,9283,65441792,12.481571488817893,160.63994829257786,14543,129601536,24.718620734661513,268.64528432923055,23826,195043328,37.200192223479405,226.56463569210106,7808,50331648,9.599646395105106,154.3040741547131,6378,26124288,4.98262896386559,260.497053778614,14186,76455936,14.582275358970696,202.04824615818413,1475,15110144,2.881925093712788,194.17927389830507,1445,5918720,1.1288646680441796,272.54456816608996,2920,21028864,4.010789761756968,232.9593595890411,0,0,0,0,6720,97558528,18.607127102751743,275.5403660714286,6720,97558528,18.607127102751743,275.5403660714286,
525,4729.877096981561,9214,63156224,12.04578074761474,133.58482711091818,14436,130256896,24.843885696536507,215.36714304516488,23650,193413120,36.889666444151246,183.50489107822412,7816,49405952,9.423192643993062,127.82071903787104,6267,25669632,4.895966531247265,203.98185016754428,14083,75075584,14.319159175240326,161.71277391180857,1398,13750272,2.62258810362168,165.811056509299,1488,6094848,1.162469793919887,217.36049596774194,2886,19845120,3.785057897541567,192.3895616770617,0,0,0,0,6681,98492416,18.785449371369353,225.60296422691212,6681,98492416,18.785449371369353,225.60296422691212,
530,4823.709775058238,9379,65851392,12.55887991364036,141.60070839108647,14742,133070848,25.378670811367048,223.67652089268756,24121,198922240,37.937550725007405,191.76287529538578,7895,50278400,9.588869250478039,133.37400468651046,6368,26083328,4.974494451083026,217.14474764447237,14263,76361728,14.563363701561064,170.77511883895394,1484,15572992,2.9700106631623218,185.36743733153637,1538,6299648,1.2014403997747636,222.6327600780234,3022,21872640,4.171451062937085,204.33304500330905,0,0,0,0,6836,100687872,19.20273596050926,229.99595275014627,6836,100687872,19.20273596050926,229.99595275014627,
535,4696.627284341117,9326,63971328,12.199035964980714,134.1313546000429,14162,128823296,24.56600589925781,211.3601048580709,23488,192794624,36.765041864238526,180.69613496253407,7841,48287744,9.20824913504659,127.05867759214385,6179,25309184,4.826344168755016,203.07682019744294,14020,73596928,14.034593303801605,160.56196597717545,1485,15683584,2.9907868299341245,171.47604175084174,1395,5713920,1.0896180798532524,205.32245734767025,2880,21397504,4.080404909787377,187.87039930555557,0,0,0,0,6588,97800192,18.65004365064954,220.40760549483912,6588,97800192,18.65004365064954,220.40760549483912,
540,4676.075793120459,9259,63299584,12.041186885958025,1162.3371465601035,14184,130396160,24.804657985924273,1041.547420755781,23443,193695744,36.8458448718823,1089.2542872499253,7775,48443392,9.215162242799634,1098.1512276527333,5978,24485888,4.657837142762849,1026.712580796253,13753,72929280,13.872999385562483,1067.0990767832473,1484,14856192,2.8260246431583895,1498.6211893530997,1408,5767168,1.097061675645716,880.0923792613637,2892,20623360,3.923086318804106,1197.4840646611342,0,0,0,0,6798,100143104,19.049759167515706,1088.0333536334217,6798,100143104,19.049759167515706,1088.0333536334217,
545,4750.618689690625,9391,65318912,12.457593836247696,160.39599989351507,14364,130383872,24.866754060038673,252.66344110275688,23755,195702784,37.32434789628637,216.18760273626603,7913,49672192,9.473458359075426,158.53156628333122,6185,25333760,4.831643436206936,243.59328940986256,14098,75005952,14.305101795282361,195.84939558802668,1478,15646720,2.984135477172271,170.3779100135318,1502,6152192,1.1733433211289923,245.99679094540613,2980,21798912,4.1574787983012635,208.49185604026846,0,0,0,0,6677,98897920,18.86176730270274,262.56492331885573,6677,98897920,18.86176730270274,262.56492331885573,
550,4777.308255418422,9373,64761856,12.351072412122974,147.73238589565773,14516,128884736,24.580282367962905,226.98673491319923,23889,193646592,36.93135478008588,195.89079061492737,7895,50077696,9.550579426387673,143.15922596580114,6298,25796608,4.919806087632059,218.9617683391553,14193,75874304,14.470385514019732,176.79583639822445,1478,14684160,2.800492985735302,172.16073342354534,1471,6025216,1.1491004691817654,220.37014411964648,2949,20709376,3.9495934549170677,196.20822177009157,0,0,0,0,6747,97062912,18.51137581114908,235.92022306210166,6747,97062912,18.51137581114908,235.92022306210166,
555,4790.918722510628,9517,66732032,12.726846509361685,145.18126478932436,14440,129933312,24.78032316290028,213.58627146814405,23957,196665344,37.507169672261966,186.41214914221314,7998,52121600,9.940407674418577,132.71488459614903,6370,26091520,4.976062623657866,206.6536590266876,14368,78213120,14.916470298076442,165.49536852728284,1519,14610432,2.7864388349431093,210.8205727452271,1444,5914624,1.1280116842326464,209.33536011080332,2963,20525056,3.9144505191757553,210.0967634154573,0,0,0,0,6626,97927168,18.67624885500977,221.17743616057953,6626,97927168,18.67624885500977,221.17743616057953,
560,4725.186994085744,9186,64032768,12.212213839006958,148.5300274330503,14442,128835584,24.571289841497144,222.41940880764434,23628,192868352,36.783503680504104,193.69298857287964,7727,49799168,9.497607359729201,139.34193969198913,6297,25792512,4.919101294967493,218.76283706526917,14024,75591680,14.416708654696693,175.0031911722761,1459,14233600,2.7146064792777573,197.1909965729952,1449,5935104,1.1319323132297756,222.71715665976535,2908,20168704,3.846538792507533,209.9101870701513,0,0,0,0,6696,97107968,18.520256233299875,225.79366143966547,6696,97107968,18.520256233299875,225.79366143966547,
565,4763.13418472318,9490,66658304,12.713353008451328,146.6010373024236,14327,126128128,24.05568877898745,223.18166629440915,23817,192786432,36.76904178743877,192.66774056346307,7952,51478528,9.818202077560297,135.46767303822938,6244,25575424,4.87785278264533,217.2366103459321,14196,77053952,14.696054860205628,171.43310305719922,1538,15179776,2.8951509308910297,204.16443953185956,1526,6250496,1.1921209715433652,219.82797051114025,3064,21430272,4.087271902434395,211.96553231070496,0,0,0,0,6557,94302208,17.985715024798754,229.62343373493977,6557,94302208,17.985715024798754,229.62343373493977,
570,4764.591114608026,9352,66330624,12.651007864634005,126.2250872540633,14472,131813376,25.140304068901255,202.9145885848535,23824,198144000,37.79131193353526,172.8104827904634,7915,51929088,9.904253285650853,120.0591946936197,6262,25649152,4.891973030031996,195.59770041520284,14177,77578240,14.79622631568285,153.42465444029062,1437,14401536,2.7467545789831522,160.18684064022267,1501,6148096,1.1726048415966186,204.54527448367756,2938,20549632,3.9193594205797706,182.84919911504423,0,0,0,0,6709,100016128,19.07572619727264,209.3791427932628,6709,100016128,19.07572619727264,209.3791427932628,
575,4797.973161424874,9499,64118784,12.229109332168992,131.0633102431835,14492,131461120,25.073033347129414,216.96091333149323,23991,195579904,37.302142679298406,182.9506039764912,8069,49819648,9.501894519430909,127.21943921179823,6245,25579520,4.878675595975173,211.45842097678144,14314,75399168,14.380570115406083,163.9717405337432,1430,14299136,2.727214812738083,152.75295734265734,1482,6070272,1.1577577635284557,211.4118286099865,2912,20369408,3.884972576266539,182.60613289835163,0,0,0,0,6765,99811328,19.036599987625785,223.25608085735405,6765,99811328,19.036599987625785,223.25608085735405,
580,4729.484798263387,9246,64270336,12.258295159994834,2296.2220509409476,14402,129298432,24.661118049554325,2295.076846965699,23648,193568768,36.91941320954916,2295.52460389885,7773,48050176,9.16462051634054,2252.40978875595,6307,25833472,4.9272237316988985,2333.8663678452513,14080,73883648,14.091844248039438,2288.8974765625,1473,16220160,3.0936746436542952,2527.4187338764427,1440,5898240,1.124972597692471,2413.8254715277776,2913,22118400,4.218647241346766,2471.265524888431,0,0,0,0,6655,97566720,18.608921720162957,2232.6210201352364,6655,97566720,18.608921720162957,2232.6210201352364,
585,4738.079432916959,9339,65351680,12.464000465642096,131.0907179569547,14353,127188992,24.25773377995101,204.88206695464365,23692,192540672,36.721734245593105,175.79472066520344,7854,50044928,9.544666730756196,123.0040112044818,6295,25784320,4.917636034548229,197.78171024622716,14149,75829248,14.462302765304425,156.2731903314722,1485,15306752,2.9193337348858988,173.86041144781143,1474,6037504,1.1514845933159792,208.18936092265943,2959,21344256,4.070818328201878,190.9610777289625,0,0,0,0,6584,95367168,18.188613152086802,210.93033459902793,6584,95367168,18.188613152086802,210.93033459902793,
590,4714.7117887254135,9376,65056768,12.4078352565492,128.30701589163823,14199,129556480,24.70942700778513,202.7464082681879,23575,194613248,37.11726226433433,173.14115936373275,7866,49881088,9.513480939007502,118.55055377574371,6184,25329664,4.830954682774052,195.67755206985768,14050,75210752,14.344435621781555,152.49741195729538,1510,15175680,2.894354317541698,179.13107615894037,1434,5873664,1.120244019259054,197.567649930265,2944,21049344,4.014598336800752,188.11139096467392,0,0,0,0,6581,98353152,18.758228305752024,210.5172859747759,6581,98353152,18.758228305752024,210.5172859747759,
595,4764.192751368853,9377,63844352,12.175280760687684,143.98378895169031,14448,132358144,25.241035638728544,228.7805986295681,23825,196202496,37.416316399416225,195.4064250996852,7944,49958912,9.527291938032185,140.8367437059416,6187,25341952,4.8327748807579844,220.40735849361565,14131,75300864,14.36006681879017,175.67528264100207,1433,13885440,2.647988822655498,161.4297955338451,1543,6320128,1.2052645290139923,228.23846597537263,2976,20205568,3.85325335166949,196.06883400537635,0,0,0,0,6718,100696064,19.202996228956568,236.61652411431973,6718,100696064,19.202996228956568,236.61652411431973,
