5,3008.6831662135532,6017,42496000,8.105154009038491,134.53110935682233,9027,79650816,15.191597576844577,201.14914633876148,15044,122146816,23.29675158588307,174.50458847381014,5087,32649216,6.227101937932126,117.49455867898564,3974,16277504,3.1045669428355627,196.3408193256165,9061,48926720,9.331668880767689,152.0751833131001,930,9846784,1.8780520711063646,227.71920967741937,893,3657728,0.6976291595249515,195.67524188129897,1823,13504512,2.575681230631316,212.02241140976412,0,0,0,0,4160,59715584,11.389401474484064,206.9175329326923,4160,59715584,11.389401474484064,206.9175329326923,
10,3005.3701202730326,5976,41140224,7.845752765492532,117.44400451807229,9053,82448384,15.723532199980005,196.36512990169007,15029,123588608,23.569284965472537,164.98362445937855,5033,31440896,5.99601734646761,113.26674210212596,3957,16207872,3.0909641271459525,188.2593699772555,8990,47648768,9.086981473613562,146.27517686318131,943,9699328,1.849735419024922,139.73897985153764,897,3674112,0.7006810265478695,191.0275507246377,1840,13373440,2.5504164455727913,164.74215815217391,0,0,0,0,4199,62566400,11.931887046286183,205.14395832341035,4199,62566400,11.931887046286183,205.14395832341035,
15,3052.9068861357923,6032,42164224,8.04141543244635,121.00977553050397,9234,82251776,15.686775140757252,199.02262107429067,15266,124416000,23.7281905732036,168.1976843311935,5048,32145408,6.130661386617345,118.37443324088747,4044,16564224,3.159071693104045,192.85395079129574,9092,48709632,9.28973307972139,151.50192652881654,984,10018816,1.9107540458290044,134.52929573170732,933,3821568,0.7288362734090192,192.40970418006432,1917,13840384,2.6395903192380237,162.69957276995305,0,0,0,0,4257,61865984,11.798867174244187,206.33198308668076,4257,61865984,11.798867174244187,206.33198308668076,
20,2972.852360422365,5812,40579072,7.739459388324181,134.4784244666208,9053,83804160,15.983581213799612,210.99585452336242,14865,124383232,23.723040602123792,181.07864608139926,4921,30752768,5.86533371227798,116.93816683600893,3946,16162816,3.082659407118928,207.51254004054738,8867,46915584,8.947993119396909,157.24565264463743,891,9826304,1.8741256760462006,231.35340516273848,908,3719168,0.709339772342622,205.99155947136563,1799,13545472,2.583465448388823,218.55265147304058,0,0,0,0,4199,63922176,12.191582034338062,215.35142938794954,4199,63922176,12.191582034338062,215.35142938794954,
25,2995.9461778269156,5893,40824832,7.786578864110706,121.44174630918037,9087,82554880,15.745810876507605,201.07865588202927,14980,123379712,23.53238974061831,169.7501973965287,5008,31301632,5.970205245262769,117.6958945686901,4006,16408576,3.1296312761741234,194.2332309036445,9014,47710208,9.099836521436893,151.7106016197027,885,9523200,1.8163736188479374,142.638611299435,873,3575808,0.6820189975287094,193.0382840778923,1758,13099008,2.498392616376647,167.66643515358362,0,0,0,0,4208,62570496,11.934160602804772,209.263545865019,4208,62570496,11.934160602804772,209.263545865019,
30,2983.1250919390664,5846,40067072,7.641995604905163,116.71770253164557,9070,82649088,15.763666664871845,188.85294564498346,14916,122716160,23.405662269777007,160.58111464199516,4962,30167040,5.753761769589708,112.0179651350262,3879,15888384,3.030392655022197,181.81935292601187,8841,46055424,8.784154424611906,142.6434128492252,884,9900032,1.8882338353154549,143.09790271493213,984,4030464,0.7687306967109672,181.34532825203252,1868,13930496,2.656964532026422,163.24536884368308,0,0,0,0,4207,62730240,11.96454331313868,197.09416306156407,4207,62730240,11.96454331313868,197.09416306156407,
35,3013.979605302285,5921,40710144,7.763760848214874,116.02468468164162,9151,84582400,16.13056258332198,187.13390372636871,15072,125292544,23.894323431536854,159.19881309713378,4994,31367168,5.981978124120083,110.33408009611534,4019,16461824,3.1394058606475075,179.64307738243343,9013,47828992,9.12138398476759,141.23975635193608,927,9342976,1.781782724094791,146.68151240560948,885,3624960,0.6913098249995134,178.56255254237286,1812,12967936,2.4730925490943045,162.25255022075055,0,0,0,0,4247,64495616,12.299846897674957,196.00870402637156,4247,64495616,12.299846897674957,196.00870402637156,
40,2970.1084553669402,5900,42500096,8.104908660310462,400.44283593220337,8953,80105472,15.276378052206217,413.19004579470567,14853,122605568,23.38128671251668,408.12652070288834,4987,32673792,6.231000036940686,410.5310932424303,3879,15888384,3.029967298895941,398.5809120907451,8866,48562176,9.260967335836627,405.3027205053011,913,9826304,1.8739086233697764,345.3386308871851,899,3682304,0.7022275333094743,401.9569132369299,1812,13508608,2.5761361566792504,373.42904801324505,0,0,0,0,4175,60534784,11.544183220000802,429.1822411976048,4175,60534784,11.544183220000802,429.1822411976048,
45,2971.432692884821,5859,39804928,7.59124912444023,248.17204761904765,9000,81694720,15.580105349553445,480.8532692222222,14859,121499648,23.171354473993677,389.10555555555555,4934,30879744,5.889115779908921,240.70758715038508,3875,15872000,3.0269695778149712,464.0524012903226,8809,46751744,8.916085357723892,338.95496537631965,925,8925184,1.7021333445313092,287.9878832432433,901,3690496,0.7038192489319456,459.2737280799112,1826,12615680,2.4059525934632546,372.50515936473164,0,0,0,0,4224,62132224,11.849316522806529,500.86901964962124,4224,62132224,11.849316522806529,500.86901964962124,
50,3006.5231425125075,5926,40222720,7.671168595837151,237.3766765102936,9108,82505728,15.735269758243149,426.3045477602108,15034,122728448,23.4064383540803,351.83424278302516,5028,31891456,6.082252412137277,222.50781364359588,3944,16154624,3.0809662873708477,415.53126343813386,8972,48046080,9.163218699508125,307.3589600980829,898,8331264,1.5889161836998742,320.6290623608018,943,3862528,0.7366509150584962,419.8104803817603,1841,12193792,2.3255670987583703,371.4319288430201,0,0,0,0,4221,62488576,11.917652555813806,437.82166192845295,4221,62488576,11.917652555813806,437.82166192845295,
55,3028.335231439381,6019,40742912,7.770414379562629,296.7538991526832,9124,80867328,15.422870322278575,602.979564993424,15143,121610240,23.193284701841204,481.2617889453873,5103,31952896,6.09399844927798,289.5152898295121,3975,16281600,3.10519726136136,581.666874716981,9078,48234496,9.19919571063934,417.4402237276933,916,8790016,1.6764159302846489,337.07990720524015,954,3907584,0.7452473427267264,575.4228532494759,1870,12697600,2.4216632730113754,458.67304652406415,0,0,0,0,4195,60678144,11.57242571819049,629.441316328963,4195,60678144,11.57242571819049,629.441316328963,
60,3006.484755642244,5855,39800832,7.590610338071124,153.6427195559351,9179,81731584,15.587428083345806,238.74519708029197,15034,121532416,23.17803842141693,205.60198796062258,4956,30482432,5.8134529315555525,131.1005363196126,3945,16158720,3.081708118111617,222.83212648922688,8901,46641152,8.89516104966717,171.75676856532976,899,9318400,1.7771574065155713,277.91308676307005,973,3985408,0.7600765523251213,305.75307708119215,1872,13303808,2.5372339588406927,292.3833381410256,0,0,0,0,4261,61587456,11.745643412909068,238.17687890166627,4261,61587456,11.745643412909068,238.17687890166627,
65,2981.645004947385,5928,40722432,7.765742006526982,123.18478508771929,8983,83890176,15.997803463657124,187.6367041077591,14911,124612608,23.763545470184106,162.0132733552411,5018,31211520,5.952017108201127,108.7433491430849,3879,15888384,3.029904772009471,179.43961948955916,8897,47099904,8.981921880210598,139.56619197482297,910,9510912,1.8137248983258552,202.818989010989,874,3579904,0.6826854268461661,187.3378890160183,1784,13090816,2.4964103251720213,195.2346384529148,0,0,0,0,4230,64421888,12.285213264801486,195.2153460992908,4230,64421888,12.285213264801486,195.2153460992908,
70,3035.900644079621,6057,41373696,7.891147996399522,126.19835479610369,9123,82997248,15.829950683203991,203.1576064890935,15180,124370944,23.721098679603514,172.44995250329382,5067,32235520,6.148236286671047,122.481687586343,3898,15966208,3.0452128393194076,195.76131682914314,8965,48201728,9.193449125990455,154.34381751254878,990,9138176,1.7429117097284759,145.2209333333333,956,3915776,0.7468505578217942,197.7108211297071,1946,13053952,2.4897622675502697,171.00733247687563,0,0,0,0,4269,63115264,12.037887286062789,211.13087046146637,4269,63115264,12.037887286062789,211.13087046146637,
75,2985.1991832627828,5838,40501248,7.724480368026059,130.75101593011306,9089,82935808,15.817685931613232,191.72494608867862,14927,123437056,23.54216629963929,167.8778365378174,4896,31338496,5.976941676351879,109.78300674019609,3884,15908864,3.034170888896967,186.1949183831102,8780,47247360,9.011112565248846,143.58526924829155,942,9162752,1.7475386916741802,239.73124203821655,896,3670016,0.6999529136075393,187.33647879464286,1838,12832768,2.4474916052817193,214.18950761697496,0,0,0,0,4309,63356928,12.083562129108726,197.6220670689255,4309,63356928,12.083562129108726,197.6220670689255,
80,3005.6672619189785,6082,42246144,8.057456661764428,429.6776951660638,8947,84414464,16.1000702290385,421.76033296076895,15029,126660608,24.15752689080293,424.96436496107526,5128,32620544,6.221600237957331,108.83694968798753,3753,15372288,2.93190176959491,176.94446975752732,8881,47992832,9.153502007552241,137.6183394887963,954,9625600,1.8358564238070978,2154.2807798742137,934,3825664,0.7296552765258848,2454.803908993576,1888,13451264,2.5655117003329826,2302.950590572034,0,0,0,0,4260,65216512,12.438513182917708,191.6972424882629,4260,65216512,12.438513182917708,191.6972424882629,
85,3007.084007748569,5890,42192896,8.047345839728925,194.04544346349743,9146,85106688,16.232186375874925,366.6153136890444,15036,127299584,24.279532215603847,299.0151184490556,4960,33177600,6.327880914649479,183.28628689516128,3985,16322560,3.1131611660343426,345.2890138017566,8945,49500160,9.441042080683822,255.4585470095025,930,9015296,1.719464925079445,251.42761182795698,895,3665920,0.6991917800754672,365.6444513966481,1825,12681216,2.418656705154912,307.44080164383564,0,0,0,0,4266,65118208,12.419833429765115,386.7405426629161,4266,65118208,12.419833429765115,386.7405426629161,
90,3042.674489068791,6122,42131456,8.035606029644157,313.6176200588043,9092,82096128,15.65794785651933,527.1318190717113,15214,124227584,23.693553886163485,441.2152996582096,5145,32653312,6.227868099195335,279.3233397473275,4005,16404480,3.128777187315268,510.8839116104869,9150,49057792,9.356645286510602,380.6785408743169,977,9478144,1.8077379304488215,494.21544216990793,891,3649536,0.6960650371780034,572.3157575757575,1868,13127680,2.5038029676268247,531.4677874732334,0,0,0,0,4196,62042112,11.833105632026058,533.0455417063871,4196,62042112,11.833105632026058,533.0455417063871,
95,3012.9171407104122,5854,40202240,7.667248931802335,168.67747249743763,9212,85454848,16.297688687131135,318.08472307859313,15066,125657088,23.964937618933472,260.031487654321,4953,31334400,5.976001459835747,161.04161074096507,4013,16437248,3.134861942264164,315.7755624221281,8966,47771648,9.11086340209991,230.29739348650455,901,8867840,1.6912474719665873,210.65352497225305,955,3911680,0.7460237116526979,292.70942617801046,1856,12779520,2.437271183619285,252.87517672413793,0,0,0,0,4244,65105920,12.416803033214276,325.9782363336475,4244,65105920,12.416803033214276,325.9782363336475,
100,2978.4775726578537,5975,41259008,7.869207794082833,130.80253824267783,8918,79486976,15.16031435043894,214.42307546535096,14893,120745984,23.029522144521774,180.87491794802926,5008,31420416,5.992722425137438,125.45125958466454,3858,15802368,3.0139386150671665,209.3271752203214,8866,47222784,9.006661040204603,161.94948680351908,967,9838592,1.8764853689453949,158.51629576008273,924,3784704,0.7218453292695858,200.04879761904763,1891,13623296,2.5983306982149807,178.81033685880487,0,0,0,0,4136,59899904,11.424530406102189,222.38773114119923,4136,59899904,11.424530406102189,222.38773114119923,
105,2957.557800268132,5900,41295872,7.875917526937068,183.26760694915254,8889,80183296,15.292497669839321,316.5497854651817,14789,121479168,23.168415196776387,263.37750517276356,4989,31756288,6.056535269425023,178.55022669873722,3844,15745024,3.0028790888262336,302.44550208116544,8833,47501312,9.059414358251257,232.4677449337711,911,9539584,1.8193822575120442,209.10186608122942,886,3629056,0.6921308201613015,303.85428781038377,1797,13168640,2.511513077673346,255.8189755147468,0,0,0,0,4159,60809216,11.597487760851786,332.29036643423905,4159,60809216,11.597487760851786,332.29036643423905,
110,2976.8213544015152,5863,39731200,7.577670247337583,191.35987463755757,9022,81137664,15.474852570052596,235.169838173354,14885,120868864,23.05252281739018,217.91368659724554,5007,30961664,5.905114371095339,116.27597463551028,3934,16113664,3.0732530673222733,194.60240111845448,8941,47075328,8.978367438417612,150.73925187339222,856,8769536,1.6725558762422439,630.5480607476636,876,3588096,0.6843339316152292,559.6193242009132,1732,12357632,2.356889807857473,594.6741732101616,0,0,0,0,4212,61435904,11.717265571115094,205.58164909781576,4212,61435904,11.717265571115094,205.58164909781576,
115,3033.665513501079,5962,40529920,7.729616496398417,122.59970513250587,9208,82714624,15.774823196389049,190.44346817984362,15170,123244544,23.504439692787464,163.78001957811472,5003,30228480,5.764989362649855,115.59893363981611,3927,16084992,3.0676305185807564,184.13525795772856,8930,46313472,8.832619881230611,145.73803169092946,959,10301440,1.9646271337485617,159.1219781021898,1000,4096000,0.7811638702777581,184.98816,1959,14397440,2.74579100402632,172.32574629913222,0,0,0,0,4281,62533632,11.926028807530534,197.50435342209764,4281,62533632,11.926028807530534,197.50435342209764,
120,2977.7313972374313,5839,40747008,7.771695951005663,127.36715516355541,9050,82034688,15.646514526210437,185.46472154696133,14889,122781696,23.4182104772161,162.6806735845255,4927,32137216,6.129546283834985,113.01232453825857,3966,16244736,3.098366117982354,178.09671558245083,8893,48381952,9.22791240181734,142.0379283706286,912,8609792,1.642149667170678,204.91786842105265,903,3698688,0.7054524973620943,177.56941638981172,1815,12308480,2.347602164532772,191.31144848484848,0,0,0,0,4181,62091264,11.842695910865988,194.1590464003827,4181,62091264,11.842695910865988,194.1590464003827,
125,3011.09545175482,5819,39780352,7.587236563559277,128.48964237841554,9237,83087360,15.84710602263179,198.34098094619463,15056,122867712,23.434342586191068,171.34410666843783,4894,30466048,5.810735745444183,119.17417082141398,4074,16687104,3.182701993404087,190.53394501718213,8968,47153152,8.99343773884827,151.59162399643176,925,9314304,1.7765008181150943,177.77604,938,3842048,0.7327870569005974,195.79900533049042,1863,13156352,2.509287875015692,186.85040472356414,0,0,0,0,4225,62558208,11.931616972327104,206.433344852071,4225,62558208,11.931616972327104,206.433344852071,
130,3001.7051407144845,5855,40673280,7.757567346908217,124.38703074295474,9154,81833984,15.608100505929432,187.7683093729517,15009,122507264,23.36566785283765,163.0433186088347,4937,31453184,5.99902916987998,110.49098683410979,3993,16355328,3.1194326703126394,179.3673260706236,8930,47808512,9.11846184019262,141.2886601343785,918,9220096,1.7585381770282373,199.119894335512,924,3784704,0.7218521881715199,202.71280194805195,1842,13004800,2.480390365199757,200.92219978284473,0,0,0,0,4237,61693952,11.766815647445274,192.42642010856736,4237,61693952,11.766815647445274,192.42642010856736,
135,3028.6997633641113,5929,41795584,7.971611174745204,109.4737441389779,9215,85962752,16.39555112939804,187.72104091155725,15144,127758336,24.367162304143246,157.0865835314316,5045,32194560,6.140421779056968,105.88958057482655,3980,16302080,3.1092720967743936,182.5791876884422,9025,48496640,9.249693875831362,139.70948487534628,884,9601024,1.831189395688236,129.92861425339368,931,3813376,0.7273196789188343,181.67391084854995,1815,13414400,2.55850907460707,156.47124297520662,0,0,0,0,4304,65847296,12.558959353704813,193.7838787174721,4304,65847296,12.558959353704813,193.7838787174721,
140,3006.4562240478713,5940,40902656,7.801189428398679,119.72092306397306,9093,81014784,15.451604817173791,191.95927856592982,15033,121917440,23.25279424557247,163.41568569147876,5004,31641600,6.034867648145383,112.19815427657873,3958,16211968,3.0920396312439387,186.72699671551288,8962,47853568,9.126907279389322,145.11325786654766,936,9261056,1.766321780253296,159.93880235042735,934,3825664,0.7296526062612023,184.24842719486082,1870,13086720,2.4959743865144985,172.08061497326204,0,0,0,0,4201,60977152,11.62991257966865,198.6032458938348,4201,60977152,11.62991257966865,198.6032458938348,
145,3054.8062629648803,5955,40185856,7.664357673370612,117.49584097397145,9320,82550784,15.744313989309072,177.3714586909871,15275,122736640,23.408671662679684,154.02878743044192,5058,31145984,5.940248267078802,104.85052075919336,4057,16617472,3.169330249807825,170.11726127680552,9115,47763456,9.109578516886627,133.90012759188153,897,9039872,1.7241094062918092,188.80022185061316,967,3960832,0.7554208409081012,175.6834912099276,1864,13000704,2.4795302471999103,181.99556598712445,0,0,0,0,4296,61972480,11.819562898593146,184.60203212290503,4296,61972480,11.819562898593146,184.60203212290503,
150,2996.7001691292458,5868,40271872,7.680994118434336,122.41618473074301,9116,83570688,15.939312754110635,191.04922400175516,14984,123842560,23.62030687254497,164.17130926321408,4951,30822400,5.8787104089929185,119.73986043223591,3934,16113664,3.0733351161432747,182.1872735129639,8885,46936064,8.952045525136194,147.38962104670793,917,9449472,1.8022837094414172,136.86600109051255,908,3719168,0.7093513689522353,187.32463876651983,1825,13168640,2.5116350783936525,161.97090136986301,0,0,0,0,4274,63737856,12.156626269015124,199.9974777725784,4274,63737856,12.156626269015124,199.9974777725784,
155,2972.288100486508,5881,42639360,8.132506330654666,123.63869188913449,8981,82636800,15.76112538145609,194.32997884422667,14862,125276160,23.893631712110757,166.35692955187727,4925,32854016,6.266170343725368,116.83852527918782,3884,15908864,3.034260767364335,187.48090396498455,8809,48762880,9.300431111089702,147.985647406062,956,9785344,1.8663359869292986,158.67093096234308,879,3600384,0.686692897660466,182.50416609783846,1835,13385728,2.553028884589765,170.08750517711172,0,0,0,0,4218,63127552,12.040171716431288,203.10112541488857,4218,63127552,12.040171716431288,203.10112541488857,
160,2972.95380280779,5858,40259584,7.676721211023609,119.24108176852168,9011,81371136,15.515896182540951,187.60033514593275,14869,121630720,23.19261739356456,160.66856392494452,4983,31526912,6.011570165962836,113.21840798715633,3897,15962112,3.0436649261734665,181.37012779060817,8880,47489024,9.055235092136302,143.12688231981983,875,8732672,1.6651510450607725,153.53934857142858,925,3788800,0.722450617580307,187.82647351351352,1800,12521472,2.3876016626410794,171.1591211111111,0,0,0,0,4189,61620224,11.749780638787177,193.34632227261878,4189,61620224,11.749780638787177,193.34632227261878,
165,3014.3589007234277,5979,41857024,7.982955244500905,121.1503468807493,9094,82944000,15.819047235653521,199.28970200131957,15073,124801024,23.802002480154428,168.29419982750616,5086,32800768,6.255749642622884,115.28472611089265,3981,16306176,3.1099075084018106,189.84425797538307,9067,49106944,9.365657151024696,148.02118760339695,893,9056256,1.7272056018780215,154.55745464725644,959,3928064,0.7491588295798384,194.7320417101147,1852,12984320,2.47636443145786,175.36060205183585,0,0,0,0,4154,62709760,11.959980897671873,209.3939650938854,4154,62709760,11.959980897671873,209.3939650938854,
170,2965.4984405749055,5768,39780352,7.587240159786248,119.69580391816922,9060,81436672,15.532280565987458,194.61735794701985,14828,121217024,23.119520725773704,165.47333827893175,4840,30498816,5.816988285602183,115.05728243801653,3945,16158720,3.0819257032904397,186.70024106463876,8785,46657536,8.898913988892623,147.22933386454184,928,9281536,1.770251874184065,143.8880926724138,950,3891200,0.7421620831751375,188.6288094736842,1878,13172736,2.5124139573592026,166.52051064962725,0,0,0,0,4165,61386752,11.70819277952188,203.48221920768307,4165,61386752,11.70819277952188,203.48221920768307,
175,3039.298785271853,5843,39923712,7.614590168918196,110.69998665069315,9354,81997824,15.639322929267811,183.1236444301903,15197,121921536,23.253913098186004,155.2779227479108,4939,30388224,5.795900734913726,105.56386819194168,4156,17022976,3.24676687616949,176.23764220404234,9095,47411200,9.042667611083216,137.858558108851,904,9535488,1.8186894340044688,138.7611471238938,926,3792896,0.7234134088866573,180.96007127429806,1830,13328384,2.542102842891126,160.11426393442625,0,0,0,0,4272,61181952,11.669142644211663,190.29164396067415,4272,61181952,11.669142644211663,190.29164396067415,
180,3020.716880746023,6019,42536960,8.113058007850633,141.28013174946003,9085,82329600,15.70269291842058,240.93117831590533,15104,124866560,23.815750926271214,201.21986679025426,5060,32620544,6.221703801109528,132.5026533596838,3976,16285696,3.1061645295343396,232.14765266599596,9036,48906240,9.327868330643867,176.34821746347941,959,9916416,1.8913542067411058,187.593,885,3624960,0.6913872255125479,236.52886440677966,1844,13541376,2.5827414322536537,211.07903036876354,0,0,0,0,4224,62418944,11.905141163373692,250.12136434659092,4224,62418944,11.905141163373692,250.12136434659092,
185,2959.107595618766,5823,40554496,7.7338693109450505,121.40217997595741,8975,79323136,15.127170293481653,188.12469426183844,14798,119877632,22.861039604426704,161.86944350587916,4893,31801344,6.064615829732085,112.93070754138566,3888,15925248,3.036994634981755,182.41453832304526,8781,47726592,9.10161046471384,143.69635314884408,930,8753152,1.6692534812129656,165.9730559139785,927,3796992,0.7240982578775943,179.79450377562029,1857,12550144,2.39335173909056,172.8726155088853,0,0,0,0,4160,59600896,11.366077400622304,195.31776466346153,4160,59600896,11.366077400622304,195.31776466346153,
190,2993.557060870282,5930,40685568,7.759526533383709,122.18771551433389,9039,82128896,15.663572588430156,218.06395961942692,14969,122814464,23.423099121813866,180.08238920435565,5042,31326208,5.974515144197987,118.30797778659262,3891,15937536,3.0395970745390124,201.8904271395528,8933,47263744,9.014112218736999,154.71448292846748,888,9359360,1.7850113891857218,144.21658671171173,915,3747840,0.7147857422778712,221.8818174863388,1803,13107200,2.499797131463593,183.6307221297837,0,0,0,0,4233,62443520,11.909189771613274,232.10550815024806,4233,62443520,11.909189771613274,232.10550815024806,
195,2998.6506905850847,5899,40878080,7.796486795770169,126.88453890489913,9095,80809984,15.412513827029024,186.12294359538205,14994,121688064,23.20900062279919,162.81713131919435,5010,31571968,6.021575172524695,115.42074550898202,3986,16326656,3.1139074516973837,179.87618590065227,8996,47898624,9.135482624222078,143.98003690529123,889,9306112,1.7749116232454731,191.48926884139485,914,3743744,0.7140269470274483,177.93485229759298,1803,13049856,2.4889385702729214,184.6180892956184,0,0,0,0,4195,60739584,11.58457942830419,193.84248867699642,4195,60739584,11.58457942830419,193.84248867699642,
200,2966.3983335622506,5860,39915520,7.612763706917255,202.2827899317406,8973,80302080,15.315365056348156,251.62337467959432,14833,120217600,22.92812876326541,232.1306337221061,4998,31862784,6.076930618379612,117.48312605042017,3876,15876096,3.0279191511555954,182.2264161506708,8874,47738880,9.104849769535209,145.7618044850124,862,8052736,1.535833088537642,693.9634396751741,884,3620864,0.6905780520179429,817.332899321267,1746,11673600,2.226411140555585,756.4254112256586,0,0,0,0,4213,60805120,11.596867853174617,196.7682575361975,4213,60805120,11.596867853174617,196.7682575361975,
205,2986.925536543759,5820,41275392,7.872459991146913,126.36890927835051,9115,82563072,15.747263673866064,199.50872715304442,14935,123838464,23.619723665012977,171.00697020421828,4897,30797824,5.874072310552112,122.05679722278947,3998,16375808,3.1233596352689648,191.18437718859428,8895,47173632,8.997431945821077,153.1272935356942,923,10477568,1.9983876805948002,149.24692957746478,945,3870720,0.7382628452549204,190.7558380952381,1868,14348288,2.7366505258497207,170.2458153104925,0,0,0,0,4172,62316544,11.885641193342178,209.46851414189837,4172,62316544,11.885641193342178,209.46851414189837,
210,2982.585651446578,5709,39198720,7.475523980772229,163.62164862497812,9206,82247680,15.685320954431175,190.93175820117315,14915,121446400,23.160844935203404,180.47829420046932,4851,30687232,5.8523119816035045,119.23506658420945,3988,16334848,3.1151922293959924,185.53811735205616,8839,47022080,8.967504210999497,149.1498269034959,858,8511488,1.6232119991687242,414.5765547785548,900,3686400,0.7030273336149431,187.66829666666666,1758,12197888,2.3262393327836675,298.41191751990897,0,0,0,0,4318,62226432,11.86710139142024,196.5933967114405,4318,62226432,11.86710139142024,196.5933967114405,
215,3023.6401856084567,5868,42598400,8.124033236795208,130.13891990456713,9252,82870272,15.804369273734679,184.5621685041072,15120,125468672,23.928402510529885,163.44076488095237,4955,32272384,6.15473633391437,112.24957578203835,4004,16400384,3.1277527961661553,178.10075124875124,8959,48672768,9.282489130080526,141.68010447594597,913,10326016,1.9692969028808385,227.22730996714128,946,3874816,0.7389745617315642,174.82362367864692,1859,14200832,2.7082714646124026,200.56034534696073,0,0,0,0,4302,62595072,11.93764191583696,192.71748651789866,4302,62595072,11.93764191583696,192.71748651789866,
220,2982.2869970505117,5733,39780352,7.586703745095137,151.70146816675387,9180,83120128,15.852242493741311,207.03844389978215,14913,122900480,23.438946238836447,185.76526735063368,4865,30285824,5.775956290283509,119.66023617677287,4009,16420864,3.1317025652889625,198.53090845597404,8874,46706688,8.907658855572471,155.29157775524,868,9494528,1.8107474548116276,331.2874055299539,950,3891200,0.7421096126277162,218.3048052631579,1818,13385728,2.552857067439344,272.24809295929595,0,0,0,0,4221,62808064,11.978430315824632,212.58302250651502,4221,62808064,11.978430315824632,212.58302250651502,
225,3008.6341154571865,5936,40919040,7.8006275572992685,120.60194541778975,9115,84074496,16.027595719832313,189.3379154141525,15051,124993536,23.82822327713158,162.2289712975882,5015,31838208,6.069497297586308,114.1192554336989,3933,16109568,3.0710578761619645,181.8361426392067,8948,47947776,9.140555173748272,143.88350637013858,921,9080832,1.7311302597129608,155.90128338762216,903,3698688,0.7051017701943183,185.4335891472868,1824,12779520,2.4362320299072793,170.52171765350877,0,0,0,0,4279,64266240,12.251436073476029,197.05702710913764,4279,64266240,12.251436073476029,197.05702710913764,
230,3002.6792280376976,5861,41136128,7.845778181817439,115.26436171301826,9153,83288064,15.885298571052056,183.39952463673114,15014,124424192,23.731076752869495,156.8016699746903,4929,31498240,6.007570867089127,112.86455021302496,3916,16039936,3.0592519526035136,175.74818232890703,8845,47538176,9.066822819692641,140.7053985302431,932,9637888,1.8382073147283116,127.9560686695279,888,3637248,0.6937220975260266,176.77475900900902,1820,13275136,2.531929412254338,151.7752978021978,0,0,0,0,4349,63610880,12.132324520922515,191.64175235686363,4349,63610880,12.132324520922515,191.64175235686363,
235,2948.890636262307,5921,40144896,7.656747288807348,114.75595068400608,8824,79646720,15.190842876324751,183.33686298730734,14745,119791616,22.847590165132097,155.79752207527977,4998,30834688,5.881031893698777,108.10465806322529,3891,15937536,3.0397310173195993,176.89710794140322,8889,46772224,8.920762911018377,138.21731668354147,923,9310208,1.7757153951085707,150.77237594799567,856,3506176,0.6687251993897653,175.2931261682243,1779,12816384,2.444440594498336,162.57100562113547,0,0,0,0,4077,60203008,11.482386659615386,191.1716742702968,4077,60203008,11.482386659615386,191.1716742702968,
240,3016.4104878972876,5925,40464384,7.71697224965643,114.00991274261602,9159,82821120,15.794835397110337,180.41300906212467,15084,123285504,23.511807646766766,154.32985169716255,5024,31514624,6.010161401848018,108.53770382165605,4008,16416768,3.130845710762524,173.12024201596807,9032,47931392,9.141007112610541,137.19656266607618,901,8949760,1.7068108478084119,144.52309544950054,932,3817472,0.7280309886304073,175.6401770386266,1833,12767232,2.434841836438819,160.34476486633935,0,0,0,0,4219,62586880,11.935958697717407,188.39539582839535,4219,62586880,11.935958697717407,188.39539582839535,
245,2997.0540164959107,5965,40206336,7.668376481049984,147.36692489522213,9021,80551936,15.363314168330175,179.55411639507815,14986,120758272,23.03169064938016,166.74238562658482,5017,30818304,5.87783869635494,104.69882140721546,3873,15863808,3.025633874399612,173.5398982700749,8890,46682112,8.903472570754552,134.68999021372326,948,9388032,1.7905377846950452,373.17481012658226,893,3657728,0.6976222695168741,175.9678006718925,1841,13045760,2.4881600542119195,277.5170917979359,0,0,0,0,4255,61030400,11.640058024413689,185.78106039952996,4255,61030400,11.640058024413689,185.78106039952996,
250,3029.7031694748225,6021,40558592,7.735690264244879,117.65647417372529,9128,83013632,15.833087718183293,182.79269237510957,15149,123572224,23.56877798242817,156.90417367483002,5105,31223808,5.955278416919684,108.63749794319295,3966,16244736,3.098338475862976,177.04653832576903,9071,47468544,9.05361689278266,138.54712799029875,916,9334784,1.7804118473251949,167.9205283842795,917,3756032,0.7163833541014496,176.77667502726283,1833,13090816,2.4967952014266444,172.35101745771956,0,0,0,0,4245,63012864,12.018365888218867,189.46075712603061,4245,63012864,12.018365888218867,189.46075712603061,
255,3019.179918087543,6024,42352640,8.077536191230354,123.1102103253652,9073,83111936,15.851188283970515,193.16482288107574,15097,125464576,23.92872447520087,165.21165430217923,5112,32788480,6.253450407233944,116.44446909233177,3928,16089088,3.068526321001241,186.24703716904278,9040,48877568,9.321976728235185,146.77461150442477,912,9564160,1.8240857839964097,160.47344407894735,939,3846144,0.7335402788747875,189.4073205537806,1851,13410304,2.557626062871197,175.1514073473798,0,0,0,0,4206,63176704,12.049121684094485,200.46424203518785,4206,63176704,12.049121684094485,200.46424203518785,
260,2990.1202768151556,5917,39784448,7.588078935121816,127.02866013182356,9034,79486976,15.1605332868294,194.59176378127077,14951,119271424,22.748612221951216,167.853024948164,5016,30736384,5.862343697019881,118.79546032695374,4003,16396288,3.1272603703585533,187.52534424181866,9019,47132672,8.989604067378435,149.30058565251136,901,9048064,1.7257352381019346,172.8640987791343,902,3694592,0.7046687119818674,191.4305953436807,1803,12742656,2.430403950083802,182.15249584026623,0,0,0,0,4129,59396096,11.328604204488979,202.13311794623394,4129,59396096,11.328604204488979,202.13311794623394,
265,2978.8489967824253,5887,40292352,7.684766695343634,149.69125055206388,9008,83677184,15.959347241961481,197.9970098801066,14895,123969536,23.644113937305114,178.90496522322925,4990,30564352,5.829391997626735,117.46515991983968,3967,16248832,3.0990616529864994,193.6956833879506,8957,46813184,8.928453650613234,151.22718812102266,897,9728000,1.8553746977168983,328.96459754738015,870,3563520,0.6796530471636638,195.6342011494253,1767,13291520,2.535027744880562,263.31805263157895,0,0,0,0,4171,63864832,12.180632541811319,202.58080412371135,4171,63864832,12.180632541811319,202.58080412371135,
270,3014.031425878147,5896,40738816,7.768846966063089,117.97651899592944,9177,84738048,16.15945164225952,190.78432821183392,15073,125476864,23.92829860832261,162.30460664764811,5021,31571968,6.0207392333012555,112.63889125672176,3939,16134144,3.076763341978937,185.63938969281543,8960,47706112,9.097502575280192,144.73140948660716,875,9166848,1.7481077327618333,148.605352,956,3915776,0.7467341342807473,184.10927928870294,1831,13082624,2.4948418670425805,167.14262916439105,0,0,0,0,4282,64688128,12.335954165999835,197.00741546006537,4282,64688128,12.335954165999835,197.00741546006537,
275,2919.5884098370093,5822,39936000,7.616635502621873,131.1022205427688,8777,79568896,15.175462694762308,194.83485268314914,14599,119504896,22.79209819738418,169.41863346804575,4940,31256576,5.961286720052053,115.6205898785425,3854,15785984,3.0107193053440717,187.7653238194084,8794,47042560,8.972006025396125,147.23826154196044,882,8679424,1.6553487825698203,217.81339455782313,885,3624960,0.6913561456226007,202.91418644067795,1767,12304384,2.346704928192421,210.351142614601,0,0,0,0,4038,60157952,11.473387243795635,199.8115128776622,4038,60157952,11.473387243795635,199.8115128776622,
280,3002.5654678097703,5944,41005056,7.820482887389376,117.99351985195156,9070,81776640,15.596438002869734,188.37438787210584,15014,122781696,23.41692089025911,160.51080191820967,5018,31793152,6.0635888694352555,112.70707991231566,3894,15949824,3.0419498914688075,182.22858269131999,8912,47742976,9.105538760904063,143.0837329443447,926,9211904,1.7568940179541213,146.64077213822893,932,3817472,0.7280681301615122,181.68978433476394,1858,13029376,2.4849621481156334,164.22186975242195,0,0,0,0,4244,62009344,11.826419981239413,195.4813190386428,4244,62009344,11.826419981239413,195.4813190386428,
285,2992.422348519319,5816,40275968,7.681061880019981,131.3388325309491,9148,83189760,15.865185272369146,204.11487581985133,14964,123465728,23.546247152389128,175.82929256883185,4965,31342592,5.977370640284033,116.94063726082578,4031,16510976,3.1488213605573625,196.14533540064502,8996,47853568,9.126192000841396,152.43131514006225,851,8933376,1.7036912397359483,215.34240423031727,910,3727360,0.7108477891608037,192.6041967032967,1761,12660736,2.414539028896752,203.59239352640546,0,0,0,0,4207,62951424,12.005516122650981,214.24084097932018,4207,62951424,12.005516122650981,214.24084097932018,
290,3006.8611984761,5873,39964672,7.622304392233567,136.29020841137407,9162,82427904,15.721149286595091,193.5749326566252,15035,122392576,23.343453678828656,171.1982658463585,4962,31068160,5.925507719082875,116.26951027811367,3968,16252928,3.099856905645464,186.9675025201613,8930,47321088,9.025364624728338,147.68380291153414,911,8896512,1.6967966731506925,245.33818221734356,894,3661824,0.698405260495727,188.14863870246086,1805,12558336,2.3952019336464194,217.012724099723,0,0,0,0,4300,62513152,11.922887120453899,200.80037209302327,4300,62513152,11.922887120453899,200.80037209302327,
295,2988.6954627777122,5788,40275968,7.680734625248092,123.67870024187975,9158,81743872,15.588774627893438,199.11695828783576,14946,122019840,23.26950925314153,169.90267770640975,4882,31256576,5.9607124911286675,116.7351915198689,3942,16146432,3.0791676896906313,193.3089928970066,8824,47403008,9.0398801808193,150.94347858114236,906,9019392,1.7200221341194242,161.0939426048565,952,3899392,0.7436244648872352,195.1129306722689,1858,12918784,2.4636465990066596,178.52455435952638,0,0,0,0,4264,61698048,11.765982473315571,205.38028705440902,4264,61698048,11.765982473315571,205.38028705440902,
300,3022.4662238314536,5953,42151936,8.03948791744108,618.7782738115236,9160,82239488,15.685243261722091,385.0775748908297,15113,124391424,23.72473117916317,477.13211473565804,5054,32989184,6.2919090163317914,112.72070083102494,3947,16166912,3.083457274330964,177.6855419305802,9001,49156096,9.375366290662756,141.20822753027443,899,9162752,1.7475789011092895,3463.7337508342603,968,3964928,0.7562165294026787,2097.6943243801657,1867,13127680,2.503795430511968,2755.4712094268884,0,0,0,0,4245,62107648,11.845569457988448,187.37753733804476,4245,62107648,11.845569457988448,187.37753733804476,
305,2991.0481881527908,5921,40275968,7.681641365219852,228.75031970950855,9035,81793024,15.599989466294641,238.35185058107362,14956,122068992,23.281630831514494,234.55065612463224,4934,31141888,5.939542286155449,132.79163822456425,3903,15986688,3.0490639935373824,233.28807737637715,8837,47128576,8.988606279692831,177.1774707479914,987,9134080,1.7420990790644024,708.4465045592706,955,3911680,0.7460558836352037,234.08881465968585,1942,13045760,2.488154962699606,475.1758589083419,0,0,0,0,4177,61894656,11.804869589122056,244.05812449126168,4177,61894656,11.804869589122056,244.05812449126168,
310,2986.129604172664,5899,41107456,7.839915090984562,111.34428428547211,9033,81125376,15.472036497811901,185.16842964685046,14932,122232832,23.31195158879646,156.00364036967585,5051,32329728,6.165847928770541,109.4816414571372,3864,15826944,3.018476675125981,181.2258152173913,8915,48156672,9.184324603896522,140.57748973639931,848,8777728,1.674067162214021,122.43887028301887,930,3809280,0.7264967152865327,183.80767956989246,1778,12587008,2.400563877500554,154.53841619797527,0,0,0,0,4239,61489152,11.727063107399387,189.06080042462847,4239,61489152,11.727063107399387,189.06080042462847,
315,2990.3644561686624,5758,40321024,7.690019275637704,116.62053021882598,9195,83525632,15.929995232507524,192.64267297444263,14953,123846656,23.62001450814523,163.36858095365477,4841,31322112,5.973748212190322,112.29506506920058,3932,16105472,3.07163305483619,184.3560493387589,8773,47427584,9.045381267026512,144.59231688134045,917,8998912,1.7162710634473828,139.45540130861505,978,4005888,0.7640023213707512,182.01823415132924,1895,13004800,2.480273384818134,161.4218659630607,0,0,0,0,4285,63414272,12.094359856300583,202.6715423570595,4285,63414272,12.094359856300583,202.6715423570595,
320,3023.341036989092,5920,41816064,7.975625704562134,130.99133885135134,9197,83972096,16.016093894527213,203.10787006632597,15117,125788160,23.991719599089347,174.86616438446782,4985,32145408,6.131130427015734,118.91154463390171,4027,16494592,3.1460323941886292,195.43289247578844,9012,48640000,9.277162821204364,153.1050053262317,935,9670656,1.8444952775464,195.39537540106951,916,3751936,0.7156110437240587,195.15083406113536,1851,13422592,2.560106321270459,195.27435980551053,0,0,0,0,4254,63725568,12.154450456614525,212.08666173013634,4254,63725568,12.154450456614525,212.08666173013634,
325,2988.5115747241225,5893,41332736,7.88336049397636,128.31479840488717,9050,79335424,15.131583530653861,203.96014541436463,14943,120668160,23.01494402463022,174.12824887907382,4961,30896128,5.892794391642423,123.25489659342874,3965,16240640,3.0975645980196482,196.58812509457755,8926,47136768,8.99035898966207,155.83009836432893,932,10436608,1.9905661023339378,155.24846030042917,918,3760128,0.717166280197235,198.9588671023965,1850,14196736,2.707732382531173,176.93827297297298,0,0,0,0,4167,59334656,11.316852652436978,212.0765922726182,4167,59334656,11.316852652436978,212.0765922726182,
330,3003.722080351775,5977,40632320,7.748251272375933,329.1937666053204,9045,83574784,15.937028121124854,349.0315272526257,15022,124207104,23.685279393500785,341.1384174544002,5045,31391744,5.986148966883987,127.44415936570861,3886,15917056,3.0352524641585563,221.04372542460115,8931,47308800,9.021401431042543,168.170608106595,932,9240576,1.7621023054919462,1421.2825740343349,914,3743744,0.7139013773136696,1403.519841356674,1846,12984320,2.476003682805616,1412.4878082340194,0,0,0,0,4245,63913984,12.187874279652627,239.15126313309776,4245,63913984,12.187874279652627,239.15126313309776,
335,2969.9001561146115,5937,42110976,8.031761233431798,123.63324793666835,8913,79032320,15.073711992905995,201.67124985975542,14850,121143296,23.105473226337793,170.47181434343435,4984,31698944,6.045890495625784,116.98031159711074,3880,15892480,3.0311480970445848,193.13886881443298,8864,47591424,9.077038592670368,150.3168641696751,953,10412032,1.9858707378060139,158.42677859391395,945,3870720,0.7382564308523537,196.311455026455,1898,14282752,2.724127168658368,177.2892755532139,0,0,0,0,4088,59269120,11.304307465009057,211.00849168297455,4088,59269120,11.304307465009057,211.00849168297455,
340,3007.4255378138646,5861,40349696,7.694623964481274,164.3418747653984,9179,80789504,15.406432146526104,283.69833086392856,15040,121139200,23.101056111007377,237.18581828457445,4974,31494144,6.005884038462747,157.00237414555687,4022,16474112,3.1415874109373347,283.0914162108404,8996,47968256,9.147471449400081,213.37522065362384,887,8855552,1.6887399260185274,205.4993449830891,952,3899392,0.7436079600229594,263.6136512605042,1839,12754944,2.432347886041487,235.58353181076671,0,0,0,0,4205,60416000,11.521236775565809,288.8259469678954,4205,60416000,11.521236775565809,288.8259469678954,
345,3016.1164674479874,5995,40816640,7.784940642954917,123.66472693911594,9086,82374656,15.711283619715639,195.4693178516399,15081,123191296,23.496224262670555,166.92555268218285,5029,31019008,5.9162423973003095,118.79838576257704,4010,16424960,3.1327257379075983,190.59217231920198,9039,47443968,9.048968135207907,150.64848910277686,966,9797632,1.8686982456546073,148.9989192546584,908,3719168,0.7093553541197255,191.20254295154183,1874,13516800,2.5780535997743326,169.4476334044824,0,0,0,0,4168,62230528,11.869202527688314,201.09109932821497,4168,62230528,11.869202527688314,201.09109932821497,
350,2983.573804529013,5889,39841792,7.598642669544108,121.81127508914926,9030,82456576,15.726151493841106,201.7742897009967,14919,122298368,23.324794163385214,170.21036497084256,4991,31408128,5.990170863582216,116.96883229813665,3891,15937536,3.0396133059726664,203.03823644307374,8882,47345664,9.029784169554883,154.6738594911056,898,8433664,1.6084718059618914,148.72511915367483,941,3854336,0.7351005193832637,188.49538363443145,1839,12288000,2.3435723253451552,169.07521098423055,0,0,0,0,4198,62664704,11.951437668485177,203.5793001429252,4198,62664704,11.951437668485177,203.5793001429252,
355,2952.2302095648497,5747,40439808,7.712837664652528,124.21457769270924,9015,84541440,16.124072662658584,197.7006374930671,14762,124981248,23.83691032731111,169.09175077902722,4855,31092736,5.930127692938048,113.93818702368691,3877,15880192,3.028732059744541,191.99521253546558,8732,46972928,8.958859752682589,148.59543483737974,892,9347072,1.782709971714481,180.1471748878924,879,3600384,0.6866792572905472,198.22401592718998,1771,12947456,2.469389229005028,189.1192490118577,0,0,0,0,4259,65060864,12.408661345623495,202.7863108710965,4259,65060864,12.408661345623495,202.7863108710965,
360,3023.753278552385,5894,40505344,7.72464003176577,183.7923841194435,9227,85622784,16.328837619985002,247.8613367291644,15121,126128128,24.05347765175077,222.88796151048209,4926,30658560,5.846792460083607,138.59455014210315,3993,16355328,3.1190704466417962,244.52369120961683,8919,47013888,8.965862906725404,186.01859547034422,968,9846784,1.8778475716821632,413.79706404958677,930,3809280,0.7264551754011697,227.4969139784946,1898,13656064,2.604302747083333,322.5119536354057,0,0,0,0,4304,65458176,12.483311997942035,255.3581145446097,4304,65458176,12.483311997942035,255.3581145446097,
365,2999.6929967512356,5928,41304064,7.877843986276027,141.38835998650472,9071,80117760,15.280704915862664,238.52628001322898,14999,121421824,23.15854890213869,200.13481458763917,4985,32296960,6.159936516440547,135.70119899699097,3913,16027648,3.0569222053052454,232.68446128290316,8898,48324608,9.216858721745792,178.3507275792313,943,9007104,1.7179074698354804,171.45251431601272,912,3735552,0.7124745850340873,224.42702192982455,1855,12742656,2.430382054869568,197.49712398921832,0,0,0,0,4246,60354560,11.51130812552333,246.93832901554404,4246,60354560,11.51130812552333,246.93832901554404,
370,3032.4025657272705,5932,40640512,7.751057842575775,126.76319858395145,9231,82464768,15.72788223589781,188.02644718882027,15163,123105280,23.478940078473585,164.0593172854976,4998,31264768,5.962893016768886,112.72918027210885,4039,16543744,3.155263316484938,183.39573805397376,9037,47808512,9.118156333253824,144.3129167865442,934,9375744,1.7881648258068885,201.86172483940044,882,3612672,0.6890176393017369,182.57394217687073,1816,12988416,2.4771824651086254,192.49398017621144,0,0,0,0,4310,62308352,11.883601280111135,193.48179373549885,4310,62308352,11.883601280111135,193.48179373549885,
375,3026.3948703504084,6007,42323968,8.072109120829369,134.28369319127683,9126,83730432,15.969230102389814,194.03498411133026,15133,126054400,24.041339223219182,170.31688429260558,5100,32419840,6.183174653185372,115.42432529411765,3953,16191488,3.0880719398663015,188.50408525170755,9053,48611328,9.271246593051673,147.33466342648848,907,9904128,1.888934467643996,240.3286504961411,950,3891200,0.7421371977923061,190.9526810526316,1857,13795328,2.6310716654363024,215.069,0,0,0,0,4223,63647744,12.139020964731206,199.9056521430263,4223,63647744,12.139020964731206,199.9056521430263,
380,3023.257276256548,5964,41410560,7.898064643425474,125.84684557344065,9153,83615744,15.947684632135275,198.82752004807165,15117,125026304,23.84574927556075,170.03498564529997,5064,32215040,6.144241188975406,117.50492041864139,3952,16187392,3.0873542503281377,193.46814245951418,9016,48402432,9.231595439303543,150.80202040816326,900,9195520,1.7538234544500682,172.78407777777778,932,3817472,0.7280906278607856,192.8279678111588,1832,13012992,2.481914082310854,182.98107860262007,0,0,0,0,4269,63610880,12.132239753946351,205.09874115717966,4269,63610880,12.132239753946351,205.09874115717966,
385,2983.307004340903,5737,39194624,7.4745460707974365,132.22684992156178,9182,82792448,15.788797129170089,198.6691597691135,14919,121987072,23.263343199967526,173.11922132850725,4867,31150080,5.940424586520483,116.43102814875694,3994,16359424,3.1197969491864312,194.29380871306958,8861,47509504,9.060221535706914,151.5268351201896,870,8044544,1.5341214842769533,220.59267126436782,927,3796992,0.7240990916113725,191.31125458468176,1797,11841536,2.2582205758883256,205.48756649972177,0,0,0,0,4261,62636032,11.944901088372285,204.37109129312367,4261,62636032,11.944901088372285,204.37109129312367,
390,2980.0640548419333,5856,40644608,7.751990118164391,117.62912602459016,9045,83656704,15.955522137800012,184.55749076838032,14901,124301312,23.707512255964403,158.25506113683645,4954,31608832,6.028631234694609,108.65214513524425,3927,16084992,3.0678288011721824,177.6709325184619,8881,47693824,9.09646003586679,139.17086803287916,902,9035776,1.723358883469782,166.93285476718404,894,3661824,0.6984056399918337,180.3091991051454,1796,12697600,2.421764523461616,173.59123552338528,0,0,0,0,4224,63909888,12.189287696635997,191.85897916666664,4224,63909888,12.189287696635997,191.85897916666664,
395,2990.7918093260896,5902,41058304,7.829657804634933,128.10962097594035,9055,81178624,15.480445733246183,192.68263478741025,14957,122236928,23.310103537881115,167.20226255265095,4996,32038912,6.109695066625544,113.9027878302642,3976,16285696,3.1056184588216773,185.78486695171026,8972,48324608,9.215313525447222,145.75779748105217,906,9019392,1.7199627380093898,206.45105408388523,954,3907584,0.7451609682384005,181.91375890985327,1860,12926976,2.46512370624779,193.86579623655913,0,0,0,0,4125,60985344,11.629666306186106,201.82179418181818,4125,60985344,11.629666306186106,201.82179418181818,
400,2978.6399908476023,5915,40677376,7.757656131752355,175.07096196111578,8980,80093184,15.274716342793832,198.79883340757237,14895,120770560,23.032372474546186,189.37618422289358,4920,30912512,5.895381213003224,117.01707479674796,3922,16064512,3.063692211130071,187.81392478327382,8842,46977024,8.959073424133296,148.4200657091156,995,9764864,1.8622749187491303,462.13138894472365,910,3727360,0.7108515839185019,223.21082307692308,1905,13492224,2.573126502667632,348.00135485564306,0,0,0,0,4148,60301312,11.50017254774526,203.82966779170687,4148,60301312,11.50017254774526,203.82966779170687,
405,2979.9007847993503,5865,41086976,7.836457836703618,174.1657641943734,9035,81117184,15.471359884166928,309.5387972329828,14900,122204160,23.307817720870545,256.25270067114093,4964,31694848,6.045111229230645,163.06404431909752,3942,16146432,3.079584965834479,305.1504363267377,8906,47841280,9.124696195065123,225.95474242083986,901,9392128,1.7913466074729734,235.32995671476138,944,3866624,0.7374754459025237,307.5949004237288,1845,13258752,2.5288220533754973,272.3045403794038,0,0,0,0,4149,61104128,11.654299472429924,314.1505006025548,4149,61104128,11.654299472429924,314.1505006025548,
410,2995.968289358215,6050,42242048,8.055870421628681,257.38723404958677,8932,79343616,15.131413355703401,436.70693439319297,14982,121585664,23.187283777332084,364.29442691229474,5137,33542144,6.396734498469628,238.26214677827525,3933,16109568,3.072213552629264,426.5088504958047,9070,49651712,9.468948051098891,319.8910647188534,913,8699904,1.6591359231590534,364.99465279299017,900,3686400,0.7030236962538362,421.0754322222222,1813,12386304,2.3621596194128895,392.8339806949807,0,0,0,0,4099,59547648,11.356176106820302,449.92416199072943,4099,59547648,11.356176106820302,449.92416199072943,
415,2985.685372970024,5735,40140800,7.655956071003331,276.82332484742807,9194,83927040,16.007197948454923,573.198665325212,14929,124067840,23.663154019458254,459.3455889208922,4846,30347264,5.788059033679968,275.505619892695,4018,16457728,3.1389419891113657,581.1177237431558,8864,46804992,8.927001022791334,414.037821299639,889,9793536,1.8678970373233639,284.0062249718785,968,3964928,0.7562209670133903,513.329098140496,1857,13758464,2.6241180043367542,403.5455578890684,0,0,0,0,4208,63504384,12.112034992330168,579.4094458174905,4208,63504384,12.112034992330168,579.4094458174905,
420,3012.311142243464,5838,41209856,7.859924396378171,294.9671519355944,9224,83013632,15.833126701261941,486.12745164787515,15062,124223488,23.69305109764011,412.0341154561147,4917,31903744,6.084976754138712,286.62072544234286,4053,16601088,3.166312849470304,477.36442166296575,8970,48504832,9.251289603609015,372.8062550724638,921,9306112,1.7749476422394597,339.5267383279044,926,3792896,0.7234161605254136,451.944222462203,1847,13099008,2.498363802764873,395.8876426637791,0,0,0,0,4245,62619648,11.943397691266224,501.95082756183746,4245,62619648,11.943397691266224,501.95082756183746,
425,2962.6293815821487,5817,37711872,7.1920690379859,215.09855440948942,8998,78065664,14.887981296293393,315.20429595465663,14815,115777536,22.080050334279292,275.89851812352344,4923,29048832,5.539931966698816,180.24571115173677,3913,16027648,3.0566488699509966,294.1533508816765,8836,45076480,8.596580836649814,230.6894180624717,894,8663040,1.6521370712870835,407.02310402684566,964,3948544,0.7530307975039,392.60927074688794,1858,12611584,2.4051678687909837,399.5446673842842,0,0,0,0,4121,58089472,11.078301628838496,317.08586653724825,4121,58089472,11.078301628838496,317.08586653724825,
430,3019.3257341121557,5892,40652800,7.753201973942934,156.7747214867617,9206,84975616,16.20634036790127,239.06359917445144,15098,125628416,23.959542341844205,206.95033468009007,4936,31088640,5.929148915085831,140.66426701782822,4033,16519168,3.1504950691095064,237.21201438135384,8969,47607808,9.079643984195338,184.07792128442415,956,9564160,1.8240530588571033,239.95589644351466,915,3747840,0.7147788217791219,230.2665519125683,1871,13312000,2.5388318806362253,235.21738749331908,0,0,0,0,4258,64708608,12.341066477012642,242.70773720056366,4258,64708608,12.341066477012642,242.70773720056366,
435,3024.641440250896,5887,40599552,7.74283211667533,145.0392118226601,9238,81702912,15.581746593152019,263.69553323230133,15125,122302464,23.32457870982735,217.51174717355372,4974,31252480,5.960230937271263,140.47022074788902,3996,16367616,3.1215049574490132,253.40524324324326,8970,47620096,9.081735894720277,190.78107357859534,913,9347072,1.7826011794040661,169.93095509309967,1008,4128768,0.7874066559330843,257.95584126984124,1921,13475840,2.5700078353371505,216.1199635606455,0,0,0,0,4234,61206528,11.67283497976992,274.7738535663675,4234,61206528,11.67283497976992,274.7738535663675,
440,2998.101295909516,6046,41177088,7.85364769064,155.24927770426729,8945,80736256,15.39871179053069,214.9556444941308,14991,121913344,23.25235948117069,190.87555019678473,5114,32133120,6.128704479565383,132.36307469691045,3838,15720448,2.998338788090751,209.38846430432517,8952,47853568,9.127043267656134,165.38624776586238,932,9043968,1.7249432110746163,280.8287221030043,954,3907584,0.7452879634806088,210.9848616352201,1886,12951552,2.470231174555225,245.49943107104986,0,0,0,0,4153,61108224,11.655085038959331,221.0127031061883,4153,61108224,11.655085038959331,221.0127031061883,
445,3014.026925555571,5862,39804928,7.591247859894652,142.70896178778574,9210,84148224,16.04801358650707,231.49170054288817,15072,123953152,23.639261446401722,196.96115286624206,4995,31293440,5.968011283144179,131.9788838838839,4006,16408576,3.129300157104134,223.25599126310533,9001,47702016,9.097311440248314,172.60282479724475,867,8511488,1.6232365767504717,204.52757670126874,929,3805184,0.7256914243509087,208.06771367061356,1796,12316672,2.3489280011013807,206.35875,0,0,0,0,4275,63934464,12.193022005052029,244.2994514619883,4275,63934464,12.193022005052029,244.2994514619883,
450,3028.8712693364077,5932,41631744,7.940287528251705,216.05305310182064,9213,84426752,16.10244062695043,389.15382524693365,15145,126058496,24.04272815520213,321.3536416639155,4968,31232000,5.956778079783476,191.71621115136878,4023,16478208,3.1428351757336292,375.3070129256773,8991,47710208,9.099613255517106,273.86344678011346,964,10399744,1.983509448468229,341.47362448132776,920,3768320,0.7187194535607604,450.91746630434784,1884,14168064,2.702228902028989,394.9175387473461,0,0,0,0,4270,64180224,12.240885997656038,388.8922740046838,4270,64180224,12.240885997656038,388.8922740046838,
455,2992.345179066179,5823,39469056,7.5274839775304345,155.43851949167097,9140,82178048,15.67288408480626,254.5750010940919,14963,121647104,23.200368062336693,215.99505506917063,4932,31256576,5.961211107568986,146.45499371451746,4067,16658432,3.1770731980714277,245.53312957954267,8999,47915008,9.138284305640413,191.23227769752197,891,8212480,1.566272869961449,205.16551066217733,860,3522560,0.6718177896093995,242.17506744186048,1751,11735040,2.2380906595708483,223.34267732724157,0,0,0,0,4213,61997056,11.823993097125431,265.8347291716117,4213,61997056,11.823993097125431,265.8347291716117,
460,2994.104592460027,6017,41836544,7.97836739135306,117.84760345687219,8956,82448384,15.72317967696747,187.47584613666814,14973,124284928,23.70154706832053,159.4952720229747,5088,32731136,6.241935953035275,111.89603950471698,3856,15794176,3.0120016311981006,182.9458179460581,8944,48525312,9.253937584233375,142.52751822450804,929,9105408,1.7364314383177846,150.44346716899892,935,3829760,0.7303479059051411,175.55788663101603,1864,12935168,2.4667793442229256,163.0410971030043,0,0,0,0,4165,62824448,11.98083013986423,194.34525330132053,4165,62824448,11.98083013986423,194.34525330132053,
465,3009.7146065713537,6039,41570304,7.9286812926971555,127.00090594469283,9010,81379328,15.5214346165442,199.8266064372919,15049,122949632,23.450115909241354,170.60244501295767,5138,32137216,6.129513589762723,121.4788213312573,3870,15851520,3.023351719650999,192.55886795865635,9008,47988736,9.152865309413723,152.01609713587922,901,9433088,1.799167702934432,158.490884572697,925,3788800,0.7226357469450063,200.43201297297296,1826,13221888,2.521803449879438,179.73707502738228,0,0,0,0,4215,61739008,11.775447149948194,206.36661755634637,4215,61739008,11.775447149948194,206.36661755634637,
470,2982.7986298438905,5982,42737664,8.15046576028655,224.72825409562017,8934,80969728,15.441672143889642,195.69299373181107,14916,123707392,23.592137904176194,207.3374646017699,5027,32575488,6.212445293421404,113.3214428088323,3888,15925248,3.0370913241320787,189.3811077674897,8915,48500736,9.249536617553483,146.49250028042627,955,10162176,1.938020466865146,811.159709947644,936,3833856,0.7311516150688337,189.85973183760683,1891,13996032,2.6691720819339797,503.63100581702804,0,0,0,0,4110,61210624,11.67342920468873,202.99239659367396,4110,61210624,11.67342920468873,202.99239659367396,
475,2992.6878608604998,6010,40669184,7.756222271363364,149.0561198003328,8955,79351808,15.133577808754401,220.4205956448911,14965,120020992,22.889800080117766,191.7603550952222,5045,31432704,5.994687250522959,125.97951397423192,3933,16109568,3.0723358035322903,209.93114569031272,8978,47542272,9.067023054055248,162.75627578525283,965,9236480,1.7615350208404055,269.70013678756476,921,3772416,0.7194562102855935,234.99356568946797,1886,13008896,2.4809912311259987,252.75169989395548,0,0,0,0,4101,59469824,11.341785794936516,227.2075503535723,4101,59469824,11.341785794936516,227.2075503535723,
480,3005.401535304215,5911,41517056,7.918227111954435,126.01633378446964,9117,82255872,15.688026525480364,202.23982044532193,15028,123772928,23.6062536374348,172.25864998669152,4975,31887360,6.081629643504862,121.63083959798995,4068,16662528,3.1779151431956043,195.08182620452308,9043,48549888,9.259544786700467,154.6728183125069,936,9629696,1.8365974684495736,149.32598504273503,918,3760128,0.7171401429335212,197.34399455337692,1854,13389824,2.5537376113830947,173.10189266450917,0,0,0,0,4131,61833216,11.792971239351239,210.37661268458,4131,61833216,11.792971239351239,210.37661268458,
485,2958.5956202145558,5872,40607744,7.744777490770939,118.90762397820164,8922,80056320,15.268476503643129,186.74428368078907,14794,120664064,23.013253994414068,159.81871481681765,4964,31363072,5.981618039825809,112.20771514907332,3913,16027648,3.0568200848685376,180.78185969844108,8877,47390720,9.038438124694347,142.43534020502423,908,9244672,1.763159450945129,155.53575991189427,915,3747840,0.714794372004782,178.15544262295083,1823,12992512,2.4779538229499107,166.88902907295667,0,0,0,0,4094,60280832,11.49686204676981,194.3626897899365,4094,60280832,11.49686204676981,194.3626897899365,
490,2997.7064859466295,5883,40296448,7.6856977431217635,148.67572582015978,9106,81371136,15.519828355850473,201.89808280254778,14989,121667584,23.205526098972236,181.00895570084728,4913,30507008,5.818568488592284,108.86473580297171,3983,16314368,3.111621682339295,178.17651418528746,8896,46821376,8.93019017093158,139.89765096672662,970,9789440,1.867129254529479,350.3163381443299,940,3850240,0.7343520917396277,351.40037127659576,1910,13639680,2.601481346269107,350.84984136125655,0,0,0,0,4183,61206528,11.67385458177155,190.88944226631602,4183,61206528,11.67385458177155,190.88944226631602,
495,3003.982166833968,5925,41709568,7.95489190260466,145.6630877637131,9096,82333696,15.702767566950435,199.8168855540897,15021,124043264,23.657659469555096,178.45604060981293,4999,31399936,5.988628235821205,119.1654524904981,4046,16572416,3.160708301869631,188.43036529906078,9045,47972352,9.149336537690836,150.14896130458817,926,10309632,1.9662636667834559,288.7102570194384,891,3649536,0.6960432765610087,235.51218855218855,1817,13959168,2.6623069433444644,262.6235872317006,0,0,0,0,4159,62111744,11.846015988519795,203.24687977879296,4159,62111744,11.846015988519795,203.24687977879296,
500,3000.697292057735,5945,42151936,8.0390327788045,155.01653540790582,9060,81178624,15.482031935004022,185.0387477924945,15005,123330560,23.52106471380852,173.14390923025658,5012,32198656,6.140786772343035,113.21507402234637,3884,15908864,3.034068925554045,180.1040921730175,8896,48107520,9.17485569789708,142.41886746852518,933,9953280,1.8982460064614648,379.57058092175777,965,3952640,0.7538302042120633,178.2472031088083,1898,13905920,2.652076210673528,277.2117507903056,0,0,0,0,4211,61317120,11.694132805237913,191.14657088577536,4211,61317120,11.694132805237913,191.14657088577536,
505,2995.1864875817423,5845,40296448,7.683850515486581,129.66089272882806,9135,80506880,15.35129923580898,197.21466228790365,14980,120803328,23.03514975129556,170.8560652870494,4948,31236096,5.956194758192789,120.98314005658852,3999,16379904,3.123370421979146,188.90938509627406,8947,47616000,9.079565180171935,151.3438256398793,897,9060352,1.7276557572937912,177.5288082497213,867,3551232,0.6771598289212102,211.13093425605535,1764,12611584,2.404815586215001,194.04413888888888,0,0,0,0,4269,60575744,11.550768984908624,202.16837409229328,4269,60575744,11.550768984908624,202.16837409229328,
510,2979.641903180259,5889,40521728,7.728496183720988,117.29916590253013,9010,82219008,15.68119922125052,186.67573418423973,14899,122740736,23.409695404971508,159.25385280891336,4977,31690752,6.044210550232415,113.71170825798674,3912,16023552,3.056087847034924,180.81634049079753,8889,47714304,9.10029839726734,143.24408774890315,912,8830976,1.6842856334885727,136.87677192982454,888,3637248,0.6937131922717312,180.35357657657656,1800,12468224,2.377998825760304,158.3253288888889,0,0,0,0,4210,62558208,11.931398181943864,193.45388717339668,4210,62558208,11.931398181943864,193.45388717339668,
515,3013.5172295303664,5918,41963520,8.00368641754738,244.3307749239608,9150,83582976,15.941749637527755,442.8125402185792,15068,125546496,23.945436055075135,364.8582604857977,5015,32743424,6.245140968460103,238.10315254237287,3957,16207872,3.091321342531477,428.95345615365176,8972,48951296,9.33646231099158,322.27553901025414,903,9220096,1.758545449087277,278.91718272425254,928,3801088,0.7249800874069272,439.6662058189655,1831,13021184,2.4835255364942044,360.3891070453304,0,0,0,0,4265,63574016,12.12544820758935,456.3553758499414,4265,63574016,12.12544820758935,456.3553758499414,
520,3023.553120235916,6069,42123264,8.033719029167088,308.98834964574064,9050,79486976,15.159699677170021,476.1223184530387,15119,121610240,23.19341870633711,409.03216323830947,5088,32366592,6.172933466402015,239.82280758647798,3955,16199680,3.0895914780587157,455.41543919089764,9043,48566272,9.262524944460731,334.11329282317814,981,9756672,1.8607855627650722,667.718500509684,905,3706880,0.7069735240564191,520.2235281767955,1886,13463552,2.5677590868214915,596.9428112407212,0,0,0,0,4190,59580416,11.363134675054887,486.14239307875897,4190,59580416,11.363134675054887,486.14239307875897,
525,2992.7992214800684,5841,40046592,7.637768853473373,145.65002448210925,9124,81911808,15.622389437635318,197.36998805348532,14965,121958400,23.26015829110869,177.18313157367191,4916,31109120,5.933195708512864,118.5461427990236,4029,16502784,3.1474450967213072,191.6937810871184,8945,47611904,9.08064080523417,151.49324561207376,925,8937472,1.7045731449605093,289.69616756756756,892,3653632,0.6968282517437095,196.33046412556052,1817,12591104,2.4014013967042187,243.8611607044579,0,0,0,0,4203,61755392,11.778116089170302,203.03182322150843,4203,61755392,11.778116089170302,203.03182322150843,
530,2930.655645867114,5703,39370752,7.509005131937818,117.14498982991408,8951,80543744,15.361743332753356,183.4925226231706,14654,119914496,22.870748464691175,157.67158775760885,4799,30322688,5.7833088838676305,110.28486622212961,3905,15994880,3.0506309862897605,176.38639897567222,8704,46317568,8.833939870157392,139.94094221047794,904,9048064,1.7256962480701872,153.56283628318585,958,3923968,0.7484006363292166,176.1696388308977,1862,12972032,2.474096884399404,165.1940483351235,0,0,0,0,4088,60624896,11.562711710134378,191.99661643835617,4088,60624896,11.562711710134378,191.99661643835617,
535,3037.7868020618557,6040,42078208,8.024689736516853,122.9449465231788,9151,82231296,15.68224191086463,205.66406545732707,15191,124309504,23.70693164738148,172.77462576525573,5102,32088064,6.119480131984136,116.05900156801255,3943,16150528,3.0800498034737616,200.67706949023585,9045,48238592,9.199529935457896,152.94667893864013,938,9990144,1.9052096045327171,160.39920149253732,924,3784704,0.721776824349418,196.88293506493505,1862,13774848,2.626986428882135,178.5039113856069,0,0,0,0,4284,62296064,11.88041528304145,212.14807329598506,4284,62296064,11.88041528304145,212.14807329598506,
540,2983.5558908595235,5908,40878080,7.795192124035034,210.66213134732567,9013,80572416,15.364651730650616,381.01503217574617,14921,121450496,23.15984385468565,313.5634580121976,4981,30404608,5.797967047766739,206.87298393896808,3956,16203776,3.089957920108476,374.0096562184024,8937,46608384,8.887924967875215,280.85672294953565,927,10473472,1.9972250762682946,231.0221564185545,922,3776512,0.7201570278918137,366.14608785249453,1849,14249984,2.7173821041601083,298.4014234721471,0,0,0,0,4135,60592128,11.554536782650326,391.03254945586457,4135,60592128,11.554536782650326,391.03254945586457,
545,2985.349144213263,5901,41668608,7.946456153941554,207.13763497712253,9028,81461248,15.535153837569018,410.0478309703146,14929,123129856,23.481609991510574,329.8433252059749,4961,31547392,6.016278904714229,196.34246603507356,3968,16252928,3.0995319000137704,394.6100090725807,8929,47800320,9.115810804728,284.45150520775,940,10121216,1.9301772492273253,264.1108617021277,935,3829760,0.7303584492219948,424.0107326203209,1875,13950976,2.66053569844932,343.84759733333334,0,0,0,0,4125,61378560,11.705263488333253,421.7331556363637,4125,61378560,11.705263488333253,421.7331556363637,
550,3029.775081926534,5922,39997440,7.626829690029564,240.62819284025667,9231,84316160,16.077653780774046,355.7024178312209,15153,124313600,23.704483470803613,310.7298341582525,4991,30543872,5.82419549396318,184.20427850130235,4048,16580608,3.1616391792360137,346.76422282608695,9039,47124480,8.985834673199195,257.00466069255447,931,9453568,1.8026341960663834,543.1112824919442,981,4018176,0.7661976370628778,343.24771967380224,1912,13471744,2.568831833129261,440.5662222803347,0,0,0,0,4202,63717376,12.149816964475155,367.22071204188484,4202,63717376,12.149816964475155,367.22071204188484,
555,2993.984403827311,5920,40562688,7.735644962028562,643.9773869932433,9052,80748544,15.399424899669906,935.9183641184269,14972,121311232,23.13506986169847,820.4835134250601,4992,31457280,5.999167253193917,618.8559727564102,3915,16035840,3.0581692443039303,802.4253642401021,8907,47493120,9.057336497497847,699.5424179858538,928,9105408,1.7364777088346455,779.113270474138,916,3751936,0.7155256775944828,893.5361419213974,1844,12857344,2.452003386429128,835.9523975054229,0,0,0,0,4221,60960768,11.625729977771494,1068.9312070599385,4221,60960768,11.625729977771494,1068.9312070599385,
560,2992.9910838349647,5877,40370176,7.699462563654024,183.6062565935001,9089,80371712,15.328617534904552,293.3757060182638,14966,120741888,23.02808009855858,250.27033021515436,4981,31453184,5.998800022960557,171.17607247540656,3895,15953920,3.042756360129102,282.9537240051348,8876,47407104,9.04155638308966,220.22676566020732,896,8916992,1.700662540693467,252.70753683035713,942,3858432,0.7358861338232642,290.2723152866242,1838,12775424,2.436548674516731,271.95999673558214,0,0,0,0,4252,60559360,11.549975040952187,303.61018720602067,4252,60559360,11.549975040952187,303.61018720602067,
565,2973.7666818346634,5881,40525824,7.729081085572923,128.81405135181092,8989,82042880,15.647209838692708,198.17515696962954,14870,122568704,23.376290924265632,170.74323618022865,4921,31432704,5.994842151878574,121.65368563300143,3910,16015360,3.054447851686894,191.0204641943734,8831,47448064,9.049290003565469,152.36641399614993,960,9093120,1.7342389336943491,165.51838437499998,897,3674112,0.7007262718575815,193.37482831661092,1857,12767232,2.4349652055519306,178.97408185245018,0,0,0,0,4182,62353408,11.892035715148232,205.89412960306075,4182,62353408,11.892035715148232,205.89412960306075,
570,3004.971876358017,5924,40878080,7.796283142046757,124.32110178933154,9102,81276928,15.501166972708798,190.28045132937814,15026,122155008,23.297450114755556,164.2759799680554,5012,32022528,6.107348858168492,116.36598204309657,3924,16072704,3.065392289518184,184.3202652905199,8936,48095232,9.172741147686676,146.20624697851386,912,8855552,1.6889342838782655,168.03936951754386,950,3891200,0.7421311608160741,186.7431,1862,12746752,2.43106544469434,177.58208915145005,0,0,0,0,4228,61313024,11.69364352237454,196.6069068117313,4228,61313024,11.69364352237454,196.6069068117313,
575,3006.7768334152915,5865,39739392,7.579124968249906,125.69028201193521,9170,82665472,15.766017327274747,196.63895419847327,15035,122404864,23.345142295524653,168.9626015297639,4961,31117312,5.934715768274019,116.87237472283815,4004,16400384,3.1278928440396436,192.47129445554444,8965,47517696,9.062608612313664,150.63680022308978,904,8622080,1.6444091999758867,174.08147455752214,1019,4173824,0.7960346673517475,190.40739548577037,1923,12795904,2.4404438673276343,182.73259958398336,0,0,0,0,4147,62091264,11.842089815883357,202.1941188811189,4147,62091264,11.842089815883357,202.1941188811189,
580,3001.5103704574067,5933,40697856,7.761751032938777,129.68689887072307,9076,81616896,15.565685495404395,207.64509927280739,15009,122314752,23.327436528343174,176.82852235325473,5006,31248384,5.959581182597618,122.98668857371155,3965,16240640,3.097357371739357,205.2759023959647,8971,47489024,9.056938554336975,159.3568516330398,927,9449472,1.8021698503411594,165.86948004314993,951,3895296,0.7428970644449252,196.41406309148266,1878,13344768,2.5450669147860845,181.33694462193822,0,0,0,0,4160,61480960,11.725431059220114,212.47071971153846,4160,61480960,11.725431059220114,212.47071971153846,
585,2972.6741372446795,5823,40300544,7.685876228859318,196.66973244032286,9042,79802368,15.21942540571868,328.14263116567133,14865,120102912,22.905301634578,276.64134026236127,4887,30846976,5.882948864675224,189.0107241661551,3915,16035840,3.058258505537578,321.6288066411239,8802,46882816,8.941207370212801,247.99729459213816,936,9453568,1.8029273641840944,236.65859294871794,896,3670016,0.699923274830567,320.9755412946428,1832,13123584,2.5028506390146616,277.89657641921394,0,0,0,0,4231,60096512,11.461243625350535,335.68773528716616,4231,60096512,11.461243625350535,335.68773528716616,
590,2981.0341859354753,5782,40239104,7.6745731172195,120.78423088896575,9124,83288064,15.885053925645492,190.39429077159141,14906,123527168,23.559627042864992,163.39272319871193,4886,30597120,5.8356129057033455,113.52924478100695,3940,16138240,3.077953794976062,185.02205177664976,8826,46735360,8.913566700679407,145.44423000226604,896,9641984,1.8389602115161547,160.3465770089286,873,3575808,0.6819933154858127,183.99829896907218,1769,13217792,2.5209535270019674,172.01868174109666,0,0,0,0,4311,63574016,12.125106815183617,196.599422407794,4311,63574016,12.125106815183617,196.599422407794,
595,3033.6995287255277,6032,42323968,8.072388905395275,163.59380072944296,9137,86253568,16.451017668616444,279.2313341359308,15169,128577536,24.52340657401172,233.24770953919176,5119,32493568,6.19745100033879,154.7745495213909,3920,16056320,3.0623985782589256,275.0587755102041,9039,48549888,9.259849578597716,206.93896658922446,913,9830400,1.8749379050564852,213.04149726177437,942,3858432,0.7359131277346704,267.3173959660297,1855,13688832,2.6108510327911554,240.60370566037736,0,0,0,0,4275,66338816,12.652705962622846,285.6826463157895,4275,66338816,12.652705962622846,285.6826463157895,
