5,8233.110921723528,16413,113790976,21.693132082617705,6514.202886675197,24773,223920128,42.688173380819435,53773.272254672425,41186,337711104,64.38130546343713,34940.09822619337,13797,85811200,16.35906256545268,7181.648422120751,10872,44531712,8.48953356618623,11629.572225901398,24669,130342912,24.84859613163891,9141.915461510398,2616,27979776,5.334069517165024,2994.040022553517,2540,10403840,1.9833899244033322,1525.1402818897639,5156,38383616,7.3174594415683565,2270.416023079907,0,0,0,0,11361,168984576,32.21524989022987,105784.23624760145,11361,168984576,32.21524989022987,105784.23624760145,
10,9762.137721777895,18952,132943872,25.35583054492921,729.3829053398059,29861,272879616,52.0451916915836,29959.13565222196,48813,405823488,77.4010222365128,18610.472917726835,16022,102690816,19.585791280522542,767.3250004368992,12751,52228096,9.961247043115272,1642.6932418633833,28773,154918912,29.547038323637814,1155.2518918430471,2930,30253056,5.770039264406665,521.9056877133106,3015,12349440,2.3553572139434196,972.498407628524,5945,42602496,8.125396478350085,750.4232740117745,0,0,0,0,14095,208302080,39.72858743452491,61775.92660411493,14095,208302080,39.72858743452491,61775.92660411493,
15,8159.461003963549,17263,118243328,21.204035668773237,2094.5747631350287,26130,234082304,41.97690988065407,8649.516996976656,43393,352325632,63.18094554942731,6041.769946005116,14541,90587136,16.244577139067093,2376.585762946152,11311,46329856,8.30812136100506,3496.619133233136,25852,136916992,24.552698500072154,2866.6328560652946,2722,27656192,4.959458529706142,588.0641282145481,2736,11206656,2.009638408956754,677.0782076023393,5458,38862848,6.969096938662895,632.6853303407842,0,0,0,0,12083,176545792,31.659150110692256,15278.418781676735,12083,176545792,31.659150110692256,15278.418781676735,
20,9804.532892368426,19479,134279168,25.381662412766506,10451.49836274963,29988,271675392,51.352515720085535,35986.07018507403,49467,405954560,76.73417813285204,25931.125989407083,16506,104480768,19.74912133803642,10161.399512783231,12812,52477952,9.919466151126025,10874.844972447705,29318,156958720,29.668587489162448,10473.176006037247,2973,29798400,5.632541074730083,12062.117810292633,2962,12132352,2.293276517299039,12698.420945982445,5935,41930752,7.925817592029122,12379.67971221567,0,0,0,0,14214,207065088,39.13977305166047,63473.26833270016,14214,207065088,39.13977305166047,63473.26833270016,
25,9011.853135518548,17668,123211776,23.49935524332564,767.7433277677156,27394,248590336,47.411966659109616,882.8183561363802,45062,371802112,70.91132190243526,837.6995065243442,14932,94703616,18.062185186028792,753.9985427939994,11831,48459776,9.242407894810201,862.4824251542558,26763,143163392,27.30459308083899,801.955528640287,2736,28508160,5.437170057296846,842.7568983918129,2764,11321344,2.1592439710299547,956.7397861794501,5500,39829504,7.596414028326802,900.0384805454545,0,0,0,0,12799,188809216,36.01031479326946,885.652606219236,12799,188809216,36.01031479326946,885.652606219236,
30,8824.10007413994,17445,124891136,23.819744251917307,6292.565375179134,26678,240263168,45.823966361515375,21228.34790501537,44123,365154304,69.64371061343267,15323.157273530811,14775,96227328,18.352866475690966,7312.586545583757,11770,48209920,9.194791572761362,10927.946735429057,26545,144437248,27.547658048452327,8915.63003529855,2670,28663808,5.466877776226339,648.0662018726591,2642,10821632,2.063945567989424,1059.9000189250569,5312,39485440,7.530823344215763,852.8977050075301,0,0,0,0,12266,181231616,34.56522922076459,35456.35712408283,12266,181231616,34.56522922076459,35456.35712408283,
35,9133.676634848618,17881,123158528,23.489279050216854,2199.273157261898,27790,252063744,48.07458904720284,33791.292638215185,45671,375222272,71.5638680974197,21422.461206038843,15121,95617024,18.236455040184325,2447.7190687123866,12012,49201152,9.38383730049238,4636.085045121545,27133,144818176,27.620292340676706,3416.5265027825894,2760,27541504,5.252824010032531,838.1316257246376,2802,11476992,2.1889370725923785,1334.2260192719486,5562,39018496,7.441761082624909,1088.0518865516,0,0,0,0,12976,191385600,36.50181467411809,67789.21605641184,12976,191385600,36.50181467411809,67789.21605641184,
40,8745.276667672486,17382,122159104,23.298072988425442,6084.458707858704,26348,238542848,45.49467458087181,29155.315426332167,43730,360701952,68.79274756929725,19985.005993894352,14646,93921280,17.912580928936272,7140.0000994128095,11496,47087616,8.98050721147193,10657.039636221296,26142,141008896,26.893088140408203,8686.625702471118,2736,28237824,5.385492059489169,434.0715657894737,2765,11325440,2.15997759566109,1153.7563475587704,5501,39563264,7.545469655150259,795.8109625522632,0,0,0,0,12087,180129792,34.35418977373879,53154.69404269049,12087,180129792,34.35418977373879,53154.69404269049,
45,9281.352078236163,18206,126111744,24.052745454883247,8025.289376469295,28203,258965504,49.39136635290326,31468.765777825054,46409,385077248,73.44411180778651,22272.016626516408,15413,97234944,18.545198751290183,9378.642413676767,12024,49250304,9.393296675745109,13335.196568529607,27437,146485248,27.938495427035292,11112.564021649598,2793,28876800,5.507546703593066,556.8932567132116,2905,11898880,2.269421726799696,1287.4554048192772,5698,40775680,7.7769684303927615,929.3543027378028,0,0,0,0,13274,197816320,37.72864795035846,54499.859856938376,13274,197816320,37.72864795035846,54499.859856938376,
50,6933.244128538643,13734,95465472,18.207133996673242,52381.71339617009,20935,186220544,35.51590251961867,71696.15220386912,34669,281686016,53.72303651629191,64044.80654679974,11677,73945088,14.102775562789807,52628.17215132312,9306,38117376,7.269729650879186,55745.553670105306,20983,112062464,21.372505213668994,54010.736723299815,2057,21520384,4.1043584338834345,50982.63761400097,2114,8658944,1.6514300969222653,49412.53371097446,4171,30179328,5.7557885308057,50186.857309278355,0,0,0,0,9515,139444224,26.594742771817216,92247.26512548608,9515,139444224,26.594742771817216,92247.26512548608,
55,9701.511909295536,19083,129736704,24.73336052399391,13440.170166011634,29448,268795904,51.24398721432647,60625.30718673594,48531,398532608,75.97734773832038,42071.51744890895,16129,100311040,19.12357135924136,14040.09557505115,12776,52330496,9.976429060255926,17360.451065591733,28905,152641536,29.100000419497288,15507.691553156894,2954,29425664,5.6097891647525495,10164.544938388624,2959,12120064,2.3106021907715473,10112.038712064887,5913,41545728,7.920391355524097,10138.269625739895,0,0,0,0,13713,204345344,38.95695596329899,111833.69070750383,13713,204345344,38.95695596329899,111833.69070750383,
60,10248.75466326112,20145,138076160,26.335307080152052,4066.327653313477,31100,281726976,53.73386995787418,31086.4229185209,51245,419803136,80.06917703802623,20464.512115172212,17027,107069440,20.421386148774094,4283.313407235568,13476,55197696,10.52787298167099,6027.680848322945,30503,162267136,30.949259130445082,5053.962052814477,3118,31006720,5.913920931377961,2881.3961484926235,3141,12865536,2.4538475093075527,3323.6003135943965,6259,43872256,8.367768440685513,3103.3107167279118,0,0,0,0,14483,213663744,40.75214946689563,60423.89678029413,14483,213663744,40.75214946689563,60423.89678029413,
65,8860.342022141094,17547,122003456,23.26858455164261,7545.87441648145,26758,238075904,45.40600310480344,40455.88017179909,44305,360079360,68.67458765644605,27421.868864078548,14844,94072832,17.94163638614033,8829.459797628671,11660,47759360,9.10869857893483,13503.330952915952,26504,141832192,27.05033496507516,10885.652737209479,2703,27930624,5.326948165502282,496.8394931557529,2785,11407360,2.1756196863064754,1240.3994657091562,5488,39337984,7.502567851808757,874.1745010932945,0,0,0,0,12313,178909184,34.12168483956213,74848.94747129049,12313,178909184,34.12168483956213,74848.94747129049,
70,9026.688606670908,17935,124968960,23.83405913779935,10519.109324783942,27202,242872320,46.32056822601811,38828.44555102566,45137,367841280,70.15462736381747,27579.848054124108,15158,97124352,18.523540159800007,12327.600269098826,11871,48623616,9.273487906418096,18927.231462050375,27029,145747968,27.797028066218104,15226.124886788264,2777,27844608,5.310518977999344,647.6272455887649,2746,11247616,2.145143441245396,1330.4733273852878,5523,39092224,7.45566241924474,987.1339159876878,0,0,0,0,12585,183001088,34.90193687835462,65782.49753166467,12585,183001088,34.90193687835462,65782.49753166467,
75,9304.709062941572,18289,127434752,24.30392287022047,4378.899024714309,28239,257200128,49.052334430115515,22875.777002726725,46528,384634880,73.35625730033598,15605.114147244669,15418,97972224,18.684929645564523,4960.483682513945,12156,49790976,9.49596574988429,7049.001312356038,27574,147763200,28.180895395448815,5881.206838688619,2871,29462528,5.618993224655948,1255.641534656914,2814,11526144,2.198227017125238,1208.8323670931059,5685,40988672,7.817220241781186,1232.471614248021,0,0,0,0,13269,195883008,37.35814166310599,41969.986626422484,13269,195883008,37.35814166310599,41969.986626422484,
80,8702.176008728859,17337,119353344,22.763211509366077,6790.5228834861855,26177,234127360,44.6530481442522,35168.45540596707,43514,353480704,67.41625965361828,23862.020324332396,14662,90804224,17.318289438592146,7912.896738848724,11410,46735360,8.9134233611952,11894.978457142857,26072,137539584,26.231712799787346,9655.592059719238,2675,28549120,5.444922070773931,638.6554190654205,2718,11132928,2.123285249406534,1239.750895879323,5393,39682048,7.5682073201804645,941.5995143704802,0,0,0,0,12049,176259072,33.61633953365047,64861.25902821811,12049,176259072,33.61633953365047,64861.25902821811,
85,7833.91732517451,16954,115236864,19.917070132347614,2144.6404384805946,26272,232009728,40.09961624747871,7883.314007270098,43226,347246592,60.016686379826325,5632.504964442696,14360,89219072,15.420260951972551,1973.6236305710306,11523,47198208,8.157545998970697,3038.1700699470625,25883,136417280,23.57780695094325,2447.5551153652978,2594,26017792,4.496809180375064,3091.36417077872,2672,10944512,1.8916048693265384,4501.095563248503,5266,36962304,6.388414049701603,3806.6703387770604,0,0,0,0,12077,173867008,30.050465379181475,13254.505633683862,12077,173867008,30.050465379181475,13254.505633683862,
91,8452.001566857118,17476,121106432,21.850546510148327,38153.53949736782,27199,247316480,44.62190950325552,79092.46405882569,44675,368422912,66.47245601340384,63077.94485040851,14772,93192192,16.814138539550672,39918.33948219605,11881,48664576,8.780273382049998,45687.53815124989,26653,141856768,25.59441192160067,42490.05183679136,2704,27914240,5.036407970597654,28512.40585244083,2712,11108352,2.0042169356215465,31442.701370575218,5416,39022592,7.040624906219201,29979.717788404727,0,0,0,0,12606,187543552,33.837419185583975,120827.35864223387,12606,187543552,33.837419185583975,120827.35864223387,
96,5951.896597233119,12081,84525056,15.48872239048258,87325.46057991887,18895,171954176,31.50959753221793,92881.65900613919,30976,256479232,46.99831992270051,90714.6770463262,10196,64868352,11.88674629279282,87721.00933022753,8140,33341440,6.10962397065944,90196.3485078624,18336,98209792,17.99637026345226,88819.90008644198,1885,19656704,3.601976097689761,85185.93004509284,1888,7733248,1.4170724885264157,85257.44267372882,3773,27389952,5.019048586216177,85221.71479008746,0,0,0,0,8867,130879488,23.982901073032075,96970.18363584076,8867,130879488,23.982901073032075,96970.18363584076,
101,8322.496859929135,16782,115257344,21.861962283043297,38304.79728512692,25062,221700096,42.05197663499064,78802.55249193999,41844,336957440,63.913938918033935,62560.47888806041,14180,89726976,17.019373317187764,41110.1115561354,11012,45105152,8.55552537975311,47522.59367163095,25192,134832128,25.574898696940874,43913.154310019054,2602,25530368,4.842588965855534,23016.80483205227,2601,10653696,2.0207883683924663,26659.28207074202,5203,36184064,6.863377334248001,24837.69341514511,0,0,0,0,11449,165941248,31.475662886845058,120734.55990697877,11449,165941248,31.475662886845058,120734.55990697877,
106,6219.219778846499,12402,85147648,15.902638193284776,68178.69567642316,19355,176566272,32.97647799682157,85309.5689553087,31757,261713920,48.879116190106345,78619.48203259124,10490,65884160,12.304884324561556,68176.2672293613,8444,34586624,6.459586150860912,68860.9054223117,18934,100470784,18.764470475422467,68481.59546963134,1912,19263488,3.59775386872322,68192.0191124477,1900,7782400,1.45348338306913,65058.80457789474,3812,27045888,5.05123725179235,66630.34345251837,0,0,0,0,9011,134197248,25.06340846289153,104993.17423659972,9011,134197248,25.06340846289153,104993.17423659972,
111,6656.240057088225,13313,94334976,17.927359719139993,59343.54316172162,20090,180355072,34.27456485403032,91036.06930686909,33403,274690048,52.20192457317031,78404.79066212615,11184,72683520,13.812730589906613,60305.914797836194,8792,36012032,6.84370399247444,65659.62731278435,19976,108695552,20.656434582381053,62662.23440293352,2129,21651456,4.114629129233381,54288.04087036167,2215,9072640,1.7241588197601099,56025.80547765237,4344,30724096,5.838787948993492,55174.124803407,0,0,0,0,9083,135270400,25.70670204179577,124137.18263877573,9083,135270400,25.70670204179577,124137.18263877573,
116,8420.37214455906,17018,116207616,21.527663663952662,9600.09093371724,26330,236892160,43.884686052825145,63434.04771636916,43348,353099776,65.41234971677781,42299.363843360705,14483,90492928,16.76397283591365,9995.42746958503,11463,46952448,8.698022931158203,13402.650522638052,25946,137445376,25.46199576707185,11500.746125915364,2535,25714688,4.763690828039012,7341.448310848126,2685,10997760,2.0373542327627825,9675.314023463687,5220,36712448,6.801045060801794,8541.913720498085,0,0,0,0,12182,178941952,33.14930888890416,122361.32615974388,12182,178941952,33.14930888890416,122361.32615974388,
121,10443.50380806629,20606,143536128,27.374470416087245,3853.2589577792874,31617,283791360,54.12322525978384,63171.70363086314,52223,427327488,81.49769567587109,39766.00363405013,17380,110284800,21.032948547588653,3820.531765420023,13809,56561664,10.787148987693657,5681.381215728872,31189,166846464,31.820097535282308,4644.427050915387,3226,33251328,6.341521868498595,4029.575945753255,3182,13033472,2.485676593442046,6598.7846552482715,6408,46284800,8.827198461940641,5305.359671348315,0,0,0,0,14626,214196224,40.85039967864813,129758.52780773965,14626,214196224,40.85039967864813,129758.52780773965,
126,8484.221847085215,16583,114810880,21.88198735713968,3223.5257376831696,25870,232484864,44.30965823774138,68123.5585486664,42453,347295744,66.19164559488107,42772.293759263186,13964,87744512,16.723365435770468,3131.674406903466,11256,46104576,8.787144120298402,5280.000485963042,25220,133849088,25.510509556068868,4090.499083584457,2619,27066368,5.158621921369211,3713.259217258496,2683,10989568,2.0945191608707012,4217.771556093925,5302,38055936,7.253141082239912,3968.5603498679743,0,0,0,0,11931,175390720,33.42799495657228,141782.62451588298,11931,175390720,33.42799495657228,141782.62451588298,
131,8460.680951041226,16884,115974144,22.114251045708276,28309.209038734898,25431,228270080,43.52713183503999,67136.46461016082,42315,344244224,65.64138288074827,51644.10060051991,14309,90075136,17.175760922023404,30591.62160185897,11020,45137920,8.60701584105761,34281.01941442831,25329,135213056,25.782776763081014,32196.784217616172,2575,25899008,4.93849012368487,15626.086178252426,2518,10313728,1.9666484471672472,17628.156665210485,5093,36212736,6.905138570852118,16615.91800353426,0,0,0,0,11893,172818432,32.953467546815126,108062.12890532246,11893,172818432,32.953467546815126,108062.12890532246,
136,10411.752176592701,21184,146636800,27.09980770632418,12174.282348989804,32544,298049536,55.08225160777613,49226.43340142576,53728,444686336,82.18205931410031,34617.42566067972,17869,113106944,20.903186871576423,12070.85448363087,14030,57466880,10.62039950055107,14126.339573057734,31899,170573824,31.523586372127493,12974.909651650521,3315,33529856,6.196620834747758,12731.794423227753,3217,13176832,2.4351978042247175,12766.41770345042,6532,46706688,8.631818638972476,12748.846335731781,0,0,0,0,15297,227405824,42.02665430300034,89086.9411423155,15297,227405824,42.02665430300034,89086.9411423155,
142,5436.783898434145,13097,88313856,14.043439286737224,57725.59705726502,19509,172773376,27.473972104905286,90065.52615592803,32606,261087232,41.51741139164251,77075.40006241183,11130,69091328,10.986722966869973,58428.83542821204,8756,35864576,5.703091433359822,62695.032716994065,19886,104955904,16.689814400229796,60307.28375671327,1967,19222528,3.0567163198672507,53746.41908642602,1951,7991296,1.2707550692650769,51183.96216606868,3918,27213824,4.327471389132327,52470.42279964268,0,0,0,0,8802,128917504,20.500125602280384,125911.23984548966,8802,128917504,20.500125602280384,125911.23984548966,
147,10957.444505356112,21492,149049344,28.411390031406444,3232.5967520007443,33329,295305216,56.290295850511946,64960.035059887785,54821,444354560,84.7016858819184,40760.43811504716,18228,115695616,22.053590998024305,2456.996257899934,14510,59432960,11.32895296259055,4020.467938731909,32738,175128576,33.38254396061485,3149.9516641212044,3264,33353728,6.35779903338214,7563.9833348651955,3457,14159872,2.6991171875724005,17704.755389354934,6721,47513600,9.056916220954541,12779.970389227792,0,0,0,0,15362,221712384,42.26222570034899,133153.9304347741,15362,221712384,42.26222570034899,133153.9304347741,
152,9148.690950628323,18125,126918656,24.04353343247972,5856.132334013792,27931,249765888,47.31577427372841,61440.72182120225,46056,376684544,71.35930770620813,39565.81552331944,15229,96944128,18.365143912732524,6324.535951933811,12074,49455104,9.368799543786231,8904.550254099719,27303,146399232,27.733943456518755,7465.476239973629,2896,29974528,5.678389519747196,3392.9698004143647,2778,11378688,2.1555843243861315,3829.776044636429,5674,41353216,7.833973844133327,3606.8308766302434,0,0,0,0,13079,188932096,35.791390405556044,122176.62998455539,13079,188932096,35.791390405556044,122176.62998455539,
157,7078.619546591451,13853,97890304,18.60386379535929,23888.45340792608,21668,198045696,37.63820320387535,83730.74113296105,35521,295936000,56.24206699923464,60392.56901351313,11691,75448320,14.338807946379267,25453.48551954495,9364,38354944,7.289283257866203,30408.912746582657,21055,113803264,21.62809120424547,27657.362059748277,2162,22441984,4.2650558489800225,15425.553122571693,2192,8978432,1.7063337143574024,16403.33196122263,4354,31420416,5.971389563337425,15917.811095544326,0,0,0,0,10112,150712320,28.642586231651745,147702.980246341,10112,150712320,28.642586231651745,147702.980246341,
162,7441.716657526407,14540,100175872,19.105790321276316,35594.70637049519,22671,203841536,38.87716241275043,78488.86901508535,37211,304017408,57.982952734026746,61728.20349004327,12254,76603392,14.609988575398033,36150.42610935205,9969,40833024,7.787775430870655,40568.13568121175,22223,117436416,22.397764006268687,38132.16335103271,2286,23572480,4.495801745878285,32615.79574934383,2277,9326592,1.7787907168314254,36057.75372902943,4563,32899072,6.27459246270971,34333.380303309226,0,0,0,0,10425,153681920,29.310596265048346,124018.59948143884,10425,153681920,29.310596265048346,124018.59948143884,
167,12410.546483321405,24372,166555648,31.76373671489154,6046.958886386016,37689,338694144,64.59217532443908,45568.838633686224,62061,505249792,96.35591203933062,30048.185514961086,20545,128323584,24.472520658604555,6705.672714431735,16462,67428352,12.859224203835046,8758.670373769894,37007,195751936,37.3317448624396,7618.917437538844,3827,38232064,7.291216056286983,2510.696645152861,3822,15654912,2.985539722212219,3481.2755520669807,7649,53886976,10.276755778499203,2995.6688744933977,0,0,0,0,17405,255610880,48.74741139839182,89626.73326124677,17405,255610880,48.74741139839182,89626.73326124677,
172,12752.725352250904,25168,175349760,33.312939112478254,5339.663723895423,38849,349716480,66.43912033224464,38614.20824152487,64017,525066240,99.7520594447229,25532.46844709999,21258,135094272,25.665203405927535,5829.137125646816,16778,68722688,13.055933016331702,7589.029391822625,38036,203816960,38.721136422259235,6605.440428883163,3910,40255488,7.647735706550719,2678.4807125319694,4006,16408576,3.117300492515484,3363.034139790315,7916,56664064,10.765036199066204,3024.908331227893,0,0,0,0,18065,264585216,50.26588682339746,75246.18467063383,18065,264585216,50.26588682339746,75246.18467063383,
177,7063.522499198473,14057,97509376,18.595600845226425,11828.383305968557,21266,190930944,36.41163310927433,81705.84973497603,35323,288440320,55.00723395450075,53897.69228536647,11908,75255808,14.351716975944933,12941.911939536447,9281,38014976,7.2496753526231394,16819.93883891822,21189,113270784,21.601392328568075,14640.527619991506,2149,22253568,4.243883869281491,5658.118546300605,2178,8921088,1.7013029757583447,9129.089066115701,4327,31174656,5.945186845039835,7405.2352073029815,0,0,0,0,9807,143994880,27.460654780892842,159229.89620821865,9807,143994880,27.460654780892842,159229.89620821865,
182,11752.465028817136,23067,160727040,30.639734159920682,2813.542138726319,35727,325394432,62.03062592080578,44510.23012156072,58794,486121472,92.67036008072647,28151.12031953941,19579,123207680,23.487339539511066,2916.933499872312,15469,63361024,12.078645456672096,4447.82255103756,35048,186568704,35.56598499618316,3592.6160704177128,3488,37519360,7.152394620409619,2233.1810550458717,3625,14848000,2.830505512989615,2938.158299310345,7113,52367360,9.982900133399234,2592.4587874314634,0,0,0,0,16633,247185408,47.12147495114407,90829.24311164553,16633,247185408,47.12147495114407,90829.24311164553,
187,11507.375180657347,22825,156762112,29.87241864053262,5382.917426725082,34765,311414784,59.342864674463165,31003.60910504818,57590,468176896,89.21528331499579,20849.202305990624,19240,121331712,23.12083990828431,5938.996707952183,15192,62226432,11.857801630094364,8439.714073591365,34432,183558144,34.978641538378675,7042.356902503485,3585,35430400,6.751578732248305,2398.547727754533,3401,13930496,2.654580262240056,3048.140649220817,6986,49360896,9.406158994488361,2714.789572287432,0,0,0,0,16172,235257856,44.83048278212875,58079.24857673757,16172,235257856,44.83048278212875,58079.24857673757,
192,7002.518339478589,13786,96456704,18.38851345904195,3533.1914859277526,21244,192614400,36.7200240099982,79425.33878262098,35030,289071104,55.10853746904015,49558.10662069655,11612,74866688,14.272591150552836,3160.9426835170516,9267,37957632,7.236245879865036,5566.811780943132,20879,112824320,21.508837030417872,4228.771072129891,2174,21590016,4.115922308489113,5521.486377184912,2166,8871936,1.6913465604605231,6645.284073407202,4340,30461952,5.8072688689496355,6082.349467050691,0,0,0,0,9811,145784832,27.79243156967264,165256.40271338294,9811,145784832,27.79243156967264,165256.40271338294,
198,7017.557490753138,14110,97886208,18.087690007603534,25923.32077065911,22108,202289152,37.37956090072456,78289.45745508414,36218,300175360,55.4672509083281,57888.38095673422,11920,75034624,13.865109768570136,27045.21247592282,9420,38584320,7.129719636439254,31066.894045753714,21340,113618944,20.99482940500939,28820.481472539832,2190,22851584,4.222580239033396,19816.951306392697,2236,9158656,1.6923623255921625,20034.05452728086,4426,32010240,5.914942564625559,19926.631107998193,0,0,0,0,10452,154546176,28.55747893869315,133312.0012995599,10452,154546176,28.55747893869315,133312.0012995599,
203,5875.323926357415,12166,82534400,14.980151415884588,69772.59776475423,18705,167038976,30.31789354298707,98769.74742282812,30871,249573376,45.29804495887166,87342.21599397493,10323,64126976,11.639168762634696,70685.28087300203,8077,33083392,6.00469890749875,74698.90928995915,18400,97210368,17.643867670133446,72447.1328688587,1843,18407424,3.3409826532498927,64660.482883342374,1863,7630848,1.3850135031162774,63115.57278153516,3706,26038272,4.72599615636617,63883.85915974096,0,0,0,0,8765,126324736,22.92818113237204,128529.46070929835,8765,126324736,22.92818113237204,128529.46070929835,
208,9627.143592468436,19136,133623808,25.484981107533144,13580.904225909282,29003,262520832,50.06846118211122,65743.91488704616,48139,396144640,75.55344228964437,45008.308164606664,16164,101502976,19.358836306464116,14044.541190856224,12791,52391936,9.99228744586508,16671.26173520444,28955,153894912,29.351123752329197,15204.906671179415,2972,32120832,6.126144801069029,11059.293222745626,2914,11935744,2.2764072877219013,11780.482116678106,5886,44056576,8.40255208879093,11416.334411484879,0,0,0,0,13298,198193152,37.799766448524245,124770.66699699202,13298,198193152,37.799766448524245,124770.66699699202,
213,8931.173398277198,18506,129630208,23.373477102375602,25396.756036312545,28732,262402048,47.31341833953135,62115.44474867743,47238,392032256,70.68689544190696,47730.49929563063,15739,100954112,18.20292246404991,25753.692811932142,12400,50790400,9.157959936471736,27867.52277717742,28139,151744512,27.360882400521643,26685.19327637798,2767,28676096,5.170554638325695,23366.460441272135,2881,11800576,2.1277485949173442,24617.944407150295,5648,40476672,7.298303233243039,24004.832485481587,0,0,0,0,13451,199811072,36.02770980814227,101718.78508995613,13451,199811072,36.02770980814227,101718.78508995613,
218,8187.566587739528,16442,111443968,21.222466926888075,49994.46758107286,24561,222064640,42.288152177346255,69754.48155335695,41003,333508608,63.51061910423433,61830.81377947955,13780,86376448,16.448815883351063,50531.04764317852,10787,44183552,8.413949968404205,53314.19466858255,24567,130560000,24.862765851755267,51753.08561944886,2662,25067520,4.773651043537011,47216.829243050335,2481,10162176,1.9352006926495628,45579.18450544135,5143,35229696,6.708851736186574,46426.824072136886,0,0,0,0,11293,167718912,31.939001516292485,90769.29485380325,11293,167718912,31.939001516292485,90769.29485380325,
223,11001.101332758053,22331,155901952,28.840150726633652,18693.81228225337,34383,314155008,58.11522989941012,53104.28438425966,56714,470056960,86.95538062604378,39555.24442040766,18847,120074240,22.21241707086505,19464.868935109032,14775,60518400,11.195240055331096,22713.8443357022,33622,180592640,33.40765712619615,20892.613017667,3484,35827712,6.627733655768603,14522.714481917337,3450,14131200,2.6141169672346725,15510.687329565219,6934,49958912,9.241850623003275,15014.278705220653,0,0,0,0,16158,239505408,44.30587287684435,88920.391672051,16158,239505408,44.30587287684435,88920.391672051,
229,7815.3066014415635,16353,111546368,20.179217676450442,38684.704639882584,24847,223047680,40.35028452873752,70354.70752803156,41200,334594048,60.52950220518796,57784.32992536408,13747,85893120,15.538434791435604,39886.516066196265,10844,44417024,8.035230657049484,43744.26474225378,24591,130310144,23.573665448485087,41587.68424330039,2606,25653248,4.64078288501484,32344.987956254794,2530,10362880,1.8746895575742526,34982.27325573123,5136,36016128,6.515472442589092,33644.11798111371,0,0,0,0,11473,168267776,30.440364314113783,103306.49871411138,11473,168267776,30.440364314113783,103306.49871411138,
234,7270.393534022259,15035,102842368,18.763428303792512,23514.207896109077,22968,204918784,37.38710986977998,79245.71472139498,38003,307761152,56.150538173572485,57196.84476065048,12714,79818752,14.562805773299534,26169.292493629073,10028,41074688,7.494012228390605,28168.94999112485,22742,120893440,22.05681800169014,27051.03400206666,2321,23023616,4.2006225304929785,8970.155516587678,2410,9871360,1.8010141075410209,8918.13416846473,4731,32894976,6.001636638033999,8943.655527372648,0,0,0,0,10530,153972736,28.09208353384835,143983.346805698,10530,153972736,28.09208353384835,143983.346805698,
239,9984.35804432646,19874,138309632,26.371377618410992,5899.69532992855,30065,269660160,51.41586891071424,65594.74687803093,49939,407969792,77.78724652912523,41838.17477072028,16729,106516480,20.309404891366658,6124.586045250762,13032,53379072,10.177741378361478,8695.412120472683,29761,159895552,30.487146269728136,7250.321249453983,3145,31793152,6.061972727044337,4703.448342130366,3063,12546048,2.392144094683948,7798.625162912178,6208,44339200,8.454116821728284,6230.5950241623705,0,0,0,0,13970,203735040,38.845983437668814,131345.759861131,13970,203735040,38.845983437668814,131345.759861131,
244,7161.733973650008,14747,103886848,18.894447802697723,50919.70188926561,22806,207474688,37.73451344675503,74408.24345895817,37553,311361536,56.62896124945276,65184.33265214497,12380,79581184,14.473848770201242,51707.809809127626,9778,40050688,7.2842294135070125,53412.43229331151,22158,119631872,21.758078183708253,52460.03467826518,2367,24305664,4.420599032496483,46797.70102408112,2291,9383936,1.7067058280164211,46301.08929506765,4658,33689600,6.127304860512904,46553.44652189781,0,0,0,0,10737,158040064,28.743578205231596,99526.10988041351,10737,158040064,28.743578205231596,99526.10988041351,
249,7572.1623288340825,15022,103821312,19.73240707545375,57241.237390294235,22973,207974400,39.52787190816129,76917.05914051278,37995,311795712,59.26027898361504,69137.87255459928,12691,80400384,15.280996507834523,57682.55364541801,9889,40505344,7.6984958207741405,59359.86298877541,22580,120905728,22.979492328608664,58417.13788352525,2331,23420928,4.451410567619226,54838.51555684256,2431,9957376,1.892511208443921,55740.96275812423,4762,33378304,6.343921776063148,55299.214663586725,0,0,0,0,10653,157511680,29.936864878943226,98047.46400769736,10653,157511680,29.936864878943226,98047.46400769736,
254,7098.368875336415,14031,98250752,18.712872239775432,69202.05568484071,21512,194928640,37.12617625759423,75051.83095783749,35543,293179392,55.83904849736967,72742.56621216555,11819,75571200,14.393316914322622,69486.28723682207,9389,38457344,7.32459905195529,69636.22651453828,21208,114028544,21.71791596627791,69552.66689914183,2212,22679552,4.319555325452811,67683.37000994575,2171,8892416,1.6936526298641958,68197.16588622755,4383,31571968,6.013207955317006,67937.86484166096,0,0,0,0,9952,147578880,28.107924575774746,81656.39164801045,9952,147578880,28.107924575774746,81656.39164801045,
259,5783.931234775362,11374,77983744,14.871470772861944,73037.04864788114,17551,157782016,30.088971355712744,99680.44466246937,28925,235765760,44.960442128574684,89203.62577673294,9565,59125760,11.27526028710868,73570.6212607423,7558,30957568,5.903596622789567,78300.46562675311,17123,90083328,17.178856909898247,75658.3490957192,1809,18857984,3.5962104857532635,70215.80926589276,1721,7049216,1.344282850995084,66724.74355316676,3530,25907200,4.9404933367483475,68513.79110963173,0,0,0,0,8272,119775232,22.841091881928094,126071.47986085589,8272,119775232,22.841091881928094,126071.47986085589,
264,7113.203856580341,14758,102604800,18.427356553727954,38906.80602229299,23014,206389248,37.066572536097574,81279.1898892848,37772,308994048,55.49392908982553,64723.76150029122,12457,78110720,14.028330917348985,40851.42532945332,9920,40632320,7.297380319879493,46786.53142842742,22377,118743040,21.32571123722848,43482.531040756134,2301,24494080,4.399025636378969,28379.155996523248,2340,9584640,1.7213578577135096,29009.274263247862,4641,34078720,6.120383494092478,28696.862685628097,0,0,0,0,10754,156172288,28.04783435850457,124470.44658415474,10754,156172288,28.04783435850457,124470.44658415474,
269,9119.516796316537,18032,126476288,24.119514687659493,34134.43344299024,27573,248582144,47.40557117946003,64221.076241359304,45605,375058432,71.52508586711953,52324.960838658044,15162,97603584,18.6133789588781,34739.84795495317,11985,49090560,9.36175864795644,36111.302402002504,27147,146694144,27.975137606834544,35345.324860242385,2870,28872704,5.5061357287813895,30936.07287491289,2813,11522048,2.197298879991779,32928.57683540704,5683,40394752,7.703434608773168,31922.33253369699,0,0,0,0,12775,187969536,35.84651365151181,97483.02851483366,12775,187969536,35.84651365151181,97483.02851483366,
274,11821.686112834199,23245,164122624,31.290899649357268,1527.9365758227575,35888,325496832,62.05779835871807,48630.40221544806,59133,489619456,93.34869800807533,30114.568183805997,19665,126218240,24.064216044696504,1630.5982836003052,15570,63774720,12.159008399024,3094.708140655106,35235,189992960,36.223224443720504,2277.5740314176246,3580,37904384,7.2266836046607645,964.0140944134079,3682,15081472,2.8753673041237233,1534.984479359044,7262,52985856,10.102050908784488,1253.5091312310658,0,0,0,0,16636,246640640,47.02342265557034,101671.7634109762,16636,246640640,47.02342265557034,101671.7634109762,
279,12899.82239530765,25501,175280128,33.42690674474687,1345.5514910787813,39008,353849344,67.48106107942742,43791.27447882485,64509,529129472,100.9079678241743,27012.090459377763,21542,135229440,25.789015170187135,1408.1272901309069,16941,69390336,13.233127548027873,2882.13770621569,38483,204619776,39.02214271821501,2057.0166817815657,3959,40050688,7.63789157455974,1005.059482192473,3937,16125952,3.075309790247668,1676.5515283210566,7896,56176640,10.713201364807407,1339.870042679838,0,0,0,0,18130,268333056,51.17262374115188,91162.88784456701,18130,268333056,51.17262374115188,91162.88784456701,
284,12465.339713448448,24541,170680320,32.55296317605116,1786.6758530622226,37789,340561920,64.95359067129286,39184.23089348752,62330,511242240,97.50655384734402,24459.806086058077,20739,131747840,25.127575247364664,1887.0493697381744,16419,67252224,12.826664324156082,3367.809053231013,37158,199000064,37.954239571520745,2541.3524335001885,3802,38932480,7.425387928686495,1239.1623437664389,3857,15798272,3.01312164554906,1862.4820184080893,7659,54730752,10.438509574235555,1553.0602397179787,0,0,0,0,17513,257511424,49.11380470158772,80982.88421424085,17513,257511424,49.11380470158772,80982.88421424085,
290,9120.870990996154,18512,127774720,23.410805898180378,11008.437764315038,28963,265056256,48.563444798113494,48923.20723295239,47475,392830976,71.97425069629386,34139.04267469195,15569,98295808,18.009697706187936,11582.895736206565,12627,51720192,9.476141884158475,14705.1043698424,28196,150016000,27.485839590346412,12981.11280305717,2943,29478912,5.40110819199244,7969.451639823309,2822,11558912,2.1178167733503774,9261.731851878101,5765,41037824,7.518924965342817,8602.030088811796,0,0,0,0,13514,201777152,36.96948614060464,89177.51153796063,13514,201777152,36.96948614060464,89177.51153796063,
295,9556.627031101416,19057,131534848,25.074183931983352,16278.720021619352,28753,257634304,49.11223165502509,61334.44878343129,47810,389169152,74.18641558700844,43375.29749679983,16076,100950016,19.243868127788176,17372.766876461807,12782,52355072,9.980326317024607,20482.894732123295,28858,153305088,29.224194444812785,18750.327838796868,2981,30584832,5.830315804195176,10378.720948004026,2910,11919360,2.2721600361869507,11681.836367697595,5891,42504192,8.102475840382127,11022.425899847225,0,0,0,0,13061,193359872,36.85974530181354,112375.99736421408,13061,193359872,36.85974530181354,112375.99736421408,
300,9702.014944355185,19162,131305472,24.72650470772484,27414.379035591275,29972,274079744,51.61273157228374,53735.1976136394,49134,405385216,76.33923628000858,43470.21764879717,16117,100757504,18.973930477128967,27812.732802072347,12838,52584448,9.902326089084177,30143.2291072597,28955,153341952,28.876256566213144,28846.022788810224,3045,30547968,5.752574230595871,25305.91675172414,3035,12431360,2.3409845521397785,24504.740724217463,6080,42979328,8.09355878273565,24905.987599835527,0,0,0,0,14099,209063936,39.369420931059786,81509.37509745371,14099,209063936,39.369420931059786,81509.37509745371,
305,5999.42316662952,12356,85823488,15.731361730011516,83611.54977492716,18858,169918464,31.145888894563914,85198.99783672711,31214,255741952,46.87725062457543,84570.60966950726,10449,66424832,12.175606985901625,83616.50423820461,8155,33402880,6.1227153585760465,82772.0780852238,18604,99827712,18.298322344477672,83246.3529117394,1907,19398656,3.5557547441098905,83584.40284950183,1935,7925760,1.452784085695236,81645.25806614988,3842,27324416,5.0085388298051265,82607.76433940657,0,0,0,0,8768,128589824,23.57038945029263,88240.51437750911,8768,128589824,23.57038945029263,88240.51437750911,
310,6704.1535259327,13769,94031872,17.229822745477804,53558.90786600334,21124,190640128,34.931726272717405,90101.12948423595,34893,284672000,52.16154901819521,75681.33613137304,11606,71720960,13.141708249044576,56858.35728442185,9184,37617664,6.8928297292533065,60988.48228418989,20790,109338624,20.034537978297884,58682.84347960558,2163,22310912,4.088114496433227,35855.06600277393,2027,8302592,1.5213159692069307,39246.514484459796,4190,30613504,5.609430465640158,37495.750029594274,0,0,0,0,9913,144719872,26.517580574257167,127471.53768455563,9913,144719872,26.517580574257167,127471.53768455563,
316,9180.854306895992,22054,152129536,23.76154187695842,48182.372850639345,34002,307965952,48.10207181020632,58976.561312363985,56056,460095488,71.86361368716474,54729.82532808263,18594,116629504,18.216691618548616,48910.07877508873,14783,60551168,9.457657940472156,50824.86524825814,33377,177180672,27.674349559020772,49758.156446325316,3460,35500032,5.544850258409808,44271.68962543353,3476,14237696,2.2238259487980256,44920.75247008055,6936,49737728,7.768676207207833,44596.96967848905,0,0,0,0,15743,233177088,36.420587920936136,69734.6451878295,15743,233177088,36.420587920936136,69734.6451878295,
321,4978.375843513127,10160,71417856,13.186360240210659,94057.43520846457,15554,140050432,25.85845545614148,115778.9889051048,25714,211468288,39.04481569635214,107196.46632760364,8568,54784000,10.115139264327688,94887.66034722222,6731,27570176,5.090467468275863,98901.25530188679,15299,82354176,15.20560673260355,96653.49521485066,1592,16633856,3.071220975882971,89589.23860741206,1622,6643712,1.2266733373263183,97801.15420221949,3214,23277568,4.29789431320929,93733.52208431861,0,0,0,0,7201,105836544,19.5413146505393,135604.57879141788,7201,105836544,19.5413146505393,135604.57879141788,
326,11947.681498627428,23836,165732352,31.60374657944654,11671.692120783688,35916,323874816,61.76016622469026,53842.03469715447,59752,489607168,93.3639128041368,37019.630666320794,20173,128425984,24.48974025633846,12318.299246121052,15764,64569344,12.312823416499315,15924.458839951789,35937,192995328,36.80256367283778,13900.164728413614,3663,37306368,7.114006323108079,8110.675047502047,3661,14995456,2.859505615821111,7796.148980060093,7324,52301824,9.973511938929189,7953.45495835609,0,0,0,0,16491,244310016,46.58783719236984,100310.20845394458,16491,244310016,46.58783719236984,100310.20845394458,
331,14348.199611761058,28347,196603904,37.49346888658804,2223.231183723145,43405,393822208,75.10410730447856,35696.57722965096,71752,590426112,112.59757619106661,22472.29162975248,23892,152887296,29.15646616931155,2368.5462414615768,18856,77234176,14.728991214931645,3719.311028319898,42748,230121472,43.885457384243196,2964.364076705343,4455,43716608,8.337002717276487,1443.911911111111,4414,18079744,3.447908741127932,2152.3335634345262,8869,61796352,11.78491145840442,1796.4852760175893,0,0,0,0,20135,298508288,56.92720734841899,72996.18602205116,20135,298508288,56.92720734841899,72996.18602205116,
336,9796.849029891762,19658,138817536,25.888712067477567,7568.20568302981,30440,276217856,51.51312109357697,44684.39493784494,50098,415035392,77.40183316105454,30120.339519042678,16674,108171264,20.173349768080467,6915.96218315941,13150,53862400,10.045043335615059,8411.491578859317,29824,162033664,30.218393103695526,7575.371100590129,2984,30646272,5.715362299397101,11212.812960790885,3063,12546048,2.339769409656953,13604.205129285016,6047,43192320,8.055131709054054,12424.130012568216,0,0,0,0,14227,209809408,39.12830834830496,84902.80363639559,14227,209809408,39.12830834830496,84902.80363639559,
342,5852.375079366713,11581,81076224,15.244667655016222,86579.87255349278,18102,163627008,30.766595103697487,94304.5377384267,29683,244703232,46.01126275871371,91290.71341114442,9753,61820928,11.624116849406883,87606.45951850712,7921,32444416,6.100485626724437,91444.11537596263,17674,94265344,17.72460247613132,89326.39117217381,1828,19255296,3.6205508056093394,81102.68290919038,1906,7806976,1.4679365742376942,83390.0980141658,3734,27062272,5.088487379847034,82270.2815139261,0,0,0,0,8275,123375616,23.198172902735354,99556.54107951662,8275,123375616,23.198172902735354,99556.54107951662,
347,7161.82570526223,14145,96526336,18.395592154562955,59796.07148108872,21694,194207744,37.01131318070304,81431.10817290495,35839,290734080,55.406905335265996,72892.1535702168,11949,74469376,14.19206742604214,60983.11249058499,9485,38850560,7.403979953578444,66157.9176797048,21434,113319936,21.596047379620583,63273.07363730521,2196,22056960,4.203524728520814,53337.07647996357,2251,9220096,1.757127978440177,57539.71338693914,4447,31277056,5.960652706960992,55464.38380571172,0,0,0,0,9958,146137088,27.85020524868442,101379.4654224744,9958,146137088,27.85020524868442,101379.4654224744,
352,9066.622122408051,20819,145088512,23.71409404564823,3696.5234334021807,32083,288739328,47.19320285584893,47048.40201913786,52902,433827840,70.90729690149716,29987.747218252618,17540,110358528,18.037627346617928,3881.8249104332954,13971,57225216,9.353215739138147,5649.101433970368,31511,167583744,27.390843085756075,4665.380504046207,3279,34729984,5.676466699030302,2705.310286977737,3316,13582336,2.2199744750541903,3016.719306091677,6595,48312320,7.896441174084492,2861.888347232752,0,0,0,0,14796,217931776,35.620012641656594,96007.49152656124,14796,217931776,35.620012641656594,96007.49152656124,
357,11171.510613205795,22012,154726400,29.372136132206894,12772.760880383426,34111,304181248,57.74355911544885,70116.25643977016,56123,458907648,87.11569524765575,47625.56591621973,18595,119390208,22.66417005907522,14168.216725947834,14791,60583936,11.500814441600852,18027.8411635454,33386,179974144,34.16498450067607,15878.146189091236,3417,35336192,6.70796607313167,5178.818402107111,3415,13987840,2.6553499640367053,6218.3578140556365,6832,49324032,9.363316037168376,5698.435950673302,0,0,0,0,15905,229609472,43.5873947098113,132276.0221837158,15905,229609472,43.5873947098113,132276.0221837158,
362,10730.433915958765,21262,147460096,28.12429755268261,11854.907331765593,32393,295284736,56.31812268743763,48788.99889942271,53655,442744832,84.44242024012024,34153.034778436304,17937,113532928,21.653545167224706,12849.721385738974,14037,57495552,10.965827747757167,15866.105977060626,31974,171028480,32.619372914981874,14173.953277538,3325,33927168,6.470752385457906,6488.296899849624,3192,13074432,2.493618449158715,7311.265852130326,6517,47001600,8.96437083461662,6891.383733619764,0,0,0,0,15164,224714752,42.858676490521745,87996.040038842,15164,224714752,42.858676490521745,87996.040038842,
368,10958.230930008456,21987,151777280,28.333919035550522,5181.1487158775635,33994,309899264,57.852273115928135,24532.1171321998,55981,461676544,86.18619215147865,16931.864500598414,18558,117051392,21.851259054889415,4974.230465028559,14642,59973632,11.195931521212541,5673.38892098074,33200,177025024,33.047190576101954,5282.57619129518,3429,34725888,6.482659980661107,6301.005496062992,3415,13987840,2.611262542339901,7346.767954904832,6844,48713728,9.093922523001009,6822.817126241964,0,0,0,0,15937,235937792,44.04507905237569,45540.93095595155,15937,235937792,44.04507905237569,45540.93095595155,
373,7844.501595079019,15604,109363200,20.855391340791666,12702.336646052294,23626,211865600,40.40243884278835,76037.39340040633,39230,321228800,61.25783018358002,50845.44270973744,13152,84185088,16.0539647276139,13349.43015830292,10393,42569728,8.117980606923139,16935.549986433176,23545,126754816,24.17194533453704,14932.379547717137,2452,25178112,4.8014266131777665,9231.466387846656,2432,9961472,1.899637143850387,11017.44181167763,4884,35139584,6.7010637570281535,10120.797311425062,0,0,0,0,10801,159334400,30.384821092014825,147546.88149088045,10801,159334400,30.384821092014825,147546.88149088045,
378,9710.499860711652,19003,132415488,25.179754836457768,12788.555060832501,29697,271048704,51.54185525079672,47436.26683409099,48700,403464192,76.72161008725449,33916.544722648876,16018,101965824,19.38953281671553,13577.4292514671,12825,52531200,9.989184477158219,16123.088239844054,28843,154497024,29.37871729387375,14709.352994695419,2985,30449664,5.790222019742237,8555.326656951424,3040,12451840,2.367806690881948,10420.708814802632,6025,42901504,8.158028710624185,9496.531928298755,0,0,0,0,13832,206065664,39.184864082756555,84605.06468327068,13832,206065664,39.184864082756555,84605.06468327068,
383,9008.901819915545,17912,126509056,23.880782356279756,20547.13909044216,27602,249294848,47.05873394257122,64882.864727121225,45514,375803904,70.93951629885098,47434.57370448653,15166,96686080,18.25117747587851,21873.185523275748,11929,48861184,9.223397420451377,26078.127610948108,27095,145547264,27.474574896329887,23724.477428197086,2746,29822976,5.629604880401247,13223.460940276766,2825,11571200,2.1842650442430327,15609.849096637168,5571,41394176,7.81386992464428,14433.5752001436,0,0,0,0,12848,188862464,35.65107147787681,111746.0323964041,12848,188862464,35.65107147787681,111746.0323964041,
388,12119.92514890671,23943,166301696,31.712009148745114,8183.904784571691,36671,328503296,62.642172501625744,27593.69853328243,60614,494804992,94.35418165037086,19926.67949930709,20222,128618496,24.526213622318302,7760.299026110177,15853,64933888,12.382219182656986,8503.88131659623,36075,193552384,36.90843280497529,8087.062991489952,3721,37683200,7.185795526426814,10486.015950282183,3736,15302656,2.918057835514193,15759.715244914347,7457,52985856,10.103853361941006,13128.169707120827,0,0,0,0,17082,248266752,47.341895483454564,47898.26672795925,17082,248266752,47.341895483454564,47898.26672795925,
393,14257.685666652967,28306,196452352,37.46685864760906,1078.2033040344804,42989,386617344,73.73460908404927,9214.32016467003,71295,583069696,111.20146773165833,5984.06665660986,23947,151506944,28.894992588224248,1105.9944320791749,18639,76345344,14.560376513339419,1870.5738035302322,42586,227852288,43.45536910156367,1440.6348046071478,4359,44945408,8.571866059384808,925.5274280798347,4398,18014208,3.435620790045966,1320.1597082764893,8757,62959616,12.007486849430775,1123.7223313920292,0,0,0,0,19952,292257792,55.73861178066389,17814.891842321573,19952,292257792,55.73861178066389,17814.891842321573,
398,11675.815584583845,23163,161431552,30.769583460353388,1663.3397669559213,35256,318787584,60.762354387898206,27304.601663206264,58419,480219136,91.53193784825159,17137.89991715024,19514,123408384,23.522195779889053,1426.09737675515,15462,63332352,12.071432545011268,2462.8837621911784,34976,186740736,35.59362832490032,1884.4342675263038,3649,38023168,7.247387680464339,2932.056676349685,3562,14589952,2.7809107958433668,3377.6737085906793,7211,52613120,10.028298476307706,3152.1770298155598,0,0,0,0,16232,240865280,45.91001104704357,56218.497643974864,16232,240865280,45.91001104704357,56218.497643974864,
403,9060.303867592209,17944,121724928,23.216428680315154,3116.1272672202404,27359,248860672,47.46485488020418,11094.363795314155,45303,370585600,70.68128356051933,7934.275583493367,15190,94027776,17.93378884128524,3505.930806780777,11840,48496640,9.249697677331296,4740.658363766892,27030,142524416,27.183486518616533,4046.7807614502403,2754,27697152,5.282639839029917,966.1215424836602,2790,11427840,2.1796162601143845,1765.1541523297492,5544,39124992,7.462256099144302,1368.2321091269841,0,0,0,0,12729,188936192,36.0355409427585,19049.14164223427,12729,188936192,36.0355409427585,19049.14164223427,
408,9011.20686073753,17749,124391424,23.724219664923528,25619.37773925292,27310,247947264,47.289074819601595,26663.11988136214,45059,372338688,71.01329448452512,26251.983831287867,15005,96231424,18.35347942993557,25496.36308023992,11988,49102848,9.365008572659727,25343.58554054054,26993,145334272,27.718488002595297,25428.51226166043,2744,28160000,5.370740234987957,26292.058117711367,2767,11333632,2.161576469848971,25702.019092157574,5511,39493632,7.532316704836927,25995.807349482853,0,0,0,0,12555,187510784,35.762489777092895,28134.879623416964,12555,187510784,35.762489777092895,28134.879623416964,
413,8352.053276572069,16728,116871168,22.28727885099976,8545.573822513152,25040,226598912,43.21230997774537,41011.08551114217,41768,343470080,65.49958882874513,28008.713371528444,14120,90034176,17.169476620888997,9978.526846175637,11081,45387776,8.655428344300576,14740.210879252774,25201,135421952,25.82490496518957,12072.262045990237,2608,26836992,5.1178022301107635,787.4079121932515,2522,10330112,1.9699476838124765,1443.3061907216495,5130,37167104,7.08774991392324,1109.8592686159843,0,0,0,0,11437,170881024,32.58693394963232,75189.41035525051,11437,170881024,32.58693394963232,75189.41035525051,
418,8300.758026653677,16375,114724864,21.86190440252324,4908.142474137405,25167,229941248,43.817472574845574,49729.99544252394,41542,344666112,65.67937697736882,32062.14501747629,13854,88244224,16.81576880459712,5077.090952576873,10918,44720128,8.521841988887456,7699.725359956036,24772,132964352,25.337610793484576,6232.989647061198,2521,26480640,5.0461355979261215,3979.6965319317733,2544,10420224,1.9856719197407664,5843.183148977988,5065,36900864,7.031807517666889,4915.670856465943,0,0,0,0,11705,174800896,33.309958666217355,98472.80101589064,11705,174800896,33.309958666217355,98472.80101589064,
423,10246.917075062756,20041,138956800,26.501105533663885,7355.397333216905,31199,282882048,53.94976717675546,34172.67015026123,51240,421838848,80.45087271041935,23683.892544359875,16876,105967616,20.209582940646083,8314.02532875089,13455,55111680,10.510607957419236,12042.706228539577,30331,161079296,30.720190898065322,9968.088877814776,3165,32989184,6.2915225930178025,2243.926226540284,3119,12775424,2.4364612574649276,3520.6968791279255,6284,45764608,8.72798385048273,2877.6384584659454,0,0,0,0,14625,214994944,41.0026979618713,61069.228728,14625,214994944,41.0026979618713,61069.228728,
428,8614.357570408598,17013,117800960,22.453521572599033,6574.158797625345,26088,235749376,44.9351490831888,37988.111580113466,43101,353550336,67.38867065578783,25588.269843530314,14424,91066368,17.35775887077866,7078.686708471992,11299,46280704,8.821360926592366,10597.646640233648,25723,137347072,26.179119797371026,8624.413422656768,2589,26734592,5.095762701820371,3763.3010973348787,2670,10936320,2.0845237343129144,5499.290235955056,5259,37670912,7.180286436133286,4644.664664575014,0,0,0,0,12119,178532352,34.02926442228352,70683.05475567291,12119,178532352,34.02926442228352,70683.05475567291,
433,8958.528411560026,17786,124960768,23.44992264033167,6395.56483470145,27741,255098880,47.871416744455765,18591.366384773442,45527,380059648,71.32133938478744,13826.841457376942,15028,96825344,18.17007739920022,6754.5735084508915,11877,48648192,9.129235977422946,7787.496758945862,26905,145473536,27.299313376623168,7210.549328786471,2758,28135424,5.279845241131449,4439.3710895576505,2734,11198464,2.1014844794370915,5437.233717995611,5492,39333888,7.381329720568541,4936.122077567371,0,0,0,0,13130,195252224,36.64069628759572,31103.244393678597,13130,195252224,36.64069628759572,31103.244393678597,
438,9347.0477788909,18386,128176128,24.398707109980005,20496.71425508539,28443,252665856,48.095697018062396,50115.25524638751,46829,380841984,72.4944041280424,38486.42493469858,15621,99008512,18.846564671410114,21691.266354330706,12496,51183616,9.742953505458413,26019.1385293694,28117,150192128,28.589518176868527,23614.696688266886,2765,29167616,5.552142438569891,13748.034926943943,2824,11567104,2.2018326423987324,14907.929036473088,5589,40734720,7.753975080968623,14334.104163893362,0,0,0,0,13123,189915136,36.15091087020525,80636.52048395947,13123,189915136,36.15091087020525,80636.52048395947,
443,9083.284385644747,17792,122605568,23.3745652905658,4104.833853754496,27645,248356864,47.34885884569428,6906.312073539519,45437,370962432,70.72342413626008,5809.322824988445,15020,94564352,18.028550057237585,4158.952384953395,12006,49176576,9.375439510858685,4722.368724137931,27026,143740928,27.40398956809627,4409.243829053505,2772,28041216,5.346015233328216,3811.594193362193,2869,11751424,2.2403911341540534,4161.107640292785,5641,39792640,7.586406367482269,3989.355951781599,0,0,0,0,12770,187428864,35.73302820068154,9576.35243155834,12770,187428864,35.73302820068154,9576.35243155834,
448,7391.729594369849,14747,103849984,19.763774446691375,3929.983269139486,22294,201228288,38.29591823842604,31309.56746079663,37041,305078272,58.05969268511741,20409.032160065875,12393,78798848,14.996272493707053,3555.561352941176,9759,39972864,7.607268077039564,4527.953929808382,22152,118771712,22.603540570746617,3983.9461108703504,2354,25051136,4.76750195298432,5901.18582115548,2296,9404416,1.7897620150510134,6495.3935357142855,4650,34455552,6.5572639680353335,6194.5838668817205,0,0,0,0,10239,151851008,28.898888146335462,62400.01670202168,10239,151851008,28.898888146335462,62400.01670202168,
453,10595.826582914897,20755,141553664,26.990116398021048,8250.982392435559,32242,286445568,54.61673688656518,49365.53296470443,52997,427999232,81.60685328458622,33264.0084043059,17498,108720128,20.729727699084833,8871.753611612756,13852,56737792,10.818226579049961,11608.838072263934,31350,165457920,31.547954278134792,10081.134598819777,3257,32833536,6.260388698936217,4915.933330979429,3311,13561856,2.5858466794134003,5854.992366354575,6568,46395392,8.846235378349617,5389.323170523751,0,0,0,0,15079,216145920,41.21266362810182,93603.82048849393,15079,216145920,41.21266362810182,93603.82048849393,
458,8939.050438432605,17558,121417728,23.157688168604167,437.3286199453241,27139,243871744,46.51302485816292,768.6243327683408,44697,365289472,69.67071302676709,638.4838283553705,14806,93151232,17.766492741301352,365.74280899635284,11837,48484352,9.247294634543318,548.6892787023739,26643,141635584,27.013787375844668,447.0225958788425,2752,28266496,5.391195427302816,822.4665257994186,2764,11321344,2.1592905609426145,1323.0927076700434,5516,39587840,7.5504859882454305,1073.3241702320522,0,0,0,0,12538,184066048,35.10643966267699,854.0303502153454,12538,184066048,35.10643966267699,854.0303502153454,
463,8964.424801365301,17689,125550592,23.94480437304184,1810.2556141104642,27137,243445760,46.429578752177406,1947.5257697976933,44826,368996352,70.37438312521925,1893.3569440280194,14992,97312768,18.559332581714997,1734.4374871264674,11900,48742400,9.296071122249703,1836.2709163865547,26892,146055168,27.8554037039647,1779.499877733155,2697,28237824,5.385471791326845,2231.711068223952,2710,11100160,2.1170044320417394,2341.993255350553,5407,39337984,7.502476223368585,2286.9847370075827,0,0,0,0,12527,183603200,35.01650319788596,1967.875883132434,12527,183603200,35.01650319788596,1967.875883132434,
468,5996.695956051247,12125,84578304,15.981445608895681,839.2917397938145,18141,163815424,30.953650815156852,14345.833953916543,30266,248393728,46.93509642405253,8934.916609495804,10236,64266240,12.143391040901411,220.5158577569363,8103,33189888,6.271376520358453,382.5830768851043,18339,97456128,18.414767561259865,292.1244883581438,1889,20312064,3.83805456799427,4192.277408681842,1822,7462912,1.4101503171779715,7072.976413282107,3711,27774976,5.248204885172242,5606.62221773107,0,0,0,0,8216,123162624,23.272123977620428,29729.885596518987,8216,123162624,23.272123977620428,29729.885596518987,
473,12062.697892544931,23830,166277120,31.71089495080625,2310.697961183382,36491,332644352,63.43897526160555,50783.420402345786,60321,498921472,95.1498702124118,31634.119565607336,20152,128217088,24.45242381192482,1965.491974692338,15868,64995328,12.39533147134853,3415.441588984119,36020,193212416,36.84775528327335,2604.242682065519,3678,38060032,7.258471138881431,4202.103899129962,3597,14733312,2.8098063588631623,5172.827596330275,7275,52793344,10.068277497744592,4682.061718900343,0,0,0,0,17026,252915712,48.23383743139385,104565.65875155645,17026,252915712,48.23383743139385,104565.65875155645,
478,8951.78556734223,17612,120659968,23.01248296919396,22403.985217465364,27150,242556928,46.26088724522126,29078.484788287293,44762,363216896,69.27337021441522,26452.344614896567,14961,94044160,17.936268890375903,23190.843499030812,11882,48668672,9.282175390045579,25159.736792543343,26843,142712832,27.218444280421483,24062.370158253547,2651,26615808,5.076214078818058,17963.326314975482,2819,11546624,2.2021925959046023,16949.988698474637,5470,38162432,7.278406674722661,17441.096197806215,0,0,0,0,12449,182341632,34.77651925927108,35565.1740133344,12449,182341632,34.77651925927108,35565.1740133344,
483,8871.205533658862,17447,121413632,23.091710810583187,2935.0628507479796,27036,244875264,46.572931620670175,2993.233936233171,44483,366288896,69.66464243125336,2970.4182329654022,14754,94572544,17.986792757086405,2912.127723803714,11761,48173056,9.162054208328348,3113.2100461695436,26515,142745600,27.14884696541475,3001.31984876485,2693,26841088,5.104918053496783,3060.716346082436,2852,11681792,2.2217650371696664,3056.1381230715288,5545,38522880,7.326683090666449,3058.3615954914335,0,0,0,0,12423,185020416,35.18911237517216,2865.2099669966997,12423,185020416,35.18911237517216,2865.2099669966997,
488,9153.804599933603,18096,124375040,23.72111333390431,12448.815585322724,27676,251527168,47.971879717055685,13036.651909488364,45772,375902208,71.69299305096,12804.250307589793,15279,96825344,18.466767597568385,12377.932242555142,12272,50266112,9.58687643120941,12729.342092649935,27551,147091456,28.053644028777793,12534.460197270517,2817,27549696,5.254345736335926,12833.276570110045,2818,11542528,2.201419310882343,12745.929279630944,5635,39092224,7.455765047218269,12789.59517444543,0,0,0,0,12586,189718528,36.18358397496394,13401.387523915462,12586,189718528,36.18358397496394,13401.387523915462,
493,8994.011947958099,17834,122634240,23.38961584099077,6483.878141190983,27138,245571584,46.837041687734164,7371.549953239,44972,368205824,70.22665752872493,7019.536720648403,15195,96673792,18.438266969908625,6494.722412767358,11813,48386048,9.228508080481763,6832.927743333616,27008,145059840,27.666775050390388,6642.649677651067,2639,25960448,4.951348871082148,6421.438312997348,2684,10993664,2.0967845329732544,6619.089246274218,5323,36954112,7.0481334040554025,6521.099238211535,0,0,0,0,12641,186191872,35.511749074279145,8034.657990823511,12641,186191872,35.511749074279145,8034.657990823511,
498,8723.09231774141,17466,122003456,23.266824561023327,16765.94333831444,26156,232710144,44.37928458369634,29464.324991780086,43622,354713600,67.64610914471967,24379.96540351199,14742,94621696,18.044951124158995,17234.719473951973,11427,46804992,8.926005648922768,19383.924928502667,26169,141426688,26.970956773081763,18173.195179143262,2724,27381760,5.22187343686433,14228.976454478707,2665,10915840,2.0817191786452414,15426.806925703564,5389,38297600,7.303592615509571,14821.334629615883,0,0,0,0,12064,174989312,33.371559756128335,42113.42290036472,12064,174989312,33.371559756128335,42113.42290036472,
503,9296.736963207362,18318,128598016,24.52426559179955,802.5854223168468,28173,254545920,48.54314196720548,9232.145001348808,46491,383143936,73.06740755900503,5910.7995287044805,15434,98267136,18.740019614373264,620.8975083581703,12188,49922048,9.520376768787518,1082.1696623728258,27622,148189184,28.260396383160785,824.4303811816667,2884,30330880,5.784245977426286,1774.905555478502,2827,11579392,2.2082462360815813,2316.965963211885,5711,41910272,7.992492213507868,2043.2306776396426,0,0,0,0,13158,193044480,36.81451896233638,18267.037125702995,13158,193044480,36.81451896233638,18267.037125702995,
508,9046.788192971511,17712,121434112,23.15349875319634,554.5374713188799,27538,249499648,47.57139236865277,769.4056451812041,45250,370933760,70.72489112184911,685.3007811933701,14930,93396992,17.80774036396205,357.740543067649,11868,48611328,9.268584450464942,625.8822428378834,26798,142008320,27.076324814426997,476.49215486230315,2782,28037120,5.345758389234288,1610.6762703091301,2790,11427840,2.1789139380516676,1191.5375035842294,5572,39464960,7.524672327285956,1400.8059976669058,0,0,0,0,12880,189460480,36.12389398013616,810.2121555900621,12880,189460480,36.12389398013616,810.2121555900621,
513,8403.165738284248,16750,116695040,22.08583324388386,8156.242352776119,25593,231002112,43.719717004398674,8617.646362364709,42343,347697152,65.80555024828253,8435.124643057885,14139,90796032,17.184158143810937,8124.921791993776,11165,45731840,8.655258973954487,8558.0785578146,25304,136527872,25.83941711776542,8316.045538847613,2611,25899008,4.901675100072926,8325.848407506703,2557,10473472,1.9822209759428233,9025.925300743058,5168,36372480,6.883896076015749,8672.229331656346,0,0,0,0,11871,174796800,33.08223705450136,8585.728688400304,11871,174796800,33.08223705450136,8585.728688400304,
518,5060.639104327012,10591,72531968,12.937168140461972,103929.99086139175,16467,148525056,26.491679124762342,101941.22533685552,27058,221057024,39.42884726522431,102719.66482500554,8951,56815616,10.133920221162638,103052.29745804939,7230,29614080,5.282116876865826,102567.9148186722,16181,86429696,15.416037098028466,102835.86544008406,1640,15716352,2.803247919299333,108720.37723536586,1658,6791168,1.2113070237681245,104803.03768516284,3298,22507520,4.014554943067457,106751.01732807764,0,0,0,0,7579,112119808,19.998255224128393,100717.33698390289,7579,112119808,19.998255224128393,100717.33698390289,
523,4506.021623011435,9095,64069632,11.819058245322369,119759.88221264431,14200,128090112,23.629049318995087,118727.3375443662,23295,192159744,35.44810756431745,119130.47099609359,7666,49750016,9.177488904723532,120031.21876976259,6245,25579520,4.718707246006789,119370.98869415533,13911,75329536,13.896196150730322,119734.82477780174,1429,14319616,2.6415693405988367,118304.27266270119,1379,5648384,1.041969142072596,121126.64544307468,2808,19968000,3.6835384826714326,119690.33109009972,0,0,0,0,6576,96862208,17.8683729309157,117612.94474893552,6576,96862208,17.8683729309157,117612.94474893552,
529,5260.518870659504,10832,76861440,14.119892453026816,105287.48755483753,16477,150908928,27.722845598021156,105022.31422965346,27309,227770368,41.842738051047974,105127.49411388187,9124,58970112,10.833151699772293,105010.03075635686,7065,28938240,5.316122578237914,105156.60201372964,16189,87908352,16.149274278010207,105073.99554314658,1708,17891328,3.2867407532545236,106769.6396797424,1698,6955008,1.2776753202898765,107723.86148292109,3406,24846336,4.5644160735444,107245.34978596595,0,0,0,0,7714,115015680,21.129047699493366,104304.66185338346,7714,115015680,21.129047699493366,104304.66185338346,
534,13275.964190578925,26234,178712576,34.07892593563787,10151.182393992529,40161,362311680,69.08967004278718,44650.21631042554,66395,541024256,103.16859597842505,31018.95408038256,22196,138649600,26.439266643472344,10154.240714588213,17660,72335360,13.793720795383207,11486.615719592299,39856,210984960,40.23298743885555,10744.609607311322,4038,40062976,7.639659292165524,10134.37147672115,4181,17125376,3.265659492950011,11012.49399665152,8219,57188352,10.905318785115535,10581.071836354788,0,0,0,0,18320,272850944,52.03028975445396,84295.87697789301,18320,272850944,52.03028975445396,84295.87697789301,
539,12380.892086862397,24446,169783296,32.37285261231664,2161.123755788268,37479,339623936,64.75663909683352,44324.597733477414,61925,509407232,97.12949170915017,27679.813157642307,20684,131436544,25.06121607383727,1915.1247453587314,16243,66531328,12.685634724900707,3261.9976592993903,36927,197967872,37.746850798737974,2507.5708347008963,3762,38346752,7.3116365384793705,3513.660579744817,3741,15323136,2.9216868500802526,3132.051844159316,7503,53669888,10.233323388559622,3323.39025056644,0,0,0,0,17495,257769472,49.149317521852566,91256.9285238068,17495,257769472,49.149317521852566,91256.9285238068,
544,10071.730875694975,19785,135561216,25.85093921406899,4050.5873846348245,30584,275038208,52.44860002254969,61080.820163745746,50369,410599424,78.29953923661868,38679.28041638707,16688,105590784,20.135707094497356,3762.4726540028764,13394,54861824,10.461913217102975,5994.049593773331,30082,160452608,30.59762031160033,4756.081507512798,3097,29970432,5.715232119571634,5603.076446561188,3087,12644352,2.411223391159988,6890.121468091998,6184,42614784,8.126455510731622,6245.558332309184,0,0,0,0,14103,207532032,39.57546341428673,125259.9942322201,14103,207532032,39.57546341428673,125259.9942322201,
549,13672.937646503657,26884,187400192,35.73992752897495,2165.1918425085555,41488,374161408,71.3579930913797,23207.726819224834,68372,561561600,107.09792062035464,14933.762179985959,22709,144662528,27.589236764913824,2403.53089383064,17926,73424896,14.003189825240534,3996.3307768604263,40635,218087424,41.59242659015436,3106.1894567244985,4175,42737664,8.150690764061126,868.7986649101797,4195,17182720,3.276993267705235,1296.3062386174015,8370,59920384,11.427684031766361,1083.0632135005974,0,0,0,0,19367,283553792,54.07780999843392,45735.836221355916,19367,283553792,54.07780999843392,45735.836221355916,
554,8104.986745917391,16189,112033792,21.144874191388173,51545.89800660942,24765,221093888,41.72850318451122,50375.590451039774,40954,333127680,62.873377375899395,50838.20970720809,13736,86155264,16.26064944946106,51389.50431020676,10806,44261376,8.353740513020643,50383.10670849528,24542,130416640,24.6143899624817,50946.380991646976,2453,25878528,4.884224741927116,52421.651701589886,2499,10235904,1.9318894634498043,51827.11467627051,4952,36114432,6.816114205376921,52121.62180936995,0,0,0,0,11460,166596608,31.442873208040773,50051.97965549738,11460,166596608,31.442873208040773,50051.97965549738,
559,9214.571449262776,18368,127057920,24.231670207661747,48782.74901502613,27710,249384960,47.56109737567651,61488.752383002524,46078,376442880,71.79276758333826,56423.77842877295,15480,97681408,18.62917057099669,48794.91177151163,11966,49012736,9.34739412330369,49995.69140021728,27446,146694144,27.97656469430038,49318.43173934271,2888,29376512,5.602499636665056,48717.55529259003,2951,12087296,2.3052114372279116,48331.4934483226,5839,41463808,7.907711073892967,48522.441659702,0,0,0,0,12793,188284928,35.90849181514491,75273.87227952787,12793,188284928,35.90849181514491,75273.87227952787,
564,9545.444025651323,18793,131751936,25.127697451693837,13260.038779119885,28938,262422528,50.049161236557886,51056.57041955215,47731,394174464,75.17685868825173,36175.042290691585,15798,101707776,19.39768250397966,12895.491937587036,12597,51597312,9.840626897935314,15157.594548702073,28395,153305088,29.23830940191497,13899.038568762107,2995,30044160,5.73001494771418,15182.947294156927,2856,11698176,2.231073304795051,18088.63661834734,5851,41742336,7.961088252509231,16601.27727362844,0,0,0,0,13485,199127040,37.97746103382752,91573.87245747127,13485,199127040,37.97746103382752,91573.87245747127,
569,9035.785548973106,17729,122363904,23.33540960298324,2997.6097583056007,27457,249208832,47.52537293515118,17081.13666325527,45186,371572736,70.86078253813443,11555.379824901518,14953,94285824,17.98077906042282,3430.9341772219623,11764,48185344,9.189186535766716,5048.450835175111,26717,142471168,27.16996559618953,4143.157329677733,2776,28078080,5.354630542560424,663.495912463977,2766,11329536,2.1605992823810554,1017.8351373825019,5542,39407616,7.51522982494148,840.3458395885962,0,0,0,0,12927,189693952,36.17558711700341,31468.357836156883,12927,189693952,36.17558711700341,31468.357836156883,
574,9036.592282976904,17700,123138048,23.47786520007732,642.6757926553673,27500,248365056,47.35401770521533,3770.140262,45200,371503104,70.83188290529264,2545.4473171460177,14969,94535680,18.024452942746382,338.07183512592695,11837,48484352,9.244170254908534,610.0043351355918,26806,143020032,27.268623197654918,458.15185462209956,2731,28602368,5.453412257330936,2312.25347125595,2760,11304960,2.155437180328424,1809.875859057971,5491,39907328,7.60884943765936,2059.7380442542344,0,0,0,0,12903,188575744,35.95441026997837,7088.504884057971,12903,188575744,35.95441026997837,7088.504884057971,
579,8024.095342628424,15934,108240896,20.64298515618173,15571.58743837078,24191,221859840,42.31163592615543,32924.93575073374,40125,330100736,62.95462108233716,26033.76436109657,13444,83030016,15.834933478428814,16760.14240531092,10519,43085824,8.21704233928236,21330.428849605476,23963,126115840,24.051975817711174,18766.353777323373,2490,25210880,4.808051677752916,9154.345279518071,2456,10059776,1.9185336995225282,11035.285673859935,4946,35270656,6.726585377275444,10088.35045713708,0,0,0,0,11216,168714240,32.17605988735055,48592.161025499285,11216,168714240,32.17605988735055,48592.161025499285,
584,9389.769522222476,18605,128372736,24.479341344027382,27344.686104756787,28355,256765952,48.96258801037122,60086.94550111092,46960,385138688,73.4419293543986,47114.847203215504,15764,99348480,18.944718557141893,27717.579889177872,12386,50733056,9.67426444233187,30565.867420555463,28150,150081536,28.618982999473765,28970.826402984014,2841,29024256,5.534622786885486,25275.59155438226,2884,11812864,2.2525899121334665,24743.15633668516,5725,40837120,7.787212699018952,25007.374407161573,0,0,0,0,13085,194220032,37.03573365590589,95820.95857378677,13085,194220032,37.03573365590589,95820.95857378677,
589,9599.03876625967,18858,129974272,24.786593589442965,366.13072627001804,29145,262569984,50.073105869710446,2751.7643838737345,48003,392544256,74.8596994591534,1814.5671354706997,15900,100483072,19.162508317667175,298.7095141509434,12461,51040256,9.733573134944182,592.9905367947997,28361,151523328,28.89608145261136,428.008051690702,2958,29491200,5.624085271775789,728.5368360378634,2964,12140544,2.315248436881033,757.7012007422402,5922,41631744,7.9393337086568225,743.1337926376225,0,0,0,0,13720,199389184,38.02428429788523,5143.228245626822,13720,199389184,38.02428429788523,5143.228245626822,
594,8983.210855469264,17553,120389632,22.960482999634124,546.3581334244858,27367,245436416,46.80916922363488,6482.010728687836,44920,365826048,69.769652223269,4162.587086553874,14912,93114368,17.758596217701502,253.86998129023607,11976,49053696,9.355428157444825,580.7584439712759,26888,142168064,27.11402437514633,399.46713351681046,2641,27275264,5.201886781932623,2197.8474649753884,2809,11505664,2.194338484824859,3105.5132449270204,5450,38780928,7.396225266757481,2665.670066055046,0,0,0,0,12582,184877056,35.259402581365194,12852.856285328247,12582,184877056,35.259402581365194,12852.856285328247,
599,9053.76027334954,17855,124899328,23.821499277894475,811.2414846821619,27416,247709696,47.244580406321,16890.718949627953,45271,372609024,71.06607968421547,10548.931267964039,15018,96468992,18.39910638484146,539.7081143294713,11980,49070080,9.35892045220791,988.4874531719532,26998,145539072,27.75802683704937,738.8479202163123,2837,28430336,5.422392893053013,2248.6359703912585,2725,11161600,2.1288028574512983,2778.191543119266,5562,39591936,7.551195750504312,2508.082021395182,0,0,0,0,12711,187478016,35.75685709666179,34903.88632515144,12711,187478016,35.75685709666179,34903.88632515144,
