5,10837.683537265317,21547,149147648,28.41169764402822,5656.695146284866,32710,294318080,56.065760421048736,42581.445772791194,54257,443465728,84.47745806507696,27917.575640838968,18221,116166656,22.129024163960242,6316.83339372153,14256,58392576,11.123421899136744,8749.460118686868,32477,174559232,33.25244606309699,7384.651436986174,3326,32980992,6.282673480067976,2040.2252104630186,3434,14065664,2.6794213525277484,2772.0427716948166,6760,47046656,8.962094832595724,2411.979871005917,0,0,0,0,15020,221859840,42.262917169384245,83794.11404114515,15020,221859840,42.262917169384245,83794.11404114515,
10,8332.25939248286,17071,117157888,21.324092896346606,3374.0660807802706,26587,238829568,43.46974822921295,63712.01089400835,43658,355987456,64.79384112555955,40118.876625223325,14415,90279936,16.431994249847065,3225.8520336455085,11693,47894528,8.717358956647235,5156.773940819293,26108,138174464,25.1493532064943,4090.65477075992,2656,26877952,4.8920986464995435,4178.473268072289,2702,11067392,2.0143935603233416,6851.679387490747,5358,37945344,6.906492206822885,5526.551456700262,0,0,0,0,12192,179867648,32.73799571224237,132472.09959350392,12192,179867648,32.73799571224237,132472.09959350392,
15,9051.184972005336,17845,121765888,23.056328665499365,4829.325268982909,27742,248762368,47.10306811227708,67951.046867241,45587,370528256,70.15939677777645,43242.092079233116,15017,93917184,17.783186220776205,5147.257775321303,12084,49496064,9.37206255361593,7447.276210278053,27101,143413248,27.15524877439213,6172.8074881738685,2828,27848704,5.273142444723163,3141.067684936351,2769,11341824,2.147570441158764,4071.552585409895,5597,39190528,7.420712885881928,3601.4058463462566,0,0,0,0,12889,187924480,35.58343511750238,138399.4822994026,12889,187924480,35.58343511750238,138399.4822994026,
20,7889.976198415825,15503,107929600,20.582744943364226,35310.75135980133,23953,212623360,40.5483981028477,73690.43095666514,39456,320552960,61.131143046211925,58610.3373640511,13086,84254720,16.067820246110138,36009.53252109124,10498,42999808,8.200290566050764,39882.904709087445,23584,127254528,24.268110812160902,37733.6955650865,2417,23674880,4.514924697254088,31527.445494414565,2463,10088448,1.9239203337952975,34260.72445838408,4880,33763328,6.438845031049386,32906.967233811476,0,0,0,0,10992,159535104,30.42418720300164,114813.68219868996,10992,159535104,30.42418720300164,114813.68219868996,
25,10211.72795564555,19987,139816960,26.52801998954342,26468.114648371444,31341,285483008,54.1658103773604,58610.01828295204,51328,425299968,80.69383036690382,46094.03815623052,16783,106393600,20.186474856551644,27927.00981153548,13431,55013376,10.43790351485448,29822.40860844315,30214,161406976,30.624378371406124,28769.56959313563,3204,33423360,6.341545132991777,18826.21779338327,3169,12980224,2.462788790006243,20311.100289996844,6373,46403584,8.804333922998019,19564.581614467286,0,0,0,0,14741,217489408,41.265118072499675,93072.78584675395,14741,217489408,41.265118072499675,93072.78584675395,
31,7952.364882962546,19110,134602752,21.024482308350883,21469.044456724227,29444,266661888,41.65166063296718,71956.88163014536,48554,401264640,62.67614294131806,52085.757348230836,16029,103157760,16.11288378479146,22216.116733420673,12729,52137984,8.143771995100675,25859.45712428313,28758,155295744,24.256655779892135,23828.749038702277,3081,31444992,4.911598523559422,17582.37729568322,3021,12374016,1.9327783170083384,19399.686680238334,6102,43819008,6.844376840567761,18482.0973302196,0,0,0,0,13694,202149888,31.57511032085817,126400.38991689791,13694,202149888,31.57511032085817,126400.38991689791,
36,10449.956287249297,20656,142696448,27.214990205234812,15416.817275416344,31598,286396416,54.62137120788287,63226.98603072979,52254,429092864,81.83636141311769,44327.63199448846,17471,110624768,21.09829655729324,17137.081125980196,13876,56836096,10.83974981594346,21967.875363217066,31347,167460864,31.9380463732367,19275.47079120809,3185,32071680,6.116693647941575,5980.4814094191515,3227,13217792,2.520890217357275,6671.252730399752,6412,45289472,8.63758386529885,6328.12942139738,0,0,0,0,14495,216342528,41.26073117458213,115315.06957557779,14495,216342528,41.26073117458213,115315.06957557779,
41,7328.201773033655,14829,100560896,18.619465505545982,55937.5724394767,22916,207040512,38.33481825216214,74247.209990967,37745,307601408,56.95428375770812,67053.8435781693,12529,77799424,14.405039624143226,56721.79874363477,9769,40013824,7.4088044692142345,58488.94259105333,22298,117813248,21.81384409335746,57496.00397484079,2300,22761472,4.214425881402754,51665.584889565216,2307,9449472,1.7496275883383396,53877.148094495016,4607,32210944,5.964053469741094,52773.04664640764,0,0,0,0,10840,157577216,29.176386194609563,92783.7641445572,10840,157577216,29.176386194609563,92783.7641445572,
46,8194.491181572834,16721,115847168,21.38948227821925,42215.769910412055,25605,230404096,42.5407406439243,70763.33706584651,42326,346251264,63.93022292214356,59485.54397398762,14108,89604096,16.544083524319355,43313.46069428693,11227,45985792,8.490602748561592,44632.96736136101,25335,135589888,25.034686272880947,43898.1893838958,2613,26243072,4.845398753899896,36289.16387179487,2545,10424320,1.9246979598369336,36500.19509312377,5158,36667392,6.770096713736829,36393.28842749128,0,0,0,0,11833,173993984,32.125439935525776,102924.69572323165,11833,173993984,32.125439935525776,102924.69572323165,
51,6587.524402935241,13121,89223168,17.01209208610494,41893.49225927902,19828,176783360,33.707106203750136,94280.74553984265,32949,266006528,50.71919828985508,73419.01528113145,11043,68177920,12.999415726631627,43276.568082767364,8788,35995648,6.863254154739486,47010.88679745107,19831,104173568,19.86266988137111,44931.4111499168,2078,21045248,4.012676359473313,34543.489218479306,2073,8491008,1.6189719916676097,41086.05683453932,4151,29536256,5.631648351140923,37810.832670199954,0,0,0,0,8967,132296704,25.22488005734304,152904.6005988625,8967,132296704,25.22488005734304,152904.6005988625,
56,7937.310853693869,15616,110632960,21.1002621710234,2552.063329918033,24073,217116672,41.40916686040123,72763.01035030947,39689,327749632,62.509429031424624,45137.871176472065,13159,84078592,16.035730528863283,2563.917152747169,10484,42942464,8.19012027400997,4500.00527909195,23643,127021056,24.225850802873254,3422.4354421604703,2457,26554368,5.064531642160114,2488.577593406593,2438,9986048,1.9045701285803422,2887.1772821985232,4895,36540416,6.969101770740457,2687.103853115424,0,0,0,0,11151,164188160,31.31447645781092,152220.15555582457,11151,164188160,31.31447645781092,152220.15555582457,
61,7930.01062736317,15583,107241472,20.435645079546525,50509.12004973368,24104,219230208,41.77591595724424,69258.84593009458,39687,326471680,62.21156103679076,61896.81356701187,13070,82567168,15.733776392693409,50865.10624866105,10446,42786816,8.153340023716408,52473.06027541643,23516,125353984,23.887116416409818,51579.37261043545,2513,24674304,4.701868686853115,48657.65183645046,2451,10039296,1.9130611141230056,49785.76817217463,4964,34713600,6.614929800976121,49214.66495870266,0,0,0,0,11207,166404096,31.709514819404824,89163.62245667887,11207,166404096,31.709514819404824,89163.62245667887,
66,5964.730544531193,11766,81346560,15.348191043648512,30867.550007309193,18383,167542784,31.61140012333327,97381.47411760867,30149,248889344,46.95959116698178,71423.63700587084,9907,62672896,11.82490791333665,31258.486726355102,7982,32694272,6.168643550372731,34356.963394888495,17889,95367168,17.99355146370938,32641.01457968584,1859,18673664,3.5232831303118615,28784.16642711135,1817,7442432,1.4042126448292722,32506.532268024217,3676,26116096,4.927495775141134,30624.084471980415,0,0,0,0,8584,127406080,24.03854392813127,169718.31171423578,8584,127406080,24.03854392813127,169718.31171423578,
72,5636.205127057499,11813,81408000,14.583451833583439,80670.25699991535,18192,166305792,29.792065979731056,91953.18780183597,30005,247713792,44.375517813314495,87511.08610001666,9952,63234048,11.327765001603074,83104.78631129421,7948,32555008,5.831913216267732,86762.01968948163,17900,95789056,17.159678217870805,84728.67965709497,1861,18173952,3.255686831980363,67651.21578183772,1859,7614464,1.3640572054657414,72583.03288111888,3720,25788416,4.619744037446105,70115.79857419356,0,0,0,0,8385,126136320,22.596095557997582,101168.27690793083,8385,126136320,22.596095557997582,101168.27690793083,
77,4596.732561855127,9845,68882432,12.099928920637456,114400.26294911122,15111,140038144,24.599183556381877,115962.46308675798,24956,208920576,36.699112477019334,115346.18402139767,8302,53522432,9.401782196941765,114238.31471284028,6483,26554368,4.664556055925114,115151.56913095788,14785,80076800,14.066338252866878,114638.76303158606,1543,15360000,2.6981467236956926,115271.61373169151,1530,6266880,1.1008438632678426,113220.81456470588,3073,21626880,3.7989905869635354,114250.55199219004,0,0,0,0,7098,107216896,18.83378363718892,117294.07026542687,7098,107216896,18.83378363718892,117294.07026542687,
82,5124.7905525222895,10491,75005952,13.7885606789329,96242.135014012,16095,145739776,26.79176373509783,111865.42902068965,26586,220745728,40.58032441403073,105700.3805958023,8821,57253888,10.525147508198124,96854.15651502096,7002,28680192,5.272362487652258,101970.13880519853,15823,85934080,15.797509995850383,99118.08295095747,1670,17752064,3.263413170734774,93009.41545688623,1613,6606848,1.2145559401004131,94155.18191382517,3283,24358912,4.477969110835187,93572.35219007006,0,0,0,0,7480,110452736,20.304845307345158,124947.44114264706,7480,110452736,20.304845307345158,124947.44114264706,
87,7231.443403062908,14478,100274176,19.12483816598036,44778.91025576737,21681,195317760,37.25206927595986,89167.90351948711,36159,295591936,56.376907441940226,71394.62869241406,12205,76853248,14.657870941068154,47569.18117263417,9571,39202816,7.476975045406561,55004.019773795844,21776,116056064,22.134845986474716,50836.94569558229,2273,23420928,4.466967224912206,29796.395279806424,2256,9240576,1.762413091885613,34724.90296498227,4529,32661504,6.229380316797818,32251.39932877015,0,0,0,0,9854,146874368,28.01268113866769,134814.94437406128,9854,146874368,28.01268113866769,134814.94437406128,
92,8429.006602701375,16602,115011584,21.933613340769263,1458.5375917359356,25549,229707776,43.807078947387055,67793.34599072371,42151,344719360,65.74069228815632,41666.077621290126,14051,88989696,16.971034703570393,1445.2030631271796,11044,45236224,8.626903584011387,3101.389316461427,25095,134225920,25.59793828758178,2174.0702072524405,2551,26021888,4.962578637198872,1531.9846562132498,2668,10928128,2.0840799313783394,2542.390575712144,5219,36950016,7.046658568577212,2048.5133002490898,0,0,0,0,11837,173543424,33.09609543199733,142858.60902678044,11837,173543424,33.09609543199733,142858.60902678044,
97,6464.218468479695,12676,87281664,16.642039927649297,2094.866637661723,19656,175345664,33.43324826424228,88194.6738617216,32332,262627328,50.07528819189158,54438.60691961524,10675,67510272,12.872218409475607,1786.6636148009368,8605,35246080,6.720388266808494,3855.0249904706566,19280,102756352,19.592606676284102,2709.809342894191,2001,19771392,3.76982151817369,3739.0781664167916,2094,8577024,1.6353855933407306,3699.727084049666,4095,28348416,5.405207111514421,3718.9557814407813,0,0,0,0,8957,131522560,25.077474404093056,188973.4052549961,8957,131522560,25.077474404093056,188973.4052549961,
102,11018.026272044483,21984,155975680,29.5857355759733,7298.909373044032,33412,300494848,56.99838022741936,53718.216228031844,55396,456470528,86.58411580339266,35296.6326858979,18509,120983552,22.948368479714375,7629.304170619698,14553,59609088,11.306754460008914,9424.643597814884,33062,180592640,34.255122939723286,8419.56412718529,3475,34992128,6.6373670962589255,5539.117341870504,3479,14249984,2.7029615039078547,5824.334050014372,6954,49242112,9.34032860016678,5681.807725481737,0,0,0,0,15380,226635776,42.98866426350259,106463.80651313394,15380,226635776,42.98866426350259,106463.80651313394,
107,5550.615284704645,10958,75370496,14.228678875859565,82358.16808368315,17082,153427968,28.964613517305995,104946.0252749678,28040,228798464,43.193292393165564,96118.71646248217,9286,59228160,11.181278003637265,84563.96919007107,7268,29769728,5.62002271994714,89558.13148734177,16554,88997888,16.801300723584404,86756.6459797632,1672,16142336,3.0474008722223003,70107.5286854067,1753,7180288,1.355517312612457,72935.03068397033,3425,23322624,4.402918184834757,71554.714379854,0,0,0,0,8061,116477952,21.9890734847464,125781.46573725344,8061,116477952,21.9890734847464,125781.46573725344,
112,10399.447000326369,20440,141238272,26.907617725155554,45355.66253184932,31618,278986752,53.15038740490096,56099.14193064077,52058,420225024,80.05800513005651,51880.833142149146,17094,106172416,20.22714340971397,45964.6874979525,13994,57319424,10.920051112053443,46545.75183614406,31088,163491840,31.147194521767414,46226.24869033068,3346,35065856,6.680474315441584,42244.28393933054,3292,13484032,2.5688729641903625,42842.81065218712,6638,48549888,9.249347279631946,42541.11279421513,0,0,0,0,14332,208183296,39.661463328657156,68472.15222585823,14332,208183296,39.661463328657156,68472.15222585823,
117,9831.001884588324,19762,137486336,25.97141596982634,21994.245829369498,29870,267333632,50.499803554270855,57298.331651355875,49632,404819968,76.4712195240972,43241.284907035784,16660,105934848,20.01128318023055,22814.923084573828,12865,52695040,9.954187762968951,24148.65061127089,29525,158629888,29.9654709431995,23396.071420931414,3102,31551488,5.960132789595789,17586.61105448098,3078,12607488,2.3815771422011998,19393.11509291748,6180,44158976,8.34170993179699,18486.355298867315,0,0,0,0,13927,202031104,38.1640386491007,96297.60666733682,13927,202031104,38.1640386491007,96297.60666733682,
122,10277.16786639483,20268,140181504,26.69741132733534,28747.44412813302,31195,286203904,54.50721479330966,59315.0728032377,51463,426385408,81.204626120645,47276.429545226674,17093,107728896,20.516848273733252,29676.9637714269,13366,54747136,10.426531083484226,32626.183825976357,30459,162476032,30.94337935721748,30971.138736104273,3175,32452608,6.180563053602089,23743.261683149605,3206,13131776,2.5009321153411963,25983.861888958203,6381,45584384,8.681495168943286,24869.004397429868,0,0,0,0,14623,218324992,41.579751594484236,91017.42883560144,14623,218324992,41.579751594484236,91017.42883560144,
127,12947.432461219416,25909,178294784,33.629455908281884,19418.29589690841,39555,356274176,67.19942347304709,46290.83605422829,65464,534568960,100.82887938132897,35655.3624666687,21901,137412608,25.918375951918048,20718.81740605452,17323,70955008,13.383332139474078,23654.044485424005,39224,208367616,39.30170809139212,22015.139522511727,4008,40882176,7.711079956363838,12311.828438872255,4059,16625664,3.135885536808017,13715.013135008621,8067,57507840,10.846965493171854,13017.85629081443,0,0,0,0,18173,268693504,50.680205796764994,75144.76251521487,18173,268693504,50.680205796764994,75144.76251521487,
132,9465.46205255072,18545,127279104,24.230132134434797,11469.560976921004,28873,257957888,49.10746159369359,66213.39290478994,47418,385236992,73.3375937281284,44803.28781595597,15610,97673216,18.59405711777474,12601.897093786034,12651,51818496,9.864690790781188,17016.84676428741,28261,149491712,28.458747908555925,14578.2435883019,2935,29605888,5.636075016660061,5447.153213969336,2954,12099584,2.3033986717229964,7615.196289776574,5889,41705472,7.939473688383057,6534.67218933605,0,0,0,0,13268,194039808,36.93937213118941,126168.51636154657,13268,194039808,36.93937213118941,126168.51636154657,
137,7389.4506933633,14685,102141952,19.443222674757298,28512.54270990807,22336,203567104,38.74999894585407,77975.2201116583,37021,305709056,58.19322162061137,58355.02028872802,12385,78970880,15.032495214713906,30274.24147920872,9626,39428096,7.505331895064111,36432.81875503844,22011,118398976,22.537827109778018,32967.5523172959,2300,23171072,4.410727460043391,19026.17781521739,2322,9510912,1.810448853141374,20250.79354134367,4622,32681984,6.221176313184764,19641.400168325403,0,0,0,0,10388,154628096,29.434218197648583,129373.30193251828,10388,154628096,29.434218197648583,129373.30193251828,
142,8579.514775887421,16843,115720192,22.06599754061388,50402.233090126465,26066,232697856,44.37177496388981,67779.71876666923,42909,348418048,66.43777250450368,60958.56256983384,14242,90034176,17.168083390210732,51333.683602794554,11572,47398912,9.038217596629753,53309.46587858624,25814,137433088,26.206300986840485,52219.394941427134,2601,25686016,4.897914150403144,45301.99541176471,2551,10448896,1.9924380477879797,47968.927758134065,5152,36134912,6.890352198191124,46622.52033715062,0,0,0,0,11943,174850048,33.34111931947208,86032.00833241228,11943,174850048,33.34111931947208,86032.00833241228,
147,8628.286840679664,17167,119615488,22.80450129750095,23353.863415856005,25994,235474944,44.89292110714762,67938.65352485189,43161,355090432,67.69742240464858,50205.350501262714,14449,91324416,17.410853711231077,23157.799397951418,11362,46538752,8.872538565976296,26482.993102886816,25811,137863168,26.283392277207373,24621.549383441168,2718,28291072,5.393647586269871,24396.14781420162,2608,10682368,2.036576358041382,27242.233116947853,5326,38973440,7.430223944311253,25789.799798723245,0,0,0,0,12024,178253824,33.98380618312994,115938.94279116766,12024,178253824,33.98380618312994,115938.94279116766,
153,12774.67044544509,27574,190369792,32.99218173722693,1473.489943062305,42723,384151552,66.57567718633523,40347.728179177495,70297,574521344,99.56785892356216,25099.307263311377,23255,146804736,25.442106539663715,1451.7071268974414,18765,76861440,13.320530376295014,2587.6600303756995,42020,223666176,38.76263691595873,1958.993091527844,4319,43565056,7.550075197563217,1590.7762106969205,4284,17547264,3.04104194681843,2388.881204248366,8603,61112320,10.591117144381647,1988.2052229454841,0,0,0,0,19674,289742848,50.21410486322178,84628.67660109789,19674,289742848,50.21410486322178,84628.67660109789,
158,9574.396931964759,18863,132505600,25.131163664520606,2121.2611828447225,29280,264884224,50.23824491563781,65925.8619045082,48143,397389824,75.3694085801584,40926.46046685915,15863,101859328,19.318756661802116,1856.7819783143163,12715,52080640,9.877673755622242,3355.416285646874,28578,153939968,29.196430417424356,2523.558352368955,3000,30646272,5.812407002718491,3519.739056666667,2975,12185600,2.3111348346815705,6812.047349243698,5975,42831872,8.123541837400062,5159.005528702929,0,0,0,0,13590,200617984,38.04943632533399,137408.33536629874,13590,200617984,38.04943632533399,137408.33536629874,
163,11243.707713155822,22215,154898432,29.533782063798984,1278.1665805086654,34024,306229248,58.38734295252937,51962.7092535857,56239,461127680,87.92112501632836,31941.778663027435,18780,120315904,22.940088170453272,1112.6287422790201,14960,61276160,11.683247737113806,2517.707490106952,33740,181592064,34.623335907567075,1735.6274994665087,3435,34582528,6.593693893345713,2183.2031458515285,3430,14049280,2.6787125493516277,2547.5751594752187,6865,48631808,9.27240644269734,2365.2564607428985,0,0,0,0,15634,230903808,44.02538266606394,110117.44485064603,15634,230903808,44.02538266606394,110117.44485064603,
168,11383.403560340897,22526,155951104,29.73748473757751,1044.6703660658795,34406,306077696,58.364324328944086,50407.20819990699,56932,462028800,88.1018090665216,30876.179477130612,18985,118718464,22.63779108141899,1113.9429869370556,14992,61407232,11.709417744018545,2401.36186726254,33977,180125696,34.347208825437534,1682.0032587044177,3541,37232640,7.099693656158522,673.2666080203333,3493,14307328,2.728188112317021,1322.304126538792,7034,51539968,9.827881768475542,995.5708520045494,0,0,0,0,15921,230363136,43.92671847260852,106380.90445939325,15921,230363136,43.92671847260852,106380.90445939325,
173,10310.66339728447,20347,139718656,26.62459296640104,1618.1948873052538,31254,284262400,54.16864799824784,55880.45278655532,51601,423981056,80.79324096464887,34484.08136979903,17176,107655168,20.514619241180807,1499.6722402771309,13539,55455744,10.567569528073163,2931.4612050372994,30715,163110912,31.082188769253968,2130.796798111672,3171,32063488,6.1099737252202315,2260.183214443393,3206,13131776,2.5023729896596913,2701.640150655022,6377,45195264,8.612346714879923,2482.123145052533,0,0,0,0,14509,215674880,41.09870548051499,117040.26189351437,14509,215674880,41.09870548051499,117040.26189351437,
178,13147.385594406065,25918,181522432,34.621564978271884,4461.205059456748,39821,358162432,68.3119093086186,44423.44738585169,65739,539684864,102.93347428689049,28668.090647606445,21874,139943936,26.691346188768133,4585.362647938192,17225,70553600,13.45660709774428,6334.053157213352,39099,210497536,40.14795328651241,5355.745369293332,4044,41578496,7.930218789503756,3789.636540553907,4069,16666624,3.1788060540331773,4973.609217743918,8113,58245120,11.109024843536933,4383.447069764575,0,0,0,0,18527,270942208,51.67649615684114,88500.26538630106,18527,270942208,51.67649615684114,88500.26538630106,
183,5631.879783253311,11096,79454208,15.140922148797529,1933.588215663302,17089,154378240,29.418566645436584,101775.5618340453,28185,233832448,44.55948879423411,62469.3159844953,9328,60399616,11.509848335197873,1684.1708083190395,7403,30322688,5.778340378778642,3465.9553212211267,16731,90722304,17.288188713976517,2472.5606683999763,1768,19054592,3.6310738135996545,3249.518971153846,1700,6963200,1.3269186335166407,2982.59181,3468,26017792,4.957992447116296,3118.6723235294116,0,0,0,0,7986,117092352,22.3133076331413,213938.60541723017,7986,117092352,22.3133076331413,213938.60541723017,
188,10009.55211084044,19705,138465280,26.404226536668066,5010.29553494037,30354,274026496,52.25467118857063,58558.80092399684,50059,412491776,78.6588977252387,37480.20769018558,16578,106696704,20.346212011645214,5354.622134033056,13170,53944320,10.286752358761083,7708.127799240699,29748,160641024,30.632964370406295,6396.563427927928,3127,31768576,6.058014525022852,3184.825000959386,3052,12500992,2.3838396506407613,4267.946422018348,6179,44269568,8.441854175663613,3719.8123091115067,0,0,0,0,14132,207581184,39.58407917916879,117672.8012773139,14132,207581184,39.58407917916879,117672.8012773139,
193,9379.568395408458,18474,128860160,24.57699407978662,9122.276800422216,28426,257708032,49.15164451741687,63090.623749876875,46900,386568192,73.72863859720349,41832.38832249467,15522,98168832,18.723357187229684,9718.935953098828,12348,50577408,9.646431115613641,13768.38997165533,27870,148746240,28.36978830284333,11513.075107068533,2952,30691328,5.853636892556934,5984.965361449865,2800,11468800,2.1873993459441365,7091.333908214286,5752,42160128,8.04103623850107,6523.531413421419,0,0,0,0,13278,195661824,37.31781405585909,120767.15291467088,13278,195661824,37.31781405585909,120767.15291467088,
198,9539.324665871616,18805,134000640,25.551427770317243,1317.6964636532837,28905,259235840,49.431449291865455,59732.92771894136,47710,393236480,74.9828770621827,36708.43759620625,15861,102780928,19.59840981325296,1398.4129104091799,12594,51585024,9.836303877101495,3091.818619421947,28455,154365952,29.434713690354453,2147.903386575294,2944,31219712,5.953017957064284,882.8311233016304,2857,11702272,2.2314054452023955,1583.435587679384,5801,42921984,8.18442340226668,1227.8797278055506,0,0,0,0,13454,195948544,37.363739969561564,125101.6825144195,13454,195948544,37.363739969561564,125101.6825144195,
203,10195.177791535682,20138,138539008,26.422087893162097,9528.025609246202,30842,280969216,53.586303436104046,58429.94300301537,50980,419508224,80.00839132926615,39112.82231890938,16929,106143744,20.24367991199487,10286.90245058775,13351,54685696,10.429627633906133,13207.28073365291,30280,160829440,30.673307545901007,11574.550087879788,3209,32395264,6.178407981167224,5524.589633219071,3078,12607488,2.404493585286726,6519.197719948018,6287,45002752,8.58290156645395,6011.5315277556865,0,0,0,0,14413,213676032,40.75218221691119,111406.35582057865,14413,213676032,40.75218221691119,111406.35582057865,
208,7931.971884481022,16467,115019776,21.076235413598805,8862.634935325195,24815,222412800,40.754944017606746,64988.83457332259,41282,337432576,61.831179431205555,42600.623502180126,13911,89153536,16.336502973982107,9354.92516411473,10743,44003328,8.063174283262418,11979.869609047752,24654,133156864,24.399677257244527,10498.746782185446,2556,25866240,4.739732439616696,6183.351143192489,2564,10502144,1.9244139311444513,8122.071086973479,5120,36368384,6.664146370761148,7154.225740039063,0,0,0,0,11508,167907328,30.76735580319988,127144.00421098366,11508,167907328,30.76735580319988,127144.00421098366,
213,8973.479436527386,17623,123420672,23.45197441664659,14277.648078760709,27414,249200640,47.352254198485944,77051.64988954549,45037,372621312,70.80422861513254,52488.15245606945,14786,95068160,18.064526955076577,15629.64620160963,11927,48852992,9.282878629607856,19692.990948268634,26713,143921152,27.34740558468443,17443.875707595555,2837,28352512,5.387447461570015,7231.245454705675,2777,11374592,2.1613611096185976,9874.839267554915,5614,39727104,7.548808571188613,8538.915568400427,0,0,0,0,12710,188973056,35.9080144592595,145554.1462144768,12710,188973056,35.9080144592595,145554.1462144768,
218,6521.195411994248,12853,90120192,17.187996122344575,72353.4257458181,19755,178876416,34.11585213430188,91602.5832350291,32608,268996608,51.30384825664646,84015.19912043057,10879,69423104,13.240584777639224,74888.68510589209,8716,35700736,6.808952558965336,79976.44920617256,19595,105123840,20.049537336604562,77151.7599667262,1974,20697088,3.9474113447053516,58381.2440952381,2008,8224768,1.5686526776505731,58477.621627490036,3982,28921856,5.516064022355924,58429.844317428426,0,0,0,0,9031,134950912,25.738246897685972,110188.3773999557,9031,134950912,25.738246897685972,110188.3773999557,
223,6430.835983244843,12560,88440832,16.86674614285115,42544.66242826433,19598,177369088,33.82644999184343,90189.42928599857,32158,265809920,50.69319613469458,71580.73870408608,10617,69246976,13.206243529596218,43544.639780258076,8514,34873344,6.650772353660369,47186.04682417195,19131,104120320,19.857015883256587,45165.20010496054,1943,19193856,3.660502613254932,37080.55561091096,1925,7884800,1.5037275993418147,37536.888709610386,3868,27078656,5.164230212596746,37307.660371768354,0,0,0,0,9159,134610944,25.671950038841246,141230.69349492303,9159,134610944,25.671950038841246,141230.69349492303,
228,11817.005794205383,23269,160632832,30.634666880097488,14682.140189565516,35823,324108288,61.81145729883351,51245.28528925551,59092,484741120,92.446124178931,36847.60331327422,19687,124776448,23.796411178019984,15491.167422563114,15469,63361024,12.083730575215544,18341.609457495637,35156,188137472,35.88014175323553,16745.391106667426,3582,35856384,6.838255702077502,10235.652435231714,3705,15175680,2.894189784806619,11731.675355465588,7287,51032064,9.73244548688412,10996.289860710856,0,0,0,0,16649,245571584,46.83353693881135,90610.1051731035,16649,245571584,46.83353693881135,90610.1051731035,
233,10276.7748089284,20269,141688832,26.940521797583663,27274.185866594307,31276,279699456,53.18167412898352,57669.590737466424,51545,421388288,80.12219592656719,45717.229473954794,17077,109342720,20.79027605765772,28007.97014048135,13711,56160256,10.678234689138229,31503.86605834731,30788,165502976,31.46851074679595,29564.817903566323,3192,32346112,6.150245739925942,23348.485977756893,3105,12718080,2.4181984326288526,24496.951811916264,6297,45064192,8.568444172554795,23914.785233762108,0,0,0,0,14460,210821120,40.08524100721644,89603.15193658369,14460,210821120,40.08524100721644,89603.15193658369,
239,6313.470471576021,13101,89489408,16.048108579555205,56940.080776429284,20474,187666432,33.65416471940136,84923.21424084205,33575,277155840,49.70227329895656,74004.16639222635,11086,68546560,12.292433956373872,56997.837711347645,8802,36052992,6.465372195040503,59596.50987525562,19888,104599552,18.757806151414375,58147.95398179807,2015,20942848,3.755674623181333,56622.31731215881,2004,8208384,1.472007030091021,59672.75873952096,4019,29151232,5.227681653272354,58143.363497885046,0,0,0,0,9668,143405056,25.716785494269832,113215.26685260654,9668,143405056,25.716785494269832,113215.26685260654,
244,6665.133117404568,13444,92467200,17.61539864277634,58423.155920113066,19922,174469120,33.23711650892839,98806.19299884551,33366,266936320,50.85251515170473,82534.85239803992,11413,71917568,13.700605509185694,60899.82367563305,8878,36364288,6.927553007777115,71393.62549065104,20291,108281856,20.62815851696281,65491.217520871316,2031,20549632,3.9147931335906496,44505.77084194978,2104,8617984,1.6417629565626324,46106.386822718625,4135,29167616,5.556556090153282,45320.2076070133,0,0,0,0,8940,129486848,24.66780054458864,138431.37941185682,8940,129486848,24.66780054458864,138431.37941185682,
249,5324.376150673396,10632,73404416,13.44420462023793,74129.97755013168,17092,155025408,28.393295935872167,105954.19324420781,27724,228429824,41.83750055611009,93749.78330121917,8973,57704448,10.568715735166114,75620.2792815112,7280,29818880,5.4614033611590935,78995.91290521978,16253,87523328,16.03011909632521,77132.28400559897,1659,15699968,2.8754888850718143,66069.41248945148,1745,7147520,1.3090863825855246,65750.19335702006,3404,22847488,4.184575267657339,65905.77048413632,0,0,0,0,8067,118059008,21.62280619212755,138979.14188322797,8067,118059008,21.62280619212755,138979.14188322797,
254,3978.9658140012216,8004,56057856,10.477748137964532,132834.97308908045,12298,110354432,20.62629623944472,132597.65693649373,20302,166412288,31.104044377409252,132691.21808738055,6753,43159552,8.06693205682685,132387.80272116096,5299,21704704,4.056816263559408,133612.1899288545,12052,64864256,12.123748320386259,132926.13891544973,1251,12898304,2.4108160811376815,135248.83519504394,1320,5406720,1.0105675538589203,133834.76674621212,2571,18305024,3.421383634996602,134522.82572306495,0,0,0,0,5679,83243008,15.558912422026392,131363.46160714913,5679,83243008,15.558912422026392,131363.46160714913,
259,3755.3576765994667,8121,56344576,9.984255982065433,143625.89098313014,12090,109596672,19.42052466648188,142456.716900579,20211,165941248,29.404780648547316,142926.5037851665,6897,43646976,7.734241912248419,143103.27701565897,5245,21483520,3.8068786439323348,142321.9111746425,12142,65130496,11.541120556180754,142765.74910953717,1224,12697600,2.2500140698170137,146570.71821650327,1186,4857856,0.8608118344525737,147492.6180649241,2410,17555456,3.1108259042695874,147024.4000506224,0,0,0,0,5659,83255296,14.752834188096974,141526.24813429933,5659,83255296,14.752834188096974,141526.24813429933,
265,5184.819433592759,11174,75943936,13.167172696032052,93649.41482262395,17345,156381184,27.11339660006514,108863.71415964255,28519,232325120,40.28056929609719,102902.61521536521,9431,58867712,10.206494039554105,94187.76848351183,7486,30662656,5.316296575292376,98257.05144790275,16917,89530368,15.522790614846482,95988.48091901638,1743,17076224,2.9606786564779477,90736.49837062536,1767,7237632,1.2548618819852564,95216.28846859082,3510,24313856,4.215540538463204,92991.70894131054,0,0,0,0,8092,118480896,20.542238142787507,121656.16080523974,8092,118480896,20.542238142787507,121656.16080523974,
270,7538.523119214526,15026,104992768,19.932506130800625,45081.56078590443,22843,207998976,39.487870862879355,79894.63137403142,37869,312991744,59.42037699367998,66081.1903363173,12677,80744448,15.329048232999364,46006.24064857616,10044,41140224,7.8103262036344345,48422.718788729595,22721,121884672,23.139374436633798,47074.46416161261,2349,24248320,4.60345789780126,40091.28125457642,2262,9265152,1.758956379193657,39074.78425729443,4611,33513472,6.362414276994917,39592.6223502494,0,0,0,0,10537,157593600,29.918588280051264,118656.9341342887,10537,157593600,29.918588280051264,118656.9341342887,
275,9374.608648850714,18581,129867776,24.76188293600151,10027.57077363974,28308,253607936,48.35541360832238,63680.94295732655,46889,383475712,73.11729654432389,42419.382494423,15664,98791424,18.836556315316358,10231.44760661389,12377,50696192,9.666240620036923,12622.24982483639,28041,149487616,28.50279693535328,11286.722349131629,2917,31076352,5.925326620685153,8932.772449434351,2811,11513856,2.1953463992020517,12430.744724297403,5728,42590208,8.120673019887205,10649.392572451117,0,0,0,0,13120,191397888,36.493826589083405,122828.63747972561,13120,191397888,36.493826589083405,122828.63747972561,
280,7511.303490984484,14711,101351424,19.326884814334328,10985.384428115016,22854,204619776,39.019312066961106,76683.2791428634,37565,305971200,58.346196881295434,50955.02866639159,12409,78151680,14.902884022692328,11093.748370537514,9922,40640512,7.749812121234449,13484.428668615197,22331,118792192,22.652696143926775,12155.963672921052,2302,23199744,4.424000791641999,10401.245348392702,2357,9654272,1.8409904424258814,12330.162079762411,4659,32854016,6.264991234067881,11377.089249624383,0,0,0,0,10575,154324992,29.428509503300777,150322.92844056737,10575,154324992,29.428509503300777,150322.92844056737,
285,9454.28310944788,18835,133275648,25.419460485439554,14194.550267268383,28438,260595712,49.70302154418327,61832.59034664885,47273,393871360,75.12248202962283,42852.14728411567,15934,103833600,19.804023704772657,15438.13563286055,12364,50642944,9.659051245988525,18513.546357165967,28298,154476544,29.463074950761182,16781.84819895399,2901,29442048,5.615436780666898,7364.047263012754,2872,11763712,2.2436747960594507,9697.246123607243,5773,41205760,7.859111576726349,8524.78641555517,0,0,0,0,13202,198189056,37.8002955021353,113743.61659225875,13202,198189056,37.8002955021353,113743.61659225875,
290,13168.304324005798,25903,179994624,34.27685893181725,7556.220806393082,40043,366628864,69.81811774367445,45714.27336283495,65946,546623488,104.09497667549171,30726.13101349589,21898,139280384,26.523537027068855,8227.123782171888,17206,70475776,13.420891015402503,10744.48549070092,39104,209756160,39.94442804247136,9334.778384180647,4005,40714240,7.753321904748395,3887.947806741573,4027,16494592,3.141109387366377,4319.979099826173,8032,57208832,10.894431292114772,4104.555129606574,0,0,0,0,18810,279658496,53.256117340905575,86564.08692610313,18810,279658496,53.256117340905575,86564.08692610313,
295,11628.101165246373,22823,157356032,30.006832895636695,5817.297382947027,35330,322039808,61.41102175478678,51063.990849108406,58153,479395840,91.41785465042348,33306.26063780028,19289,122736640,23.405126577238033,6361.427480532946,15156,62078976,11.838081041368918,8733.203187384535,34445,184815616,35.24320761860695,7405.022562926404,3534,34619392,6.60170631839866,2847.36941114884,3680,15073280,2.874382306165058,3819.2108562500002,7214,49692672,9.476088624563719,3343.1244039367893,0,0,0,0,16494,244887552,46.698558407252804,100501.73840426822,16494,244887552,46.698558407252804,100501.73840426822,
300,11548.34379198148,22765,155000832,29.558799490721317,9268.140835097738,34987,313835520,59.84871880394977,52412.9297478492,57752,468836352,89.40751829467109,35405.88030196357,19346,120430592,22.966223313413355,10305.338993642097,15154,62070784,11.836954904138016,13310.606425960143,34500,182501376,34.80317821755137,11625.391824637682,3419,34570240,6.592576177307962,3399.279888856391,3584,14680064,2.799501542591438,4533.651548828125,7003,49250304,9.392077719899401,3979.8293718406394,0,0,0,0,16249,237084672,45.21226235722032,99440.80473616839,16249,237084672,45.21226235722032,99440.80473616839,
305,9116.226430003364,18031,123129856,23.47904306790611,9563.336288281294,27562,250974208,47.857070819327745,66977.73181358392,45593,374104064,71.33611388723385,44271.637331607926,15289,94752768,18.06795194071628,10241.213688599646,12046,49340416,9.408487834602875,13597.623756599702,27335,144093184,27.476439775319157,11720.31797537955,2742,28377088,5.411091127189833,5783.5888143690745,2726,11165696,2.129133142713551,8752.618847395452,5468,39542784,7.5402242699033835,7263.759968361375,0,0,0,0,12790,190468096,36.319449842011316,129662.51989804534,12790,190468096,36.319449842011316,129662.51989804534,
310,5591.233607622207,10988,75292672,14.343579204530554,83080.31422551874,17002,152096768,28.97509120889093,100600.6051246324,27990,227389440,43.318670413421486,93722.68599639156,9271,58232832,11.093606003199374,84170.1236673498,7401,30314496,5.775042416098936,86353.40179381164,16672,88547328,16.86864841929831,85139.320009357,1717,17059840,3.249973201331181,77195.85101339546,1702,6971392,1.3280802853939182,79740.16294242068,3419,24031232,4.578053486725099,78462.42571453641,0,0,0,0,7899,114810880,21.871968507398076,118444.38591277377,7899,114810880,21.871968507398076,118444.38591277377,
315,9102.995913959674,17926,125124608,23.862468625370035,22482.69894538659,27595,249081856,47.50231044838867,69619.44692781301,45521,374206464,71.36477907375871,51057.17139931021,15109,96894976,18.478805741840826,24494.43972354226,11958,48979968,9.340951938659646,30229.302878491388,27067,145874944,27.81975768050047,27028.059762958583,2817,28229632,5.383662883529209,11692.712641817536,2775,11366400,2.167682022895176,13613.126434594595,5592,39596032,7.551344906424386,12645.707683834047,0,0,0,0,12862,188735488,35.99367648683385,118324.53804198414,12862,188735488,35.99367648683385,118324.53804198414,
320,7375.8886114384995,14592,102465536,19.513296024284752,5178.915146313048,22345,202989568,38.65685658664469,79933.52268113672,36937,305455104,58.17015261092944,50401.63776497821,12304,78782464,15.00314741489818,5087.546282509753,9680,39649280,7.550715762515046,7336.393453099174,21984,118431744,22.553863177413227,6077.759192412665,2288,23683072,4.51014860938657,5670.262392919581,2313,9474048,1.8042154502786467,8050.232617380026,4601,33157120,6.314364059665216,6866.713409910889,0,0,0,0,10352,153866240,29.301925373851002,163879.2588523957,10352,153866240,29.301925373851002,163879.2588523957,
325,7472.39891004318,14807,102912000,19.5160755851615,36683.5846062673,22771,206528512,39.165753757413455,80965.77714658997,37578,309440512,58.68182934257495,63517.0990651445,12510,79667200,15.107966970403627,38729.87769832134,9723,39825408,7.552429966747273,44679.55276015633,22233,119492608,22.6603969371509,41331.806840867175,2297,23244800,4.408108614757871,25538.993147148452,2363,9678848,1.8354820540392685,27310.480651713922,4660,32923648,6.243590668797139,26437.28176802575,0,0,0,0,10685,157024256,29.777841736626915,125850.98307328031,10685,157024256,29.777841736626915,125850.98307328031,
331,6361.857621690286,14764,102965248,16.501693141093703,67933.2743032376,23093,213573632,34.2283110733912,84604.36165366128,37857,316538880,50.7300042144849,78102.73887209763,12428,79069184,12.6719979471586,66180.86544214677,9875,40448000,6.482386019902154,74305.95290663291,22303,119517184,19.154383967060753,69778.37423969869,2336,23896064,3.8296951939351054,77256.44952825342,2288,9371648,1.5019442241555572,76255.07811931819,4624,33267712,5.3316394180906626,76760.96125324394,0,0,0,0,10930,163753984,26.243980829333488,95656.50685983531,10930,163753984,26.243980829333488,95656.50685983531,
336,6527.278364161138,13058,91123712,17.2370179942345,68895.83888880379,19850,178937856,33.84799604873144,86044.06458765744,32908,270061568,51.08501404296594,79239.59360261942,11004,69500928,13.146838734488739,69291.67180916031,8708,35667968,6.746974994102307,71449.4062618282,19712,105168896,19.893813728591045,70244.87552333604,2054,21622784,4.09017925974576,66775.22279552094,2044,8372224,1.5836950950786766,66356.2002778865,4098,29995008,5.673874354824436,66566.22278916545,0,0,0,0,9098,134897664,25.517325959550455,104436.26939646076,9098,134897664,25.517325959550455,104436.26939646076,
341,6464.569767889107,12687,87724032,16.711789038706783,2747.9162187278316,19675,176566272,33.63660130230814,93274.7573125286,32362,264290304,50.34839034101492,57785.16974201224,10713,66994176,12.762666177199803,1400.526098105106,8435,34549760,6.58187143584497,3158.613336099585,19148,101543936,19.34453761304477,2174.9916220493,1974,20729856,3.9491228615069818,10060.272025329281,2007,8220672,1.5660718401589633,18365.566892874936,3981,28950528,5.515194701665945,14247.342308967596,0,0,0,0,9233,133795840,25.4886580263042,191885.43852269035,9233,133795840,25.4886580263042,191885.43852269035,
346,10220.916233813738,20182,139792384,26.66201930996404,1280.0173883658706,30925,283381760,54.04822309355276,56183.60794767987,51107,423174144,80.7102424035168,34502.34579830552,17019,107380736,20.480280647836658,1246.3194399788472,13448,55083008,10.505752752216484,2702.397005353956,30467,162463744,30.98603340005314,1889.0256827715232,3163,32411648,6.181738662127382,1461.3342975023713,3143,12873728,2.455352535709132,2114.8561527203306,6306,45285376,8.637091197836515,1787.0588758325405,0,0,0,0,14334,215425024,41.08711780562714,118214.68173336124,14334,215425024,41.08711780562714,118214.68173336124,
351,6823.841830209814,13383,92639232,17.668086053565077,1804.4278264963011,20739,189304832,36.104078044728176,83567.52400380925,34122,281944064,53.77216409829325,51499.19517956157,11288,71077888,13.555922416214122,1548.7982225372077,8935,36597760,6.979897815298402,3447.836079686626,20223,107675648,20.535820231512524,2387.8380906888196,2095,21561344,4.112163637350956,3181.777215274463,2156,8830976,1.6842372344469339,6181.158463358071,4251,30392320,5.796400871797889,4702.987747118325,0,0,0,0,9648,143876096,27.43994299498284,175059.4825140962,9648,143876096,27.43994299498284,175059.4825140962,
356,9592.633321591282,18910,129286144,24.65843243142031,1199.1614662612374,29055,262717440,50.107459642355174,60012.19545544656,47965,392003584,74.76589207377549,36825.40357104138,16013,99483648,18.974274708349274,1269.5549928807845,12587,51556352,9.833217875246719,2764.1600336855486,28600,151040000,28.807492583595995,1927.3379875874125,2897,29802496,5.684157723071036,810.0653179150845,2894,11853824,2.2608510789675065,1416.4285262612302,5791,41656320,7.945008802038543,1113.0898603004662,0,0,0,0,13574,199307264,38.013390688140944,125590.29854567556,13574,199307264,38.013390688140944,125590.29854567556,
361,9842.303756122777,19270,135180288,25.771820450498513,1490.7509154644524,29964,269361152,51.35310294414699,58264.955498064344,49234,404541440,77.1249233946455,36043.74815544136,16298,104075264,19.841716990174127,1615.3876249846608,12963,53096448,10.122719404290889,3298.4642375221783,29261,157171712,29.964436394465018,2361.012249171252,2972,31105024,5.930103460324386,807.2619882234186,2970,12165120,2.3192529993631057,1475.905897979798,5942,43270144,8.249356459687492,1141.4714146751935,0,0,0,0,14031,204099584,38.911130540493,121068.3268559618,14031,204099584,38.911130540493,121068.3268559618,
366,8799.538727547964,17201,117321728,22.375153737077678,1749.9725658973316,26801,241418240,46.042368511097244,64632.865034513634,44002,358739968,68.41752224817492,40051.058904049816,14594,92094464,17.563905897582462,1362.4952601068933,11658,47751168,9.106921141879397,2682.75775947847,26252,139845632,26.67082703946186,1948.7980262837116,2607,25227264,4.811247839495214,3919.0726045262754,2836,11616256,2.2154081624952795,7250.169990126939,5443,36843520,7.026656001990493,5654.694905750505,0,0,0,0,12307,182050816,34.72003920672257,136539.2332605834,12307,182050816,34.72003920672257,136539.2332605834,
371,12520.138065729016,24781,173088768,32.84025778702463,4248.205798232517,38151,344350720,65.33391244628616,47321.128783151165,62932,517439488,98.17417023331079,30360.12159302104,20793,132915200,25.218097524467538,4646.044650459289,16604,68009984,12.903583707126627,6644.196403878584,37397,200925184,38.12168123159417,5533.209709522154,3988,40173568,7.622160262557092,2173.9171186058174,3888,15925248,3.021508880589516,2990.24082973251,7876,56098816,10.643669143146608,2576.896624555612,0,0,0,0,17659,260415488,49.40881985857002,95328.279674387,17659,260415488,49.40881985857002,95328.279674387,
376,14845.186117981746,29348,204169216,38.92799087436482,4572.028893621371,44905,401076224,76.47133046637502,40471.73767529229,74253,605245440,115.39932134073985,26282.61867236341,24661,157450240,30.02030191410713,5007.042117797332,19604,80297984,15.310041590118526,6954.543422260763,44265,237748224,45.33034350422565,5869.5478350163785,4687,46718976,8.907688960257698,2283.1743765735014,4596,18825216,3.5893160144962635,3167.9203918624894,9283,65544192,12.497004974753962,2721.2108611440267,0,0,0,0,20705,301953024,57.57197286176023,80487.16488471384,20705,301953024,57.57197286176023,80487.16488471384,
381,8998.684944946577,17664,121430016,23.154466025874175,2597.096953294837,27342,247382016,47.171191057771594,64026.82835070588,45006,368812032,70.32565708364577,39916.82578651735,14952,94195712,17.961386197025853,2681.0299893659712,11902,48750592,9.295839392833921,4531.109319190053,26854,142946304,27.25722558985977,3501.0063125791316,2712,27234304,5.193079828848323,2134.351099557522,2807,11497472,2.192356005350766,2577.6055140719627,5519,38731776,7.385435834199089,2359.793234281573,0,0,0,0,12633,187133952,35.68299565958691,133733.62930182854,12633,187133952,35.68299565958691,133733.62930182854,
386,7293.691475150992,14408,97951744,18.669736157052444,41668.246054414216,22086,200613888,38.23728098603808,81620.61926202118,36494,298565632,56.90701714309053,65847.2375232367,12160,74784768,14.25407889752712,42807.36951430921,9666,39591936,7.546277063396711,47839.33123649907,21826,114376704,21.80035596092383,45035.85581535783,2248,23166976,4.415657259525325,35506.4394386121,2164,8863744,1.6894417096203684,35465.41779898336,4412,32030720,6.105098969145694,35486.31912398005,0,0,0,0,10256,152158208,29.001562213021003,123197.23646372855,10256,152158208,29.001562213021003,123197.23646372855,
391,9473.829759585342,18667,129064960,24.611030110676463,2075.1323267263087,28714,259141632,49.414980704924396,60741.67604750296,47381,388206592,74.02601081560086,37628.43716196366,15778,99237888,18.923390590970147,1679.874137660033,12464,51052544,9.73506440176044,2992.305746550064,28242,150290432,28.658454992730586,2259.0876343389277,2889,29827072,5.687639519706315,4233.797507442022,2848,11665408,2.224443470492116,3882.4387724719104,5737,41492480,7.9120829901984315,4059.373648771135,0,0,0,0,13402,196423680,37.455472832671845,126532.09980443218,13402,196423680,37.455472832671845,126532.09980443218,
396,8996.013476742526,17812,126038016,24.037742125398427,1550.2497137884573,27172,245280768,46.77950380862611,63933.18775106727,44984,371318784,70.81724593402454,39231.85189120576,14970,96235520,18.35386406799376,972.2283155644623,11855,48558080,9.260909066868102,2241.9478701813578,26825,144793600,27.614773134861863,1533.366258527493,2842,29802496,5.683878057404666,4594.929633356791,2722,11149312,2.12637659046942,5889.6876484202785,5564,40951808,7.8102546478740855,5228.346476815241,0,0,0,0,12595,185573376,35.39221815128859,134544.0695348948,12595,185573376,35.39221815128859,134544.0695348948,
401,10949.934293689616,22612,155709440,28.244267316867692,8235.424814965505,34958,317100032,57.51904361094164,51389.092832170034,57570,472809472,85.76331092780933,34439.453415719996,19001,120135680,21.791512834505575,8495.665346771224,15061,61689856,11.18997527447966,9938.311821326606,34062,181825536,32.98148810898524,9133.552098966591,3611,35573760,6.452754482362118,6866.045046247577,3568,14614528,2.6509416226906204,7305.810576513452,7179,50188288,9.103696105052737,7084.610781306589,0,0,0,0,16329,240795648,43.67812671377135,99253.58936548472,16329,240795648,43.67812671377135,99253.58936548472,
406,5275.8412771180065,10418,73019392,13.893218695519113,47894.8099898253,16026,143400960,27.28454515791351,115847.16825583427,26444,216420352,41.17776385343262,89076.34431031614,8814,55775232,10.612215121831142,49507.47526094849,7079,28995584,5.516917885543266,54323.693146348356,15893,84770816,16.129133007374406,51652.69683086894,1604,17244160,3.2810035736879715,39033.19421695761,1620,6635520,1.2625239404690056,42550.222020987654,3224,23879680,4.543527514156977,40800.43523511166,0,0,0,0,7327,107769856,20.50510333190124,191494.19066616625,7327,107769856,20.50510333190124,191494.19066616625,
411,11107.259583502793,21871,152514560,29.085286324132355,1651.0927304192767,33674,304848896,58.136203033701484,51656.20908026964,55545,457363456,87.22148935783385,31966.553851399764,18517,117760000,22.45741860665517,1753.4798399308743,14832,60751872,11.585684618222938,3433.793284519957,33349,178511872,34.04310322487811,2500.800869351405,3354,34754560,6.627867717477186,1085.8267474657125,3498,14327808,2.732384357776688,1706.316455688965,6852,49082368,9.360252075253875,1402.591633537653,0,0,0,0,15344,229769216,43.818134057701855,109656.7040935219,15344,229769216,43.818134057701855,109656.7040935219,
416,7847.503744444851,15358,106172416,20.248468692639083,1891.2140561922124,23884,214499328,40.907827957876755,73100.79672291073,39242,320671744,61.15629665051584,45231.75919690637,12940,82374656,15.709924535228756,1751.7399268933539,10313,42242048,8.056111169599431,3513.9857658295355,23253,124616704,23.766035704828187,2533.3182753623187,2418,23797760,4.5385441574103265,2637.6140698924733,2513,10293248,1.9630570512172376,4504.378501392757,4931,34091008,6.501601208627564,3588.9787051308053,0,0,0,0,11058,161964032,30.888659737060088,153588.3695562489,11058,161964032,30.888659737060088,153588.3695562489,
421,8001.80654851086,15723,106893312,20.38575028978997,5189.704922470267,24291,221073408,42.161171797173395,72865.80869947717,40014,327966720,62.54692208696337,46273.33157432399,13288,83574784,15.93864616288748,5053.738271974715,10552,43220992,8.242726637462688,7460.9731063305535,23840,126795776,24.181372800350168,6119.222415100671,2435,23318528,4.447104126902491,5931.68638110883,2517,10309632,1.9661621442848358,5314.78154628526,4952,33628160,6.413266271187327,5618.126310581583,0,0,0,0,11222,167542784,31.952283015425873,149516.82995446443,11222,167542784,31.952283015425873,149516.82995446443,
426,9204.96501398475,18231,126976000,24.216027203176534,4255.99682935659,27799,251625472,47.988354295017444,64517.40638566136,46030,378601472,72.20438149819398,40649.80356965023,15496,99471360,18.970523246101358,4307.3183317630355,12060,49397760,9.420815744203516,6589.682190215589,27556,148869120,28.391338990304877,5306.204531971258,2735,27504640,5.245503957075175,3965.218766727605,2855,11694080,2.2302179891957743,5849.419309982487,5590,39198720,7.47572194627095,4927.543015563507,0,0,0,0,12884,190533632,36.33732056161816,131740.74206542998,12884,190533632,36.33732056161816,131740.74206542998,
431,11998.130483248025,23800,162222080,30.87945879478681,1711.5086266386556,36311,328327168,62.498059792261614,48381.60352028311,60111,490549248,93.37751858704843,29903.317375172595,20086,125214720,23.834996979084277,1828.6961319326892,15748,64503808,12.278493046340177,3311.027499618999,35834,189718528,36.113490025424454,2480.137622648881,3714,37007360,7.044461815702533,1077.7368896068929,3718,15228928,2.8988720565337043,1879.3060621301777,7432,52236288,9.943333872236238,1478.737183396125,0,0,0,0,16845,248594432,47.32069468938773,100780.948911962,16845,248594432,47.32069468938773,100780.948911962,
436,11760.755351846372,23070,161742848,30.823150335949418,2475.404135240572,35785,320368640,61.05228685996464,49349.10963831214,58855,482111488,91.87543719591406,30975.54093631807,19461,126459904,24.09931988128298,2404.662458917836,15628,64012288,12.198748821166367,3731.1617041847967,35089,190472192,36.29806870244935,2995.461005614295,3609,35282944,6.723830454666437,2856.868187032419,3676,15056896,2.869375522562552,4923.183214091403,7285,50339840,9.59320597722899,3899.5276296499655,0,0,0,0,16481,241299456,45.98416251623572,102514.99737873915,16481,241299456,45.98416251623572,102514.99737873915,
441,11997.38502243438,23802,162910208,31.07054564026288,2056.1850779766405,36189,328908800,62.73011376846376,48353.90448810412,59991,491819008,93.80065940872663,29984.843839009183,20177,128245760,24.459275991165633,2052.4874230063933,15435,63221760,12.057774670189765,3375.784275089083,35612,191467520,36.5170506613554,2626.0324896102434,3625,34664448,6.611269649097245,2076.7664805517243,3674,15048704,2.870117534063958,2838.033895209581,7299,49713152,9.481387183161203,2459.9554765036305,0,0,0,0,17080,250638336,47.802221564210036,98790.82451422716,17080,250638336,47.802221564210036,98790.82451422716,
447,10942.59043125559,24578,167710720,28.02384675824721,2196.5912969729025,37875,345231360,57.68689520133999,44584.13436839604,62453,512942080,85.71074195958721,27902.773447232317,20767,129363968,21.61624501564835,2320.8967349159725,16484,67518464,11.282087921918354,3828.7862318005336,37251,196882432,32.8983329375667,2988.1553445276636,3811,38346752,6.407601742598861,1519.2228819207555,3707,15183872,2.537169371909205,1769.5315681143782,7518,53530624,8.944771114508066,1642.6459066241023,0,0,0,0,17684,262529024,43.86763790751243,91548.89863351051,17684,262529024,43.86763790751243,91548.89863351051,
452,12028.772980606978,23668,163221504,31.05966229276525,2352.255301673145,36616,333008896,63.36875715988124,56860.92251327289,60284,496230400,94.4284194526465,35460.3662203238,20005,124903424,23.768057967717723,2132.5177991002247,15855,64942080,12.357924807442924,3447.8428073793757,35860,189845504,36.12598277516065,2714.070448466258,3663,38318080,7.291604325047528,3552.3232074802077,3759,15396864,2.929892106665276,7435.289714285715,7422,53714944,10.221496431712804,5518.9186129075715,0,0,0,0,17002,252669952,48.08094024577304,117598.20826955652,17002,252669952,48.08094024577304,117598.20826955652,
457,11704.324743774581,22933,157110272,29.95392940199811,1424.345564775651,35613,324452352,61.85860874914811,48907.46982742257,58546,481562624,91.81253815114623,30307.898742885936,19345,120619008,22.996671090805858,1456.1045516154045,15437,63229952,12.055134869219303,2765.3324488566427,34782,183848960,35.05180596002516,2037.1680629061009,3588,36491264,6.95725831119225,1253.1143494983278,3674,15048704,2.869117413325887,1619.1811488840501,7262,51539968,9.826375724518137,1438.3153163040486,0,0,0,0,16502,246173696,46.93435646660292,102599.95239425523,16502,246173696,46.93435646660292,102599.95239425523,
462,10390.1997364261,20476,142422016,27.162751647705342,2961.2593262355927,31479,284155904,54.19426340363839,55872.52077003717,51955,426577920,81.35701505134372,35019.64829725724,17241,109490176,20.881985398602612,3101.192686155095,13574,55599104,10.603870779268709,4756.903078827169,30815,165089280,31.485856177871323,3830.532711147169,3235,32931840,6.280766249102728,2215.481564760433,3228,13221888,2.5216807776248262,2440.0004355638166,6463,46153728,8.802447026727554,2327.6194132755686,0,0,0,0,14677,215334912,41.06871184674485,114898.45046821557,14677,215334912,41.06871184674485,114898.45046821557,
467,14711.336282927567,29069,202076160,38.53337238352826,2001.3404583921015,44506,404606976,77.15344192596139,39468.267690670924,73575,606683136,115.68681430948965,24665.33044683656,24502,155373568,29.62777773638142,2069.286991225206,19283,78983168,15.061092929392428,3239.5408713374472,43785,234356736,44.68887066577385,2584.6690985725704,4567,46702592,8.905594647146836,1636.8066402452375,4437,18173952,3.4655431897378106,2192.704805048456,9004,64876544,12.371137836884648,1910.7426861394936,0,0,0,0,20786,307449856,58.62680580683115,81034.23573554314,20786,307449856,58.62680580683115,81034.23573554314,
472,10994.246399374555,21630,150040576,28.612884440725075,1590.906138465095,33351,301350912,57.46791335407237,51910.89797292435,54981,451391488,86.08079779479745,32114.578819410344,18258,115970048,22.115601462429336,1259.9422160696681,14480,59310080,11.310490205063992,2564.123794544199,32738,175280128,33.426091667493324,1836.7810350662837,3372,34070528,6.497282978295738,3382.940330367734,3467,14200832,2.708112537358899,4838.840456302279,6839,48271360,9.205395515654637,4121.002289223571,0,0,0,0,15404,227840000,43.44931061164949,108892.20889950663,15404,227840000,43.44931061164949,108892.20889950663,
477,9974.841863005622,19554,136724480,26.07509752994121,6763.0259850669945,30326,275357696,52.514215295021806,60489.345914166064,49880,412082176,78.58931282496302,39427.508306034484,16554,105951232,20.206247687447252,7439.587809834481,13067,53522432,10.207408610657334,11426.180409657916,29621,159473664,30.413656298104584,9198.232200702205,3000,30773248,5.868849842493958,3029.757836,3161,12947456,2.4692445563853855,4312.8127136981975,6161,43720704,8.338094398879344,3688.0497477682197,0,0,0,0,14098,208887808,39.83756212797908,118560.1648313236,14098,208887808,39.83756212797908,118560.1648313236,
482,10729.756619076561,21001,146366464,27.916554274382705,1293.285904480739,32649,293408768,55.96201187487704,53156.66201317039,53650,439775232,83.87856614925974,32855.02619474371,17827,113799168,21.70497642036085,1122.3156962472654,14154,57974784,11.057561683539843,2401.443888582733,31981,171773952,32.762538103900695,1688.4262129389324,3174,32567296,6.2115778540218525,2253.552414303718,3295,13496320,2.574160360835367,2658.0672719271624,6469,46063616,8.78573821485722,2459.592985623744,0,0,0,0,15200,221937664,42.33028983050183,111366.0190531579,15200,221937664,42.33028983050183,111366.0190531579,
487,6307.257242196784,12332,87130112,16.61784692969716,3038.896343820954,19206,173752320,33.13882412362512,91708.41351020515,31538,260882432,49.75667105332228,57036.82730639229,10412,67362816,12.84773931016357,1406.0774814636957,8341,34164736,6.516052145571832,3104.990900371658,18753,101527552,19.363791455735402,2161.723875486589,1920,19767296,3.7701076195335883,11893.536966145834,1929,7901184,1.5069493572482993,20040.217490927942,3849,27668480,5.277056976781887,15976.401796570537,0,0,0,0,8936,131686400,25.115822620804988,189883.11115006715,8936,131686400,25.115822620804988,189883.11115006715,
492,10841.885705990222,21435,148631552,28.342645931689628,1948.2320115698624,32787,295718912,56.39082890098922,53419.68248433831,54222,444350464,84.73347483267885,33072.027641584595,18152,114270208,21.79025921686216,1858.8601443367122,14235,58306560,11.11851530403731,3255.3149284158762,32387,172576768,32.90877452089947,2472.6414100101892,3283,34361344,6.552386714827467,2442.377041730125,3336,13664256,2.605645736162168,3710.4833078537167,6619,48025600,9.158032450989634,3081.507197915093,0,0,0,0,15216,223748096,42.666667860789744,111248.26165174817,15216,223748096,42.666667860789744,111248.26165174817,
497,12632.73968858597,24927,174669824,33.31019234080056,1741.1605839852368,38247,344727552,65.74084062907929,45549.238262530394,63174,519397376,99.05103296987986,28263.58352651407,20990,134422528,25.63488163025028,1866.0432668889948,16708,68435968,13.050996473832095,3288.461439430213,37698,202858496,38.68587810408238,2496.4682981060005,3937,40247296,7.675310710550285,1075.3522237744476,3801,15568896,2.9690470192144955,1741.8177548013682,7738,55816192,10.64435772976478,1402.7282231842855,0,0,0,0,17738,260722688,49.720797136032694,94743.34495495546,17738,260722688,49.720797136032694,94743.34495495546,
502,13812.342010463932,27278,190496768,36.33211813601848,1786.2870916856075,41788,379015168,72.28691596026916,42069.672631449226,69066,569511936,108.61903409628763,26159.525949236962,22987,147107840,28.056850925756937,1878.662470700831,18213,74600448,14.22802243939332,3170.6519821006973,41200,221708288,42.284873365150254,2449.8033680582525,4291,43388928,8.275267210261541,1291.429753670473,4166,17063936,3.254485339181495,1766.2140446471435,8457,60452864,11.529752549443035,1525.3130877379685,0,0,0,0,19409,287350784,54.804408181694335,87222.54354490186,19409,287350784,54.804408181694335,87222.54354490186,
507,11223.436562677227,21988,152125440,29.01468544645587,2186.523657676915,34131,307400704,58.630132689043265,51091.996928920926,56119,459526144,87.64481813549914,31930.330714481726,18551,118272000,22.557863281271224,2356.906395827718,14860,60866560,11.608999077391875,4081.807554374159,33411,179138560,34.1668623586631,3124.079818233516,3437,33853440,6.456822165184647,1266.8931149258074,3479,14249984,2.717880739585891,2100.2479241161254,6916,48103424,9.174702904770538,1686.100949103528,0,0,0,0,15792,232284160,44.3032528720655,106120.72722866008,15792,232284160,44.3032528720655,106120.72722866008,
512,11299.622778313282,22227,154054656,29.379492907496882,2352.757389976155,34279,311386112,59.38389858854399,51585.6555630561,56506,465440768,88.76339149604087,32219.577134339717,18783,119050240,22.703862204046604,2429.1163072991535,14872,60915712,11.61712846029868,4080.958816837009,33655,179965952,34.32099066434529,3159.058419967316,3444,35004416,6.675630703450277,1936.3086257259001,3535,14479360,2.761333318125056,2598.483086562942,6979,49483776,9.436964021575333,2271.7129413956154,0,0,0,0,15872,235991040,45.00543681012025,107007.75137418094,15872,235991040,45.00543681012025,107007.75137418094,
517,8139.161085971446,15958,109502464,20.88481126149095,4271.506986213812,24740,219787264,41.918833226615654,72024.36255784155,40698,329289728,62.803644488106606,45457.94481711632,13454,84770816,16.167878127770507,3282.8028418314257,10796,44220416,8.43392019073301,5129.609256483883,24250,128991232,24.601798318503516,4104.993441938144,2504,24731648,4.7169331337204445,9583.817512779553,2523,10334208,1.9709874621359194,13179.633347205709,5027,35065856,6.6879205958563634,11388.520785160135,0,0,0,0,11421,165232640,31.513925573746725,148257.7053859557,11421,165232640,31.513925573746725,148257.7053859557,
522,9269.036348641424,18162,126418944,24.108953114926685,14229.163119700474,28190,253706240,48.38350686685325,63278.1492589216,46352,380125184,72.49245998177994,44059.395240529,15374,97415168,18.57773561211448,14168.48032262261,12146,49750016,9.487666683965122,17281.306727811625,27520,147165184,28.065402296079604,15542.331685901163,2788,29003776,5.531217502812203,14563.789131994261,2815,11530240,2.198895250729608,12798.794890586145,5603,40534016,7.730112753541811,13677.039392646797,0,0,0,0,13229,192425984,36.69694493215852,116250.93873127221,13229,192425984,36.69694493215852,116250.93873127221,
527,12511.905689041361,24591,170115072,32.44040784249456,11631.854172258143,37981,344453120,65.68612389277136,48080.53870535268,62572,514568192,98.12653173526591,33756.08685223423,20792,131555328,25.08718624398633,12216.019536937283,16341,66932736,12.763861710348733,15339.70326473288,37133,198488064,37.851047954335066,13590.648998491908,3799,38559744,7.353221598508229,8434.705906291128,3818,15638528,2.9822179799346102,8358.464563645888,7617,54198272,10.33543957844284,8396.490145989235,0,0,0,0,17822,261881856,49.94004420248801,86610.2699929862,17822,261881856,49.94004420248801,86610.2699929862,
533,11353.602436377198,26026,180637696,29.32617281484928,13855.685374356413,40668,375250944,60.92124886645659,48172.24396712403,66694,555888640,90.24742168130587,34780.893111944104,22036,140521472,22.813383160450652,13564.995318887275,17528,71794688,11.655725654717084,15454.311273105888,39564,212316160,34.469108815167736,14402.01710752199,3990,40116224,6.512789654398627,15461.11045263158,4127,16904192,2.7443621506742018,16478.176951538648,8117,57020416,9.257151805072828,15978.226806085993,0,0,0,0,19013,286552064,46.5211610610653,85214.33826229422,19013,286552064,46.5211610610653,85214.33826229422,
538,12026.372979227628,23905,166170624,31.647093604852515,35266.08820690233,36317,329949184,62.838620085417176,47195.122364016854,60222,496119808,94.48571369026969,42459.916599913646,20238,128524288,24.477371962164764,35791.860539579015,15974,65429504,12.461008978380391,37154.97929422812,36212,193953792,36.93838094054515,36393.16560383298,3667,37646336,7.169721642687754,32364.375507499317,3646,14934016,2.8441742040299802,32352.24111409764,7313,52580352,10.013895846717734,32358.325733351565,0,0,0,0,16697,249585664,47.53343690300681,60041.64511864407,16697,249585664,47.53343690300681,60041.64511864407,
543,6130.3989723010345,12550,88002560,16.065026014006165,73804.59655593627,19476,176824320,32.27959846519182,87476.23745101664,32026,264826880,48.34462447919798,82118.74375110847,10565,66891776,12.21121432789084,73488.7758393753,8395,34385920,6.277211700608879,78099.2441793925,18960,101277696,18.488426028499717,75530.17255427214,1985,21110784,3.8538116861153258,75485.52646549119,1974,8085504,1.476023334961516,74107.54105673758,3959,29196288,5.329835021076842,74798.44811315989,0,0,0,0,9107,134352896,24.52636342962142,99017.8719297244,9107,134352896,24.52636342962142,99017.8719297244,
548,6387.066816766616,12736,89776128,17.11772044156187,38809.234462076005,19210,169508864,32.32045545914757,98118.77505715772,31946,259284992,49.43817590070944,74473.67679700119,10789,69652480,13.280720691156109,39342.673788488275,8595,35205120,6.712601843015981,44455.344825945314,19384,104857600,19.99332253417209,41609.66757547462,1947,20123648,3.8369997504057607,35853.26276579353,2032,8323072,1.5869699761499096,36125.36049950787,3979,28446720,5.42396972655567,35992.217929127924,0,0,0,0,8583,125980672,24.02088363998168,166533.99132401258,8583,125980672,24.02088363998168,166533.99132401258,
553,7226.363882128812,14723,103251968,18.6871951919316,39169.06171873939,23355,214589440,38.837756113348796,74002.66352138728,38078,317841408,57.524951305280396,60534.12212371973,12410,78979072,14.294132723374528,38214.00952127317,10008,40992768,7.4191308108874745,38912.41338299361,22418,119971840,21.713263534262,38525.79584690873,2313,24272896,4.393062468557072,44293.22850237787,2341,9588736,1.735430178685809,40775.29432379325,4654,33861632,6.12849264724288,42523.678886549205,0,0,0,0,11006,164007936,29.683195123775516,112978.53983218245,11006,164007936,29.683195123775516,112978.53983218245,
558,10013.453480202888,19979,139427840,26.095100196882402,16788.351986035337,31045,283701248,53.09708945172344,61552.05554221292,51024,423129088,79.19218964860585,44024.34243957746,16909,107589632,20.13631013136046,18027.98710893607,13460,55132160,10.318450312868306,22687.46759910847,30369,162721792,30.454760444228768,20093.139316704535,3070,31838208,5.958790065521942,9960.6678514658,3162,12951552,2.4239925623543526,13381.95823023403,6232,44789760,8.382782627876296,11696.566467907574,0,0,0,0,14423,215617536,40.354646576500784,108382.20193441032,14423,215617536,40.354646576500784,108382.20193441032,
564,7083.489234345506,14918,102703104,18.297717821777997,45550.98138879206,22999,207118336,36.90047058211798,78172.98408482978,37917,309821440,55.198188403895976,65338.23881965873,12549,78409728,13.969578538019311,45553.068319945814,10051,41168896,7.334703749967722,48708.74679235897,22600,119578624,21.304282287987032,46956.50744942478,2369,24293376,4.328139283758686,45539.92655593077,2253,9228288,1.6441237238759603,44232.251491788724,4622,33521664,5.972263007634647,44902.49862007789,0,0,0,0,10695,156721152,27.9216431082743,113012.95786311361,10695,156721152,27.9216431082743,113012.95786311361,
569,7686.299220695913,15244,107642880,20.52991243103931,40210.88537221202,23190,208596992,39.78412672661868,79047.69029521346,38434,316239872,60.314039157657994,63643.92658999844,12893,83025920,15.834905821048967,41461.26313720623,10237,41930752,7.997135219046782,45087.692725310146,23130,124956672,23.832041040095746,43066.26787968007,2351,24616960,4.695006609990345,33353.752014461934,2396,9814016,1.8717530511708595,35263.49984933222,4747,34430976,6.566759661161204,34317.677822835474,0,0,0,0,10557,156852224,29.915238456401042,121915.49511016387,10557,156852224,29.915238456401042,121915.49511016387,
574,10020.515430451442,19696,133820416,25.522475136170616,19818.018678919576,30410,275902464,52.620623877362696,59213.56499398224,50106,409722880,78.14309901353332,43727.7014203289,16623,103223296,19.686936301510077,21017.944855922517,13242,54239232,10.34460578963519,25697.73155973418,29865,157462528,30.031542091145266,23092.940185970197,3073,30597120,5.83553883466054,13327.171675886755,3084,12632064,2.409210410454231,14941.375459143968,6157,43229184,8.244749245114772,14135.715523144388,0,0,0,0,14084,209031168,39.86680767727327,100420.04744653509,14084,209031168,39.86680767727327,100420.04744653509,
579,6597.227115705096,12894,90386432,17.239391981389492,36424.75263680781,20093,178503680,34.04598280459302,86367.20380859006,32987,268890112,51.285374785982505,66845.63575423651,10909,69746688,13.302776392762961,37175.61802915024,8792,36012032,6.868570005001876,40625.88224419927,19701,105758720,20.17134639776484,38715.37352271459,1985,20639744,3.9366155886265304,32298.208271536525,1999,8187904,1.5616778252955814,31860.962773886946,3984,28827648,5.498293413922112,32078.81727008032,0,0,0,0,9302,134303744,25.615734974295556,141314.06201354548,9302,134303744,25.615734974295556,141314.06201354548,
584,9288.498003308388,18200,126828544,24.187755340518645,3185.831641923077,28248,258179072,49.23790836531363,62036.23615817049,46448,385007616,73.42566370583226,38976.52718909318,15363,97828864,18.657161495702987,3477.841370175096,12317,50450432,9.621514743869271,5445.7702684907035,27680,148279296,28.27867623957226,4353.527072507225,2837,28999680,5.530593844815657,1604.5325741980964,2725,11161600,2.1286537043958567,2532.4686855045875,5562,40161280,7.659247549211513,2059.157871449119,0,0,0,0,13206,196567040,37.4877399170485,127095.49215742844,13206,196567040,37.4877399170485,127095.49215742844,
589,11417.005322855122,23166,163819520,30.125219026007887,13298.548278338945,36043,324546560,59.68175345732554,51038.010484754326,59209,488366080,89.80697248333342,36272.14074410985,19543,126582784,23.27765392623447,13954.321806324515,15553,63705088,11.714902650618845,16300.146397286697,35096,190287872,34.99255657685332,14993.887849840437,3623,37236736,6.847565099773414,9761.20848882142,3586,14688256,2.7010635186214347,10569.68277356386,7209,51924992,9.548628618394849,10163.370894853655,0,0,0,0,16904,246153216,45.265787288085264,91584.4742403573,16904,246153216,45.265787288085264,91584.4742403573,
594,10292.102243059218,20429,143732736,27.413517950031384,7359.659592197366,31034,282480640,53.87630063047261,58848.474488367596,51463,426213376,81.28981858050399,38409.226883022755,17345,111370240,21.24116021376858,8103.082859210147,13382,54812672,10.454181904400558,11784.683609699596,30727,166182912,31.69534211816914,9706.466894197285,3084,32362496,6.172357736262802,3178.5063605706873,3228,13221888,2.521753040457704,4375.319928438662,6312,45584384,8.694110776720505,3790.5650102978457,0,0,0,0,14424,214446080,40.90036568561435,114703.09126996672,14424,214446080,40.90036568561435,114703.09126996672,
599,10216.749266436738,21908,153112576,26.596394116520607,24893.917463529302,34184,307830784,53.47169426802359,56058.9320541774,56092,460943360,80.0680883845442,43886.73032038437,18508,118435840,20.572877554885995,26060.878930354444,14841,60788736,10.55929710503417,29285.686273970758,33349,179224576,31.132174659920164,27495.985403910163,3400,34676736,6.0235165616346125,18541.52839647059,3397,13914112,2.416948471518164,20149.403991463056,6797,48590848,8.440465033152778,19345.111358981903,0,0,0,0,15946,233127936,40.49544869147125,88626.74890185626,15946,233127936,40.49544869147125,88626.74890185626,
