5,9780.471855610516,19289,134209536,25.591822295446672,2813.020522162891,29626,265441280,50.61582261662765,14998.165256430162,48915,399650816,76.20764491207433,10193.110431135643,16287,102854656,19.612899031342288,3156.6756099957024,12804,52445184,10.000539970423585,5035.234395189003,29091,155299840,29.613439001765872,3983.49719349627,3002,31354880,5.9789232641043855,948.5600239840106,3005,12308480,2.347049563505379,1324.5232372712146,6007,43663360,8.325972827609764,1136.63551190278,0,0,0,0,13817,200687616,38.268233082698686,27204.480738438157,13817,200687616,38.268233082698686,27204.480738438157,
10,9746.214526754888,19049,130920448,24.9670322180603,7717.040494304163,29690,270675968,51.61894659656724,31503.48077268441,48739,401596416,76.58597881462754,22206.86203075566,16037,100347904,19.136730667029354,7637.307850969633,12862,52682752,10.046803128263667,9338.30922780283,28899,153030656,29.183533795293023,8394.367946780165,3012,30572544,5.830301551030945,8141.566523904382,2960,12124160,2.312123873399196,8945.743643918919,5972,42696704,8.14242542443014,8540.153977896853,0,0,0,0,13868,205869056,39.26001959490438,56875.51266707529,13868,205869056,39.26001959490438,56875.51266707529,
15,9755.890122761235,19396,134414336,25.635109156925544,5048.09602077748,29388,265064448,50.552316518531285,11915.136792296174,48784,399478784,76.18742567545684,9184.874353702033,16332,102301696,19.51068034810374,5240.3178040656385,12643,51785728,9.876422631369138,6536.141447757652,28975,154087424,29.38710297947288,5805.739661777394,3064,32112640,6.124428808821802,4023.4987085509138,3037,12439552,2.372434986274466,3757.3207984853475,6101,44552192,8.496863795096267,3890.9987392230782,0,0,0,0,13708,200839168,38.303458900887684,18683.58771979866,13708,200839168,38.303458900887684,18683.58771979866,
20,9503.80714101479,19090,134078464,25.56915205386364,4396.165503300157,28437,255213568,48.66996780632173,17598.287928649293,47527,389292032,74.23911986018537,12295.43866191849,16076,102297600,19.50844909101376,4473.604689039562,12345,50565120,9.642915076218813,6559.958072823006,28421,152862720,29.151364167232572,5379.83714119841,3014,31780864,6.06070296284988,3983.122255142667,2934,12017664,2.291803388710085,4722.422452965236,5948,43798528,8.352506351559965,4347.8005975117685,0,0,0,0,13158,192630784,36.73524934139284,30825.675934108527,13158,192630784,36.73524934139284,30825.675934108527,
25,9972.163661121458,19620,135847936,25.90772548610196,8894.286848165139,30247,275517440,52.544266864338425,29800.467895163158,49867,411365376,78.45199235044039,21575.002714941744,16580,104071168,19.847539321922408,8401.505192641736,13108,53690368,10.239355534940135,10286.502795392127,29688,157761536,30.086894856862543,9233.779127458905,3040,31776768,6.060186164179552,11581.892061513157,2887,11825152,2.2551891539038884,15062.718048839626,5927,43601920,8.31537531808344,13277.377910241268,0,0,0,0,14252,210001920,40.04972217549441,50733.45542913275,14252,210001920,40.04972217549441,50733.45542913275,
30,9315.80401725554,18967,132403200,24.456872704653595,4947.328237096009,29130,265052160,48.95914099669402,40557.91148987298,48097,397455360,73.41601370134761,26514.916447449945,15998,101588992,18.765022639468473,4695.207215151894,12689,51974144,9.600410139191013,6083.95198155883,28687,153563136,28.365432778659486,5309.484844075713,2969,30814208,5.691850065185119,6305.8435988548335,2947,12070912,2.2296799338163695,6156.115426874788,5916,42885120,7.921529999001489,6231.257912102772,0,0,0,0,13494,201007104,37.129050923686634,80488.41135638062,13494,201007104,37.129050923686634,80488.41135638062,
35,7352.200641899562,14634,100360192,19.122422243112826,34736.03788041547,22165,194031616,36.97038054356777,81880.56388432214,36799,294391808,56.0928027866806,63132.41872980243,12313,77205504,14.710576151352283,35384.27852700398,9652,39534592,7.532838931129091,39781.64659303771,21965,116740096,22.243415082481373,37316.59797036194,2321,23154688,4.411846091760542,31297.094717363205,2309,9457664,1.802043627432353,32023.159992204415,4630,32612352,6.213889719192895,31659.186449460045,0,0,0,0,10204,145039360,27.63549798500633,132984.00324951,10204,145039360,27.63549798500633,132984.00324951,
40,9552.431860202516,18689,129273856,24.581457647885475,43766.35769206485,29220,263200768,50.04769511542172,59493.9401211499,47909,392474624,74.62915276330719,53358.70899511574,15757,99209216,18.86465846105745,44771.83123081805,12619,51687424,9.82837723958895,47368.44495990173,28376,150896640,28.693035700646398,45926.56299876657,2932,30064640,5.716799186828028,38362.794748635744,3046,12476416,2.372393776986127,41583.824296782666,5978,42541056,8.089192963814154,40004.02191552359,0,0,0,0,13555,199036928,37.84692409884664,74806.80151848026,13555,199036928,37.84692409884664,74806.80151848026,
45,8703.882801516582,18320,127598592,22.86107788494602,35269.377259552406,28010,255451136,45.76765483347918,62903.09831692253,46330,383049728,68.6287327184252,51976.05817509173,15518,99803136,17.881131989746876,35958.569623211755,12014,49209344,8.816544353805261,39508.89652630265,27532,149012480,26.697676343552136,37507.807870114775,2802,27795456,4.979945895199142,31452.50106423983,2708,11091968,1.987281680548081,34067.658557607094,5510,38887424,6.9672275757472235,32737.772659891107,0,0,0,0,13288,195149824,34.96382879912584,89930.81589524382,13288,195149824,34.96382879912584,89930.81589524382,
50,10113.106412332587,20051,140034048,26.705958987374007,22886.512662311106,30521,274370560,52.32533821133871,56942.66283915992,50572,414404608,79.03129719871272,43439.936682472515,16926,107974656,20.591897299232663,22886.94722232069,13370,54763520,10.443976590066413,24271.557189379208,30296,162738176,31.035873889299072,23497.99274844864,3125,32059392,6.114061688141347,22884.15894624,3024,12386304,2.3621978465490523,22313.789108134923,6149,44445696,8.4762595346904,22603.65831354692,0,0,0,0,14127,207220736,39.519163774723246,95275.67032129964,14127,207220736,39.519163774723246,95275.67032129964,
55,11037.891157912403,21591,149741568,28.555481838128514,1480.4503364827938,33609,303222784,57.824108676481636,44239.31809577791,55200,452964352,86.37959051461016,27514.558787971015,18209,115658752,22.055942356344296,971.5060330605744,14419,59060224,11.262691958640382,2021.409661349608,32628,174718976,33.31863431498468,1435.4805462486208,3382,34082816,6.499539481784216,4220.653417800118,3471,14217216,2.711200762080641,4404.535984154423,6853,48300032,9.210740243864857,4313.788743615934,0,0,0,0,15719,229945344,43.85021595576062,91761.84182028119,15719,229945344,43.85021595576062,91761.84182028119,
60,11469.227865952236,22549,157982720,30.130258653250497,1254.6966190518426,34802,317050880,60.46753100997809,32409.475108068502,57351,475033600,90.59778966322858,20160.18389869401,19087,121552896,23.182410054287317,1098.7450346309008,14901,61034496,11.640419605706136,2116.090179316824,33988,182587392,34.82282965999345,1544.7689254442744,3462,36429824,6.947848598963182,2114.5024803581746,3575,14643200,2.7927320374739573,3107.294960559441,7037,51073024,9.740580636437139,2618.8698409833737,0,0,0,0,16326,241373184,46.03437936679799,66475.1998937278,16326,241373184,46.03437936679799,66475.1998937278,
65,10575.187897549302,20828,145526784,27.755424738260725,1351.3264935663528,32051,291020800,55.50459983825676,26632.54445137437,52879,436547584,83.26002457651748,16674.769008850395,17584,112939008,21.540159484028905,947.6002501137398,13830,56647680,10.80406215007869,1818.54065285611,31414,169586688,32.3442216341076,1331.0313881390462,3244,32587776,6.215265254231819,3539.711901972873,3244,13287424,2.5342283163308226,5071.332927558569,6488,45875200,8.749493570562642,4305.522414765721,0,0,0,0,14977,221085696,42.16630937184725,54216.322425385595,14977,221085696,42.16630937184725,54216.322425385595,
70,9702.203588590552,19088,131997696,25.176052835986386,2575.9435084346187,29424,267698176,51.0583413749372,8260.839326332247,48512,399695872,76.23439421092358,6024.005318828331,16071,101662720,19.390232464133994,2866.4634782527537,12629,51728384,9.866206518515238,4279.743302715971,28700,153391104,29.256438982649232,3488.355844216028,3017,30334976,5.785820371852392,1028.3974577394763,2996,12271616,2.3405776173467143,959.5561795727638,6013,42606592,8.126397989199106,994.0970304340595,0,0,0,0,13799,203698176,38.85155723907525,13489.617208058555,13799,203698176,38.85155723907525,13489.617208058555,
75,9696.009792745532,19179,132616192,25.28986189681246,10736.16225799051,29310,263700480,50.2875902312378,17968.64418027977,48489,396316672,75.57745212805027,15107.958853966878,16293,103624704,19.761195173347083,10546.204332474068,12764,52281344,9.970034198687781,10692.17928298339,29057,155906048,29.73122937203486,10610.327410159342,2886,28991488,5.52866672346538,11808.575452875953,2987,12234752,2.3331629701880603,12127.058208235689,5873,41226240,7.86182969365344,11970.555359271242,0,0,0,0,13559,199184384,37.98439306236196,26105.351551589352,13559,199184384,37.98439306236196,26105.351551589352,
80,8494.242909485343,17130,119668736,22.04246281282009,16887.011456042033,26849,241405952,44.465930681790034,24745.530348355616,43979,361074688,66.50839349461012,21684.60516530617,14489,92422144,17.023758588050125,17227.144233349438,11716,47988736,8.839317302676621,19166.492087145783,26205,140410880,25.863075890726748,18094.207750047703,2641,27246592,5.018704224769963,15020.981993563044,2705,11079680,2.040829063139319,16112.191692421442,5346,38326272,7.059533287909281,15573.118588290312,0,0,0,0,12428,182337536,33.585784315974095,31884.02353572578,12428,182337536,33.585784315974095,31884.02353572578,
85,7566.599664469301,15056,103047168,19.65312821687665,26231.320623206695,22780,204918784,39.08205547190245,80293.31968647937,37836,307965952,58.7351836887791,58780.54196429326,12754,79798272,15.219105013164436,26575.585457033085,10117,41439232,7.903279202247439,28918.215931896804,22871,121237504,23.122384215411873,27611.849394517074,2302,23248896,4.434023203712213,24323.955857515204,2300,9420800,1.7967324468883175,24978.03068478261,4602,32669696,6.230755650600531,24650.85114276402,0,0,0,0,10363,154058752,29.382043822766693,142725.73205635435,10363,154058752,29.382043822766693,142725.73205635435,
90,8554.660629518927,17063,121028608,23.07428888221525,5094.520562503663,25729,233086976,44.438387814110634,68881.49643658906,42792,354115584,67.51267669632588,43446.9019016405,14395,92864512,17.70476098340274,4825.240086627301,11153,45682688,8.70947420818149,7075.49552452255,25548,138547200,26.41423519158423,5807.590912478472,2668,28164096,5.36952789881251,6547.403789730135,2578,10559488,2.0131825077281342,8651.055531031809,5246,38723584,7.382710406540644,7581.184611132291,0,0,0,0,11998,176844800,33.715731098201005,139276.26263318886,11998,176844800,33.715731098201005,139276.26263318886,
96,11313.636171313265,23690,165957632,29.754135818657282,21432.487140692276,36490,329666560,59.10510702580722,43928.98488295423,60180,495624192,88.8592428444645,35073.18509042872,19968,126578688,22.69398176577649,21505.00418860176,15848,64913408,11.638165324532434,23787.762920810197,35816,191492096,34.33214709030892,22515.087960883404,3722,39378944,7.060154052880794,21043.44350483611,3684,15089664,2.7053887591858583,25615.64280781759,7406,54468608,9.765542812066652,23317.813236429924,0,0,0,0,16958,249663488,44.76155294208893,66730.28443837716,16958,249663488,44.76155294208893,66730.28443837716,
101,9199.386013574718,18792,130052096,23.97359719695278,39347.79386201575,28801,262504448,48.38965377967025,64720.732064824144,47593,392556544,72.36325097662302,54702.278621940204,15891,99831808,18.402837217137417,40008.49721628595,12526,51306496,9.457758133256608,41851.55296750759,28417,151138304,27.860595350394025,40820.902337861145,2901,30220288,5.570759979815364,35728.61530196484,2926,11984896,2.2092767282379717,35987.89295727956,5827,42205184,7.780036708053336,35858.81032847091,0,0,0,0,13349,199213056,36.72261891817566,92477.98913289384,13349,199213056,36.72261891817566,92477.98913289384,
106,7496.985236566922,14982,102993920,19.641872600763875,33276.64833420104,22508,202240000,38.56899819696625,79091.10106646526,37490,305233920,58.210870797730124,60782.42859821285,12630,79577088,15.176070824722235,33636.57029303246,9919,40628224,7.7481699871535845,35356.56308952515,22549,120205312,22.92424081187582,34393.17185178944,2352,23416832,4.4658017760416415,31343.904142006802,2350,9625600,1.8356890281087734,31384.743941702127,4702,33042432,6.301490804150415,31364.315356231393,0,0,0,0,10239,151986176,28.985139181703893,132408.10677370836,10239,151986176,28.985139181703893,132408.10677370836,
111,9672.841763028278,19214,133754880,25.243547053033225,14955.848605652129,29664,272789504,51.483539739242374,59013.88367448759,48878,406544384,76.7270867922756,41694.61762815582,16230,103038976,19.446537120382906,15324.6976103512,12657,51843072,9.784338540812787,16480.824757683495,28887,154882048,29.230875661195693,15831.261161560564,2984,30715904,5.797009932650319,12949.675902479892,2905,11898880,2.245674603860405,12833.730875731499,5889,42614784,8.042684536510723,12892.481081168278,0,0,0,0,14102,209047552,39.45352659456918,106701.7485582187,14102,209047552,39.45352659456918,106701.7485582187,
116,9503.642367328177,19456,133591040,24.51182913109175,24044.500894222863,29940,271036416,49.73086755889843,61318.72103062792,49396,404627456,74.24269668999018,46637.22400710584,16493,104275968,19.132980101773228,23803.776444127812,12923,52932608,9.712290904832093,25727.76720204287,29416,157208576,28.845271006605323,24649.02163601441,2963,29315072,5.378849029318524,25384.449714816063,3069,12570624,2.3065093853539964,28961.024649071358,6032,41885696,7.685358414672521,27204.162657990717,0,0,0,0,13948,205533184,37.712067268712346,101413.90790486091,13948,205533184,37.712067268712346,101413.90790486091,
121,9841.6881328295,19519,133988352,25.55180550872909,11149.897472872584,29698,266928128,50.903645799488174,60555.55073951108,49217,400916480,76.45545130821726,40961.73262561716,16450,103276544,19.69501174177963,10663.237847051672,13023,53342208,10.172449350091066,12068.321324656377,29473,156618752,29.867461091870695,11284.090903369184,3069,30711808,5.856793766949459,13758.41843890518,3013,12341248,2.353496881810979,21232.37630069698,6082,43053056,8.210290648760438,17460.989145511343,0,0,0,0,13662,201244672,38.377699567586134,115447.21471651294,13662,201244672,38.377699567586134,115447.21471651294,
126,12056.06273844255,23795,167297024,31.907953066742714,1084.5827322967011,36488,329711616,62.88469763148863,33982.21536340715,60283,497008640,94.79265069823134,20996.810382612013,20060,128311296,24.47234692412061,1079.803761316052,15679,64221184,12.248672905040129,2099.925030486638,35739,192532480,36.72101982916074,1527.339545174739,3735,38985728,7.4356061426221025,1110.2497089692104,3656,14974976,2.8561227208895152,1457.024929704595,7391,53960704,10.291728863511619,1281.7840354485186,0,0,0,0,17153,250515456,47.77990200555898,70057.21835737188,17153,250515456,47.77990200555898,70057.21835737188,
131,10751.008431071328,21177,146743296,27.98804313068831,5095.427018180101,32580,292110336,55.713595821698426,36394.948205371395,53757,438853632,83.70163895238673,24064.833798296033,17870,113545216,21.656242494998345,5466.888951930609,14241,58331136,11.125376046003803,7824.188173161998,32111,171876352,32.781618541002146,6512.334382143191,3307,33198080,6.331800635689968,3088.1621992742666,3274,13410304,2.5577193437691492,3869.6336142333535,6581,46608384,8.889519979459116,3476.938587752621,0,0,0,0,15065,220368896,42.03050043192547,70471.5544841686,15065,220368896,42.03050043192547,70471.5544841686,
136,10445.961049897873,20401,139722752,26.63918987002912,22270.17336954071,31850,286334976,54.59190921242541,44818.856219843015,52251,426057728,81.23109908245453,36014.89689219345,17326,109719552,20.918854920510967,22458.335163396052,13794,56500224,10.772191166369069,24084.132389299695,31120,166219776,31.691046086880036,23178.97291834833,3075,30003200,5.720334949518155,21209.981096260162,3305,13537280,2.580983891898635,22428.508848108926,6380,43540480,8.30131884141679,21841.20903040752,0,0,0,0,14751,216297472,41.23873415415771,69224.98994515627,14751,216297472,41.23873415415771,69224.98994515627,
141,9588.73868197811,18772,129724416,24.739198510990445,1763.2306791497977,29179,265318400,50.59775768208791,51414.05282477124,47951,395042816,75.33695619307835,31976.601398990635,15802,99328000,18.942425685690957,1445.7659150107581,12668,51888128,9.895366952013735,2938.0201407483423,28470,151216128,28.83779263770469,2109.758768247278,2970,30396416,5.796772825299488,3452.3142491582494,2939,12038144,2.295743880010133,4756.799788703641,5909,42434560,8.092516705309622,4101.135200372313,0,0,0,0,13572,201392128,38.40664685006404,106764.77848894784,13572,201392128,38.40664685006404,106764.77848894784,
146,11990.357896412577,23188,160219136,30.55671926052697,2383.7124093496636,36769,329990144,62.93515519237895,22126.388453561427,59957,490209280,93.49187445290592,14491.030244958887,19621,123826176,23.61591624821022,2380.997282860201,15877,65032192,12.40282829786754,3753.3905922403474,35498,188858368,36.018744546077755,2994.8202749450675,3567,36392960,6.940803012316754,2398.647507989908,3682,15081472,2.876312514502002,2416.339813688213,7249,51474432,9.817115526818755,2407.633998482549,0,0,0,0,17210,249876480,47.6560143800094,43293.18021045904,17210,249876480,47.6560143800094,43293.18021045904,
151,7993.976727645042,15973,109481984,20.795085810904716,37216.526695924375,24164,216195072,41.06424554869889,58598.20966810131,40137,325677056,61.8593313596036,50089.11277210554,13520,85577728,16.254694446003676,38205.53758039941,10495,42987520,8.165080084756069,40084.00553053835,24015,128565248,24.419774530759742,39026.4628827816,2453,23904256,4.540391364901041,31765.47608112515,2519,10317824,1.959774819771371,32238.08830488289,4972,34222080,6.500166184672412,32004.918999798876,0,0,0,0,11150,162889728,30.93939064417145,81980.06779704036,11150,162889728,30.93939064417145,81980.06779704036,
156,10833.793684478414,21275,146718720,27.95803625406452,21771.21987689777,32945,300797952,57.31865740898203,44918.311598694796,54220,447516672,85.27669366304654,35835.788980081146,18041,113274880,21.5851337969334,22726.3183206585,14379,58896384,11.223020750898764,25566.362013700535,32420,172171264,32.80815454783216,23985.941647686614,3234,33443840,6.372902457131122,16443.164520098948,3371,13807616,2.631115025473241,17525.737014239097,6605,47251456,9.004017482604363,16995.678051930357,0,0,0,0,15195,228093952,43.46452163261002,69308.04848627838,15195,228093952,43.46452163261002,69308.04848627838,
161,6915.073617156004,13750,96354304,18.376194702029437,25887.36598130909,20829,187625472,35.78295998622099,82491.25245806327,34579,283979776,54.159154688250425,59983.272497527396,11610,73670656,14.050086631129972,25966.64842515073,9100,37273600,7.108628285515554,28199.30476857143,20710,110944256,21.158714916645526,26947.680425398357,2140,22683648,4.3261080708994655,25457.24019953271,2120,8683520,1.656076040142085,27703.67833443396,4260,31367168,5.98218411104155,26575.185938028168,0,0,0,0,9609,141668352,27.018255660563344,145994.882504527,9609,141668352,27.018255660563344,145994.882504527,
166,9128.54867484912,18441,127397888,23.58045255774348,16709.46746217667,28593,259309568,47.996376250703285,61082.92586122478,47034,386707456,71.57682880844678,43685.065880426926,15571,98000896,18.13927620797256,16425.71089820821,12343,50556928,9.357731598888462,17936.5372497772,27914,148557824,27.49700780686102,17093.767416708462,2870,29396992,5.441176349770921,18248.970409059235,2854,11689984,2.163733774870588,19608.295377365102,5724,41086976,7.60491012464151,18926.733067959467,0,0,0,0,13396,197062656,36.474910876944236,109673.88361219766,13396,197062656,36.474910876944236,109673.88361219766,
171,9988.861279894136,19968,138145792,26.34410566994991,34733.18261318109,29986,270135296,51.51422044767891,61045.81363269526,49954,408281088,77.85832611762882,50527.92485106298,16785,105717760,20.16014965284215,36157.15600160858,13240,54231040,10.341742789757074,40852.907085951665,30025,159948800,30.501892442599225,38227.82192522898,3183,32428032,6.183956017107761,27224.105225573356,3056,12517376,2.3870367043427203,28500.53676210733,6239,44945408,8.57099272145048,27849.329584548806,0,0,0,0,13690,203386880,38.78544095357911,87840.00273389334,13690,203386880,38.78544095357911,87840.00273389334,
176,8418.879644370889,16291,111521792,21.210827946342427,27571.60419237616,25923,231677952,44.063864924560924,67607.56455132508,42214,343199744,65.27469287090335,52157.10190368124,13805,88199168,16.774993872574704,28046.253683448027,11306,46309376,8.807787151039316,30070.54343826287,25111,134508544,25.582781023614018,28957.671785791088,2486,23322624,4.435834073767722,24935.829363636363,2669,10932224,2.079248532294705,27658.1659865118,5155,34254848,6.515082606062427,26345.3184900097,0,0,0,0,11948,174436352,33.176829241226905,112051.69791873117,11948,174436352,33.176829241226905,112051.69791873117,
181,5908.913069749825,11550,79208448,14.98736665378077,15629.045920779221,18232,164085760,31.04736312702749,95386.88372520843,29782,243294208,46.03472978080826,64455.347003659925,9785,60964864,11.535420688534128,14878.217126009198,7842,32120832,6.077718962609825,17894.08904297373,17627,93085696,17.613139651143953,16219.935374879446,1765,18243584,3.451945965246641,19791.57269518414,1845,7557120,1.429914752105984,26689.598322493224,3610,25800704,4.881860717352625,23317.017925761775,0,0,0,0,8545,124407808,23.539729412311683,181337.145570275,8545,124407808,23.539729412311683,181337.145570275,
186,8716.90017064332,17508,123953152,23.640289558265046,53377.17810652273,26080,232587264,44.35893867809538,67622.29219444019,43588,356540416,67.99922823636042,61900.45459117188,14780,95481856,18.2102567541047,53857.557711772664,11545,47288320,9.018807182280415,56269.62951225639,26325,142770176,27.229063936385117,54915.38749094017,2728,28471296,5.430032804160344,50774.53493731672,2777,11374592,2.1693570849019244,50902.34192473893,5505,39845888,7.599389889062268,50839.0072359673,0,0,0,0,11758,173924352,33.17077441091304,82718.20923515904,11758,173924352,33.17077441091304,82718.20923515904,
191,9580.877325443877,19198,135016448,25.01521274144409,25067.336877070527,30118,275492864,51.04202268533774,56324.69851411116,49316,410509312,76.05723542678183,44156.66321708979,16186,104316928,19.32735000148949,25387.138306437664,12909,52875264,9.796480334899789,27426.457315051513,29095,157192192,29.123830336389275,26291.952504141605,3012,30699520,5.687862739954599,23348.775809428953,3033,12423168,2.3017061628128483,25867.801406857896,6045,43122688,7.989568902767447,24612.664086848636,0,0,0,0,14176,210194432,38.9438361876251,89156.4680234904,14176,210194432,38.9438361876251,89156.4680234904,
196,9107.856415871554,18128,126947328,24.090700332319038,30699.874138349514,27643,246382592,46.755841847825465,66213.45076891076,45771,373329920,70.8465421801445,52147.99191595115,15237,97468416,18.496509053911005,31043.743562840453,12159,49803264,9.451128491616403,33144.25171272309,27396,147271680,27.947637545527407,31975.999315301506,2891,29478912,5.594191278408031,28887.512180214457,2869,11751424,2.230059021502382,30723.76002718717,5760,41230336,7.824250299910413,29802.129380381946,0,0,0,0,12615,184827904,35.07465433470668,106158.62033388823,12615,184827904,35.07465433470668,106158.62033388823,
201,8865.349881363543,17736,123482112,23.551147992273215,1512.9338137686061,26593,239546368,45.687524066478076,64616.61255499568,44329,363028480,69.23867205875129,39368.87752478062,14927,95952896,18.300633325604284,1097.4837995578482,11466,46964736,8.957357709868468,2294.605939473225,26393,142917632,27.257991035472752,1617.5536080778995,2809,27529216,5.2505146666689315,3720.6313438946245,2748,11255808,2.146766002679099,5429.126179039301,5557,38785024,7.397280669348031,4565.501562893648,0,0,0,0,12379,181325824,34.58340035393051,135481.08790960498,12379,181325824,34.58340035393051,135481.08790960498,
206,11714.412937159388,23002,155377664,29.628382546883017,6988.166693548387,35585,322863104,61.565551375428555,44612.702843923005,58587,478240768,91.19393392231157,29840.832283373446,19483,121278464,23.12613430776241,7096.402300929016,15551,63696896,12.14612160559334,8828.070150408334,35034,184975360,35.27225591335575,7865.060368156648,3519,34099200,6.502248239120608,6388.918515487354,3491,14299136,2.726648480813218,7564.3480956745925,7010,48398336,9.228896719933825,6974.2858,0,0,0,0,16543,244867072,46.692781289022,86069.67131656894,16543,244867072,46.692781289022,86069.67131656894,
211,11201.761269883495,22676,159150080,29.81923619448126,12303.239819633092,34340,314052608,58.84262763452482,43254.37156691904,57016,473202688,88.66186382900608,30944.70649919321,19119,122216448,22.899147331641537,12649.26457168262,14708,60243968,11.287641898042219,14601.486923103073,33827,182460416,34.186789229683754,13498.092027404144,3557,36933632,6.920088862839726,10443.34461737419,3498,14327808,2.684537079096524,12034.692425100056,7055,51261440,9.60462594193625,11232.364409213324,0,0,0,0,16134,239480832,44.87044865738607,76143.49174662204,16134,239480832,44.87044865738607,76143.49174662204,
217,8115.615520051473,16349,114184192,21.543224315275467,47375.87981056945,24673,225144832,42.47825845455919,73883.69631305475,41022,339329024,64.02148276983466,63319.21159755741,13828,87109632,16.435045073464266,48260.71378999132,10661,43667456,8.238774417087626,52069.01383800769,24489,130777088,24.673819490551892,49918.612716525786,2521,27074560,5.1081792418112,42522.45487306625,2478,10149888,1.9149876189422321,45173.18033171913,4999,37224448,7.023166860753433,43836.41720284057,0,0,0,0,11534,171327488,32.324496418529336,100215.49694321137,11534,171327488,32.324496418529336,100215.49694321137,
222,12319.03232395506,24656,170545152,32.23954492153036,13507.940938432836,37492,334086144,63.15503619328248,35536.62169884242,62148,504631296,95.39458111481284,26797.17468801892,20791,131657728,24.88833711393113,14034.641930065894,16497,67571712,12.773633368650152,16638.267368612476,37288,199229440,37.66197048258128,15186.540901845097,3865,38887424,7.351207807599232,10674.657544631305,3886,15917056,3.0089312766305687,12600.05500900669,7751,54804480,10.360139084229802,11639.964543284737,0,0,0,0,17109,250597376,47.372471548001755,58968.596071541295,17109,250597376,47.372471548001755,58968.596071541295,
227,14835.872626345095,29273,203493376,38.75182691330123,8862.325223994809,45024,404299776,76.99196528460199,34396.57105723614,74297,607793152,115.74379219790322,24336.08438514341,24703,157822976,30.05468172533584,9177.080254179655,19535,80015360,15.23755437191964,10736.829117839774,44238,237838336,45.292236097255476,9865.847695103757,4570,45670400,8.697145187965393,7160.926206345734,4584,18776064,3.575579689832589,7492.106151396161,9154,64446464,12.272724877797984,7326.769429866725,0,0,0,0,20905,305508352,58.17883122284976,62405.33096704138,20905,305508352,58.17883122284976,62405.33096704138,
232,12243.625986610812,24078,166338560,31.725593359264302,5782.5902364399035,37142,331997184,63.32150318004946,29514.05997181089,61220,498335744,95.04709653931376,20180.405475106178,20308,129036288,24.61096694402618,5942.360711148316,16256,66584576,12.699612057330718,7806.117969303641,36564,195620864,37.3105790013569,6770.969123482114,3770,37302272,7.114626415238118,4921.948644827587,3816,15630336,2.981158932749386,5480.033600628931,7586,52932608,10.095785347987505,5202.683180991299,0,0,0,0,17070,249782272,47.640732189969356,55559.64578465144,17070,249782272,47.640732189969356,55559.64578465144,
237,9772.183018374753,19177,131145728,25.009924162870604,3810.322990665902,29692,268025856,51.113417375276434,31375.778654081907,48869,399171584,76.12334153814703,20558.640115185495,16288,102825984,19.60925529966593,3247.8959656802554,12818,52502528,10.012405769244657,4550.769117881105,29106,155328512,29.621661068910583,3821.6686608259465,2889,28319744,5.400668863204677,6981.251125995154,3013,12341248,2.3535168187497386,9049.031926319283,5902,40660992,7.754185681954416,8036.863384784819,0,0,0,0,13861,203182080,38.74749478728204,61035.50451266143,13861,203182080,38.74749478728204,61035.50451266143,
242,7463.121606789161,15624,108326912,19.443299495199188,22256.73243772401,24030,217223168,38.988788979048614,53453.150246608406,39654,325550080,58.4320884742478,41161.50673407475,13149,83173376,14.928560500227427,23110.65401087535,10607,43446272,7.798051867719507,26645.843211558404,23756,126619648,22.726612367946935,24689.10795310658,2475,25153536,4.514738994971763,17720.08000727273,2475,10137600,1.8195699417937004,18546.64071111111,4950,35291136,6.3343089367654635,18133.36035919192,0,0,0,0,10948,163639296,29.371167169535404,87316.75244071976,10948,163639296,29.371167169535404,87316.75244071976,
247,11845.211790426241,23500,161157120,30.731566322856384,2436.656884893617,35739,323584000,61.70526723867466,35361.74689263829,59239,484741120,92.43683356153105,22300.425547207076,19747,122716160,23.401136790768263,2116.648396313364,15644,64077824,12.219205071921852,3174.9292318460753,35391,186793984,35.62034186269012,2584.4437508123538,3753,38440960,7.3304295320881225,4120.431897948308,3491,14299136,2.7267479484837116,6275.667290747637,7244,52740096,10.057177480571834,5159.074465074545,0,0,0,0,16604,245207040,46.7593142182691,71802.97065652855,16604,245207040,46.7593142182691,71802.97065652855,
252,10080.795921442601,19763,135487488,25.840126403661614,336.95124773566766,30645,279277568,53.26372025457585,9906.257961722957,50408,414765056,79.10384665823746,6154.508069076337,16678,106041344,20.224168101590045,326.41573000359756,13139,53817344,10.264025056463812,683.3207818707664,29817,159858688,30.488193158053857,483.6876043196834,3085,29446144,5.615958302071569,393.90792998379254,3116,12763136,2.4341808414598702,526.2862111681643,6201,42209280,8.050139143531439,460.4279629092082,0,0,0,0,14390,212697088,40.565514356652166,20358.527842251566,14390,212697088,40.565514356652166,20358.527842251566,
257,9714.05797075841,19266,133976064,25.55353263179939,280.19251323575213,29305,267329536,50.988316999817144,413.8452741852926,48571,401305600,76.54184963161653,360.83104568569723,16282,104128512,19.860647117478493,267.6342989804692,12815,52490240,10.011572370800366,405.08251111978154,29097,156618752,29.872219488278862,328.16970945458297,2984,29847552,5.692885514320895,348.7155844504021,2950,12083200,2.3046538036567368,381.53109050847456,5934,41930752,7.9975393179776315,365.02932608695653,0,0,0,0,13540,202756096,38.67209082536004,429.17922178729685,13540,202756096,38.67209082536004,429.17922178729685,
262,9718.714352477404,19247,133763072,25.511481435393918,247.3232778614849,29350,267968512,51.10733191861901,405.2115371039182,48597,401731584,76.61881335401293,342.6793782126469,16307,103821312,19.80094680904338,232.98291353406512,12772,52314112,9.977421100923268,388.85914680551207,29079,156135424,29.778367909966647,301.4464525602669,2940,29941760,5.7105346263505385,326.86352312925175,3025,12390400,2.3631145341601067,386.9922892561983,5965,42332160,8.073649160510646,357.3563173512154,0,0,0,0,13553,203264000,38.76679628353563,424.6881071349517,13553,203264000,38.76679628353563,424.6881071349517,
267,7216.873079121085,14384,100769792,19.13196268427691,3791.270561804783,21867,198717440,37.72811843052168,57429.05933392784,36251,299487232,56.86008111479859,36146.17186328653,12091,77484032,14.710972201384697,2207.9773713505915,9598,39313408,7.463969508320047,2990.695945196916,21689,116797440,22.174941709704743,2554.3526247867585,2293,23285760,4.420990482892214,12139.983150457914,2270,9297920,1.765285557812722,16991.29116431718,4563,32583680,6.186276040704936,14553.41054284462,0,0,0,0,9999,150106112,28.49886336438891,118864.51743474348,9999,150106112,28.49886336438891,118864.51743474348,
272,11978.689668494135,23216,160264192,30.566156189164445,2149.492829341833,36681,333373440,63.58216710292366,44656.2654869551,59897,493637632,94.14832329208811,28180.69519096115,19560,123023360,23.463452376659443,2145.784447034765,15808,64749568,12.34926769336549,3634.612385374494,35368,187772928,35.81272007002494,2811.227560845962,3656,37240832,7.102703812505,2169.333080415755,3717,15224832,2.9037340597317516,3771.1995009416196,7373,52465664,10.006437872236752,2976.8927555947375,0,0,0,0,17156,253399040,48.32916534982642,91312.83359722546,17156,253399040,48.32916534982642,91312.83359722546,
277,10119.108213112286,19951,137887744,26.297682411546752,2743.7320865620773,30649,275947520,52.62817443161551,17932.845147737284,50600,413835264,78.92585684316226,11943.951972173913,16872,105381888,20.098228763197326,2990.850567034139,13159,53899264,10.279562822408023,4645.7701241735695,30031,159281152,30.37779158560535,3716.0041234391133,3079,32505856,6.199453648349424,1389.596652159792,3097,12685312,2.419318037920636,1253.5019076525668,6176,45191168,8.61877168627006,1321.3509553108809,0,0,0,0,14393,209362944,39.929293571286856,33669.69960821232,14393,209362944,39.929293571286856,33669.69960821232,
282,9654.077921640364,19309,134062080,25.56787046666956,5100.282660521,28966,262135808,49.99366251530457,22835.418681177933,48275,396197888,75.56153298197412,15741.731650150181,16353,104267776,19.88560069048397,5637.883537577202,12693,51990528,9.915459206643346,8898.41314630111,29046,156258304,29.801059897127317,7062.723526681815,2956,29794304,5.682269776185591,2126.2004066305817,2970,12165120,2.3200909039416007,2382.035711784512,5926,41959424,8.002360680127191,2254.420260884239,0,0,0,0,13303,197980160,37.758112404719625,40699.731894234385,13303,197980160,37.758112404719625,40699.731894234385,
287,9580.5005602278,18986,131416064,25.063795177530995,8890.762670968083,28920,260476928,49.67840439860144,53553.84823547718,47906,391892992,74.74219957613244,35853.072914478355,15975,100429824,19.154070376445656,9739.579482629108,12595,51589120,9.839125428905463,12982.139795871377,28570,152018944,28.99319580535112,11169.052606370318,3011,30986240,5.909724801085337,4387.325750913318,3023,12382208,2.3615463415308624,6399.725040357261,6034,43368448,8.2712711426162,5395.526455585018,0,0,0,0,13302,196505600,37.477732628165114,102685.37599188092,13302,196505600,37.477732628165114,102685.37599188092,
292,9697.465274809329,19347,134397952,25.532390604541852,10485.026699901793,29334,267472896,50.81344138934498,43216.06216543942,48681,401870848,76.34583199388683,30207.961609745074,16363,103882752,19.735233771558896,11808.95401454501,12635,51752960,9.83182236036774,17011.347443371586,28998,155635712,29.567056131926638,14075.739343644389,2984,30515200,5.7971568329829575,3225.1665626675604,2965,12144640,2.3071906053415394,4378.895782799326,5949,42659840,8.104347438324497,3800.1887744158685,0,0,0,0,13734,203575296,38.6744284236357,75708.3272621232,13734,203575296,38.6744284236357,75708.3272621232,
297,8659.939740136273,17097,118325248,22.442129226782168,15479.41913885477,26447,238317568,45.20044325678021,62802.12770779295,43544,356642816,67.64257248356238,44221.46565554382,14406,91095040,17.277518485310004,16169.382699708454,11577,47419392,8.993787387789295,20059.947125334715,25983,138514432,26.271305873099298,17902.864759342647,2691,27230208,5.1646107414721625,11785.768058342624,2686,11001856,2.086664327857134,13472.969657855549,5377,38232064,7.2512750693292976,12628.584405058584,0,0,0,0,12184,179896320,34.119991541133786,114289.6804922029,12184,179896320,34.119991541133786,114289.6804922029,
302,6833.612777985174,13629,96296960,18.223219582387124,32637.378694768508,20809,190451712,36.0410481038815,87343.15315080014,34438,286748672,54.264267686268624,65693.08636233231,11502,73838592,13.973202016660684,33933.92006129369,8994,36839424,6.971486045256904,38946.64204792084,20496,110678016,20.94468806191759,36133.58934055425,2127,22458368,4.25001756572644,25626.180388340385,2063,8450048,1.5990855805386917,28724.96336694135,4190,30908416,5.849103146265132,27151.905754653937,0,0,0,0,9752,145162240,27.470476478085907,144378.38145098442,9752,145162240,27.470476478085907,144378.38145098442,
307,10260.523086753668,20338,140517376,26.774744985037323,4846.287823138951,31016,275685376,52.530198389871224,58035.509248903785,51354,416202752,79.30494337490855,36970.696666491414,17133,108122112,20.602021319012135,4628.110081129983,13636,55853056,10.642465534191365,6809.261067101789,30769,163975168,31.244486853203497,5594.738013292599,3205,32395264,6.172723666025191,6012.6027229329175,3118,12771328,2.433500112614306,7250.198926234766,6323,45166592,8.606223778639496,6622.8866011387,0,0,0,0,14262,207060992,39.45423274306555,118116.12331377086,14262,207060992,39.45423274306555,118116.12331377086,
312,9957.339841191815,19615,135524352,25.839720482186276,17437.291680040784,30190,273047552,52.06055087446736,57023.59014832726,49805,408571904,77.90027135665363,41433.08227852626,16550,104435712,19.91221183952318,17971.834733776435,13134,53796864,10.257167129477878,20307.065745926604,29684,158232576,30.16937896900106,19005.08241311818,3065,31088640,5.927508642663096,14550.933592169657,2998,12279808,2.3413268657053967,14873.852538358906,6063,43368448,8.268835508368491,14710.608835559953,0,0,0,0,14058,206970880,39.462056879284084,100315.64768537488,14058,206970880,39.462056879284084,100315.64768537488,
317,6058.048295136876,11949,82751488,15.777989704683105,64410.642947024855,18352,166326272,31.712954904621434,87378.76666009155,30301,249077760,47.490944609304535,78321.43818091812,10050,62431232,11.903584570547931,64899.6359441791,7903,32370688,6.172026562199206,66566.85704213589,17953,94801920,18.075611132747138,65633.55497370914,1899,20320256,3.8744051341351717,61822.76531595577,1869,7655424,1.4596378140896262,64923.409440342424,3768,27975680,5.334042948224798,63360.744049628454,0,0,0,0,8580,126300160,24.081290528332598,111440.02357785548,8580,126300160,24.081290528332598,111440.02357785548,
322,7766.224673416459,15365,104960000,20.018048300971035,58170.8488691832,23469,212418560,40.51262380052128,74411.38885653415,38834,317378560,60.53067210149232,67985.68208139774,12909,80023552,15.262150620724727,58806.12195584476,10311,42233856,8.054872040246336,60961.78637949762,23220,122257408,23.317022660971062,59763.35950417744,2456,24936448,4.755897680246309,54831.78523900651,2314,9478144,1.8076785860857356,55179.029136560064,4770,34414592,6.563576266332045,55000.23856792453,0,0,0,0,10844,160706560,30.650073174189213,91303.91297427149,10844,160706560,30.650073174189213,91303.91297427149,
327,13454.617830109897,26423,180187136,34.36137421814417,1756.6531058547478,40863,369807360,70.52162195187985,42261.314392531145,67286,549994496,104.88299617002403,26355.261644888982,22340,138252288,26.36447145973086,1731.8289833034914,17598,72081408,13.745799447407451,2931.5312331514947,39938,210333696,40.110270907138315,2260.4573621112722,4083,41934848,7.996902758413313,1892.4774746509918,4142,16965632,3.2353165877464294,2657.151668034766,8225,58900480,11.232219346159741,2277.557171793313,0,0,0,0,19123,280760320,53.54050591672598,87032.84428029075,19123,280760320,53.54050591672598,87032.84428029075,
332,12764.783473887308,25125,173793280,33.1390485248885,3006.1719638208956,38717,348950528,66.53817961302913,33507.159854818296,63842,522743808,99.67722813791762,21503.505195482598,21149,133996544,25.550573496186715,2712.8065496713793,16776,68714496,13.102537781134327,3861.2880352288985,37925,202711040,38.653111277321045,3220.833587290705,3976,39796736,7.588475028701783,4566.631004024145,3968,16252928,3.099121954908262,5522.811931451613,7944,56049664,10.687596983610046,5044.240007049345,0,0,0,0,17973,263983104,50.33651987698654,67356.88100350526,17973,263983104,50.33651987698654,67356.88100350526,
337,12350.62901463199,24600,167809024,32.003996893447336,1016.7902975609757,37159,333717504,63.64552815291387,8663.498294760353,61759,501526528,95.6495250463612,5617.642359089364,20906,130711552,24.928886447403926,991.0343720941356,16220,66437120,12.670673670622076,1563.6163634401971,37126,197148672,37.599560118026,1241.1900554328502,3694,37097472,7.0751104460434115,1162.5546120736328,3765,15421440,2.9411273964175164,1443.6969484727756,7459,52518912,10.016237842460928,1304.4638353666712,0,0,0,0,17174,251858944,48.033727085874276,16951.76177413532,17174,251858944,48.033727085874276,16951.76177413532,
342,9720.7884393149,19249,133165056,25.39814343832348,3682.6247661177204,29357,261541888,49.883044291694176,27848.7684800218,48606,394706944,75.28118773001765,18278.46645251615,16320,102014976,19.456988726119917,3839.612287009804,12874,52731904,10.057386688350912,6171.51837633991,29194,154746880,29.51437541447083,4867.938620983764,2929,31150080,5.941154712203565,2807.9110955957663,3003,12300288,2.3459944248188433,3750.889869463869,5932,43450368,8.287149137022407,3285.2821775118005,0,0,0,0,13480,196509696,37.47966317852442,53919.89958553413,13480,196509696,37.47966317852442,53919.89958553413,
347,9518.42786335123,18753,129867776,24.600324772429335,3768.249372953661,29168,265400320,50.27370351446284,6130.4706902427315,47921,395268096,74.87402828689217,5206.058921641868,15818,100343808,19.007719557023083,3707.583943671766,12573,51499008,9.755247693299502,4069.097283782709,28391,151842816,28.762967250322585,3867.6807076186115,2935,29523968,5.592605215406253,4095.2019318568996,2964,12140544,2.299733887134314,4215.017329622133,5899,41664512,7.892339102540566,4155.404142227496,0,0,0,0,13631,201760768,38.21872193402902,8448.352841244223,13631,201760768,38.21872193402902,8448.352841244223,
352,5545.211953900178,11065,75948032,14.480745923790536,65049.11787591505,16671,151281664,28.84434634609425,100743.41168166276,27736,227229696,43.32509226988479,86503.52990488896,9329,59052032,11.25924463290304,66292.38988841248,7370,30187520,5.755748973052327,70397.22879050203,16699,89239552,17.014993605955365,68104.03505928499,1736,16896000,3.2215012908874963,58367.96314976958,1650,6758400,1.2886005163549985,56725.124564242426,3386,23654400,4.510101807242495,57567.40683963378,0,0,0,0,7651,114335744,21.799996856686928,139467.9629366096,7651,114335744,21.799996856686928,139467.9629366096,
357,9681.934053915626,19130,133107712,25.385486399335182,1421.4618279142708,29285,262823936,50.124169009439065,59671.21271825167,48415,395931648,75.50965540877425,36655.25207522462,16126,102416384,19.532224572390586,1115.5984614907604,12651,51818496,9.882505721697061,2350.960890285353,28777,154234880,29.414730294087647,1658.6908646836016,3004,30691328,5.853261826944595,3063.3901391478025,3047,12480512,2.3802066978113148,3482.4034998359043,6051,43171840,8.23346852475591,3274.385629152206,0,0,0,0,13587,198524928,37.86145658993069,125643.52504357105,13587,198524928,37.86145658993069,125643.52504357105,
362,9929.43828865886,21442,147746816,25.85910703447106,1987.7151066598267,32662,293744640,51.41210005203882,40935.103330537015,54104,441491456,77.27120708650988,25499.83240239169,18094,114909184,20.111762600012508,1393.9511587266497,14106,57778176,10.11251597760663,2503.0755065929393,32200,172687360,30.22427857761914,1879.8302907453417,3348,32837632,5.747344434458554,5196.665188470729,3320,13598720,2.38009024852219,6474.266800301204,6668,46436352,8.127434682980743,5832.783567486503,0,0,0,0,15236,222367744,38.919493825909996,84025.95143797585,15236,222367744,38.919493825909996,84025.95143797585,
367,11629.510121851714,22850,160776192,30.662751391192973,2336.8323874835883,35303,320548864,61.13411446864799,54071.23329323287,58153,481325056,91.79686585984096,33743.28700161642,19343,123932672,23.636066158242276,1992.9500497337538,15315,62730240,11.963722550599215,3479.3135631080636,34658,186662912,35.59978870884149,2649.758209677419,3507,36843520,7.0266852329506975,4233.529296264614,3598,14737408,2.810674093180279,4118.677841300722,7105,51580928,9.837359326130978,4175.3680668543275,0,0,0,0,16390,243081216,46.3597178248685,112310.680833374,16390,243081216,46.3597178248685,112310.680833374,
373,8104.7508923216365,15862,108716032,20.71230070942207,13707.69946204766,24708,222965760,42.4788670453391,70197.75922353084,40570,331681792,63.19116775476117,48111.357253192014,13373,83496960,15.907627532272206,13007.761643535481,10651,43626496,8.311608577200454,15046.27537827434,24024,127123456,24.21923610947266,13911.533279761905,2489,25219072,4.804673177149864,17468.35371956609,2525,10342400,1.9704076290893953,18671.305704950497,5014,35561472,6.775080806239259,18074.14824750698,0,0,0,0,11532,168996864,32.19685083904925,132417.9074693028,11532,168996864,32.19685083904925,132417.9074693028,
378,13889.150021112973,27310,191717376,36.565476323465205,1090.3748858293666,42139,383926272,73.22469825986072,23028.706959253897,69449,575643648,109.79017458332592,14401.716665293956,23022,148561920,28.334611508184487,1132.4919844062201,18262,74801152,14.26651986111015,2074.7425026831675,41284,223363072,42.601131369294635,1549.2970169799437,4288,43155456,8.230864815280722,864.2508551772388,4203,17215488,3.2834400928839096,1279.7062426837974,8491,60370944,11.51430490816463,1069.899070191968,0,0,0,0,19674,291909632,55.67473830586666,47125.095538985464,19674,291909632,55.67473830586666,47125.095538985464,
383,8548.613344375053,17139,117268480,21.732676858748256,16417.786312853725,26852,244711424,45.350927217920216,32919.30930012662,43991,361979904,67.08360407666846,26490.276032438454,14575,90939392,16.853262019487556,17088.38479382504,11608,47546368,8.811488402946202,20425.97406099242,26183,138485760,25.66475042243376,18568.075288164076,2564,26329088,4.879414839260698,12605.784417316692,2704,11075584,2.052572763746255,11715.265469304733,5268,37404672,6.931987603006953,12148.691927676538,0,0,0,0,12540,186089472,34.48686605122776,49056.34039856459,12540,186089472,34.48686605122776,49056.34039856459,
388,6750.127229254378,13333,90771456,17.30335374494585,11397.53101485037,20437,184434688,35.157953721737364,91887.44579356069,33770,275206144,52.461307466683216,60108.587820669236,11286,70418432,13.423548467267228,11866.379100124048,9000,36864000,7.027218252990057,15641.446797,20286,107282432,20.450766720257285,13541.209489155082,2047,20353024,3.8798052776786216,8812.567902784564,2118,8675328,1.6537386955369935,9112.436475920678,4165,29028352,5.533543973215615,8965.058091956784,0,0,0,0,9319,138895360,26.476996773210313,184336.36313488573,9319,138895360,26.476996773210313,184336.36313488573,
393,14302.057348449633,28138,196485120,37.475664650531165,929.7977939441325,43374,393285632,75.0114841098614,27741.724443468436,71512,589770752,112.48714876039256,17191.97066697897,23836,152887296,29.160238873165028,878.1914410135929,18727,76705792,14.630118238701213,1705.4301114967693,42563,229593088,43.79035711186624,1242.1624623734228,4302,43597824,8.31542577736614,1215.7320172013017,4411,18067456,3.4460111897747128,1822.3669959192928,8713,61665280,11.761436967140853,1522.844021232641,0,0,0,0,20236,298512384,56.93535468138547,57486.33650395335,20236,298512384,56.93535468138547,57486.33650395335,
398,9519.94381052548,18739,129208320,24.642315008900432,4661.290347723998,28865,255127552,48.65734268376546,41299.792151429065,47604,384335872,73.29965769266589,26877.288048840433,15759,99123200,18.90454979284801,5208.605490894092,12669,51892224,9.896766170478985,8179.185355592391,28428,151015424,28.801315963326996,6532.450865379204,2980,30085120,5.737765216052423,1766.9482869127517,2937,12029952,2.294324906677463,3595.506316990126,5917,42115072,8.032090122729885,2674.583056954538,0,0,0,0,13259,191205376,36.466251606609006,81298.46889871031,13259,191205376,36.466251606609006,81298.46889871031,
403,8875.45964071597,17417,119853056,22.858764553552945,4074.020689671011,26963,241889280,46.1339100068374,46014.96857204317,44380,361742336,68.99267456039034,29555.178367733213,14836,93171712,17.770011869029386,4484.078472297116,11735,48066560,9.16741061603991,7463.4574062207075,26571,141238272,26.937422485069295,5799.911967069362,2581,26681344,5.08875268452356,1716.9430984114683,2773,11358208,2.166274362017782,2312.082348719798,5354,38039552,7.255027046541342,2025.1838793425477,0,0,0,0,12455,182464512,34.80022502877971,92067.96632621437,12455,182464512,34.80022502877971,92067.96632621437,
408,9556.096615863713,18810,129052672,24.613032088082733,1124.6709813397129,28974,263143424,50.18693095079782,38814.47906871678,47784,392196096,74.79996303888056,23978.02146526034,15925,100212736,19.11265569768725,671.7570059654631,12505,51220480,9.768812208762325,1769.5892061575369,28430,151433216,28.881467906449572,1154.64098990503,2885,28839936,5.500376390395484,3624.724727556326,3034,12427264,2.3701380440931543,5602.021259723138,5919,41267200,7.870514434488639,4638.2604056428445,0,0,0,0,13435,199495680,38.04798069794234,80795.34581406774,13435,199495680,38.04798069794234,80795.34581406774,
413,8615.15725068603,16825,115908608,22.10616322990114,19707.522266448737,26254,232865792,44.41231153955543,66998.2280385846,43079,348774400,66.51847476945657,48528.2978030595,14285,91037696,17.362767119506067,20082.863769268464,11521,47190016,9.00010978060962,22449.71878465411,25806,138227712,26.36287690011569,21139.53805556847,2540,24870912,4.7433961103950715,17596.59574370079,2680,10977280,2.093593803665809,18314.109162686567,5220,35848192,6.836989914060879,17964.974280651342,0,0,0,0,12053,174698496,33.31860795528,120405.41410860367,12053,174698496,33.31860795528,120405.41410860367,
418,7309.039575919881,14493,97923072,18.66569741875545,2621.4398027323537,22075,199241728,37.978647238905815,78870.8701611325,36568,297164800,56.64434465766126,48650.923918945526,12277,75722752,14.433962779961181,1231.3803144090575,9595,39301120,7.491419531223429,2724.228074517978,21872,115023872,21.92538231118461,1886.2758090252378,2216,22200320,4.231734638794267,10322.595189981948,2240,9175040,1.7489087806087005,9521.77999955357,4456,31375360,5.980643419402967,9920.031000897667,0,0,0,0,10240,150765568,28.73831892707368,165391.27961259763,10240,150765568,28.73831892707368,165391.27961259763,
423,10762.962052582408,21329,148619264,28.336770436368926,1711.3801498898215,32505,293707776,56.000343427137864,51850.87469810798,53834,442327040,84.33711386350679,31985.63564436973,17946,113610752,21.661806900936085,1524.0068133288755,13955,57159680,10.898457486482426,2730.5286777499105,31901,170770432,32.56026438741851,2051.79630638538,3383,35008512,6.674963535432841,2705.35056015371,3275,13414400,2.5576817103711895,4577.845663816794,6658,48422912,9.232645245804031,3626.411158606188,0,0,0,0,15275,223133696,42.54420423028425,106861.91226284779,15275,223133696,42.54420423028425,106861.91226284779,
428,9087.709877040616,17996,126570496,23.946178264508614,8765.558540397866,27813,252833792,47.834236618016355,53725.38412256858,45809,379404288,71.78041488252497,36062.98107564016,15102,95379456,18.045069967552752,9056.944298967024,11935,48885760,9.248815170606463,10351.916886887306,27037,144265216,27.293885138159215,9628.586782853126,2894,31191040,5.901108296955862,7244.996091914306,2793,11440128,2.1643854856727147,8037.654717866094,5687,42631168,8.065493782628577,7634.286674344997,0,0,0,0,13085,192507904,36.421035961737175,103038.96147718762,13085,192507904,36.421035961737175,103038.96147718762,
433,7941.354292530898,15802,110260224,21.01605719053574,61353.76131964308,23932,215171072,41.0125010711105,72495.72449343975,39734,325431296,62.02855826164624,68064.62513087028,13297,84373504,16.08194071354232,61837.27644686771,10581,43339776,8.2607415258018,65086.019695491916,23878,127713280,24.34268223934412,63276.88413233939,2505,25886720,4.93411647699342,58787.17423512974,2416,9895936,1.8862065519645732,62027.94578228477,4921,35782656,6.8203230289579935,60378.25410871774,0,0,0,0,10935,161935360,30.865552993344124,81978.32530123457,10935,161935360,30.865552993344124,81978.32530123457,
438,8099.306533586956,16040,113262592,21.465065075741062,12702.29922425187,24717,222584832,42.183370690941736,70202.53234004935,40757,335847424,63.6484357666828,47573.19899418505,13552,87261184,16.537384144857068,12613.015848140496,10752,44040192,8.34631779597743,14985.771729352678,24304,131301376,24.8837019408345,13662.714302501645,2488,26001408,4.927680930883996,13188.620893488745,2564,10502144,1.990323551793725,14936.122559282372,5052,36503552,6.918004482677722,14075.516038202692,0,0,0,0,11401,168042496,31.84672934317058,134705.09218252785,11401,168042496,31.84672934317058,134705.09218252785,
443,10267.092381725959,20142,140611584,26.817682948473507,2952.873307020157,31197,282460160,53.87128713701922,57146.542413789786,51339,423071744,80.68897008549273,35884.56062317147,16968,107663360,20.5337410440335,2731.2009839108914,13480,55214080,10.530524225739837,4443.626584050445,30448,162877440,31.06426526977334,3489.3295010509723,3174,32948224,6.283941904440003,4137.919298991808,3170,12984320,2.4763918245990566,4802.357419242902,6344,45932544,8.76033372903906,4469.928889344262,0,0,0,0,14547,214261760,40.86437108668033,117390.32957386403,14547,214261760,40.86437108668033,117390.32957386403,
448,11409.60977232777,22512,155783168,29.710181943240045,2343.61536673774,34542,312938496,59.68205533735132,38009.80336141509,57054,468721664,89.39223728059136,23936.868525361937,18934,119898112,22.866364626574885,2087.0312233548116,14908,61063168,11.645660148024678,3340.6077275288435,33842,180961280,34.51202477459957,2639.253861621654,3578,35885056,6.84381731666516,3701.403005310229,3515,14397440,2.745807312872736,4553.177326031295,7093,50282496,9.589624629537896,4123.507437473565,0,0,0,0,16119,237477888,45.290587876453905,77370.08681723432,16119,237477888,45.290587876453905,77370.08681723432,
453,11531.246580472762,22704,157880320,30.10609254732764,6133.329846943269,34966,318873600,60.80579335346885,41670.212832952006,57670,476753920,90.91188590079649,27679.76040856598,19126,121573376,23.182745697165178,6534.790098556939,15129,61968384,11.816709667882213,8467.86135124595,34255,183541760,34.99945536504739,7388.546775886733,3578,36306944,6.923346850162465,3987.3464002235887,3568,14614528,2.7868345624300175,4854.180749159193,7146,50921472,9.710181412592483,4420.157057514693,0,0,0,0,16269,242290688,46.20224912315662,80620.23914321716,16269,242290688,46.20224912315662,80620.23914321716,
458,13229.29969963568,26022,182493184,34.806496201849235,2285.832180078395,40127,364998656,69.61533606506683,22566.410190096445,66149,547491840,104.42183226691607,14588.342479674675,21997,140357632,26.77008136977079,2503.3599896804108,17388,71221248,13.583861290967242,4308.512516333103,39385,211578880,40.353942660738035,3300.3129446997586,4025,42135552,8.036414832078446,1097.022434037267,4079,16707584,3.18659824050238,1721.0137626869332,8104,58843136,11.223013072580827,1411.0970428183612,0,0,0,0,18660,277069824,52.8448765335972,44136.43681275455,18660,277069824,52.8448765335972,44136.43681275455,
463,10263.773298561917,20108,137637888,26.24869508688762,5656.0987598965585,31218,283062272,53.982340010402126,37366.662552629896,51326,420700160,80.23103509728975,24943.40695616257,16954,106397696,20.290929487753857,6221.065018638669,13675,56012800,10.68210889840753,9707.05951166362,30629,162410496,30.973038386161384,7777.464988997355,3154,31240192,5.957765599133764,2619.181210526316,3043,12464128,2.3770133365889663,3455.5799316464017,6197,43704320,8.33477893572273,3029.8898289494914,0,0,0,0,14500,214585344,40.92321777540563,70569.17951820689,14500,214585344,40.92321777540563,70569.17951820689,
468,9743.1376500401,19555,136507392,26.02693548001703,3826.0515566862696,29179,263385088,50.21784235519354,33520.28811850989,48734,399892480,76.24477783521057,21605.181704785162,16531,105435136,20.102599879710695,4268.407505595548,12547,51392512,9.798660529533821,6234.555455487368,29078,156827648,29.901260409244518,5116.789730208406,3024,31072256,5.924335600306334,1407.8682923280423,2966,12148736,2.316316819207565,1964.884767700607,5990,43220992,8.240652419513898,1683.679789148581,0,0,0,0,13666,199843840,38.102865006452156,65420.43549604859,13666,199843840,38.102865006452156,65420.43549604859,
473,7566.8007365934345,15205,105058304,19.728541860435932,27586.483232752384,23223,209952768,39.426316764093144,46450.57474408991,38428,315011072,59.154858624529076,38986.52479535755,12815,81580032,15.31963695404509,28247.708056574327,10130,41492480,7.791731804211315,30420.270766732476,22945,123072512,23.111368758256404,29206.873898975813,2390,23478272,4.408904906390845,24041.04552677824,2392,9797632,1.839864015367568,26160.96548202341,4782,33275904,6.248768921758413,25101.44881681305,0,0,0,0,10701,158662656,29.794720944514264,66160.8564603308,10701,158662656,29.794720944514264,66160.8564603308,
478,10744.474872396102,22559,154886144,27.82977583549872,5206.986539341283,34469,311709696,56.007663057525995,29066.098718413647,57028,466595840,83.83743889302472,19627.968122080383,19050,119328768,21.440864743628925,5563.565319370079,15172,62144512,11.166059104463601,7516.974945359873,34222,181473280,32.60692384809253,6429.591000087663,3509,35557376,6.388911091869794,3271.157026788259,3433,14061568,2.5265674206184774,3572.424578211477,6942,49618944,8.91547851248827,3420.1416859694614,0,0,0,0,15864,235503616,42.31503653244392,55192.11291458648,15864,235503616,42.31503653244392,55192.11291458648,
483,11005.011007605726,21526,146853888,28.00713033163184,882.0850582551334,33505,306069504,58.3718184503628,19232.397261931055,55031,452923392,86.37894878199464,12054.46445140012,18191,113557504,21.657035152265113,670.5072310483207,14433,59117568,11.274563134924339,1077.2760796785144,32624,172675072,32.93159828718945,850.4635451814615,3335,33296384,6.3500951793667255,2036.1517013493253,3388,13877248,2.6465890598713826,2576.0194825855965,6723,47173632,8.996684239238109,2308.2135848579505,0,0,0,0,15684,233074688,44.45066625556708,39537.46433282326,15684,233074688,44.45066625556708,39537.46433282326,
488,9772.023767312934,19149,132689920,25.307619381346196,5701.8838832315005,29713,265433088,50.62539462168167,22029.262263554672,48862,398123008,75.93301400302786,15630.568624227415,16072,101888000,19.432845566012862,6448.118712667994,12946,53026816,10.113673113471458,9709.212325119728,29018,154914816,29.54651867948432,7903.012844131228,3077,30801920,5.874773815333335,1804.0983197920052,2995,12267520,2.3397536671440613,2483.4746981636063,6072,43069440,8.214527482477397,2139.199152009223,0,0,0,0,13772,200138752,38.17196784106615,37861.02237547197,13772,200138752,38.17196784106615,37861.02237547197,
493,9432.492710382967,18695,129130496,24.588221053592196,3115.7344117678526,28547,256327680,48.808312933255074,38837.36582614636,47242,385458176,73.39653398684727,24701.302592333093,15727,98430976,18.7426105480833,3326.2296732371083,12520,51281920,9.764782325413128,5519.547953354632,28247,149712896,28.507392873496425,4298.380516408823,2968,30699520,5.845610505508898,2000.350659366577,2920,11960320,2.277409296342359,3671.2270777397257,5888,42659840,8.123019801851257,2828.978230978261,0,0,0,0,13107,193085440,36.76612131149959,78497.41045212482,13107,193085440,36.76612131149959,78497.41045212482,
498,9865.91764530424,19522,133533696,25.43528805743408,4658.31901044975,29874,274477056,52.28195724108816,12995.249416281717,49396,408010752,77.71724529852224,9700.376240667261,16533,103399424,19.695359397621726,5229.440657956813,12947,53030912,10.101244577761388,7233.344115393528,29480,156430336,29.796603975383114,6109.51318385346,2989,30134272,5.739928659812353,1499.2844844429574,3027,12398592,2.3616642725638157,1682.980114634952,6016,42532864,8.10159293237617,1591.7124552859043,0,0,0,0,13900,209047552,39.81904839076296,20825.58230165468,13900,209047552,39.81904839076296,20825.58230165468,
503,9860.21036533628,19440,136282112,25.992195682293517,4398.000121759259,29864,269479936,51.396145291349264,6956.718371149209,49304,405762048,77.38834097364278,5947.845201261562,16396,104742912,19.976930391548745,4335.4339574286405,12883,52768768,10.064241914372067,4752.386444461694,29279,157511680,30.04117230592081,4518.896469483247,3044,31539200,6.015265290744773,4735.00236563732,3012,12337152,2.352984292951072,5446.934036520584,6056,43876352,8.368249583695846,5089.087271961691,0,0,0,0,13969,204374016,38.97891908402613,9315.217807573914,13969,204374016,38.97891908402613,9315.217807573914,
508,9708.561704531061,19148,132141056,25.201730181405757,1863.8162603927303,29399,264531968,50.45111249824023,12389.260230858192,48547,396673024,75.65284267964599,8237.794617195706,16067,101531648,19.363953000114254,1304.7717158772641,12863,52686848,10.048351115074619,1785.031843582368,28930,154218496,29.41230411518887,1518.30735440719,3081,30609408,5.8377771812915045,4779.158258682246,2870,11755520,2.241993912793606,4748.979798954704,5951,42364928,8.07977109408511,4764.604035960343,0,0,0,0,13666,200089600,38.16076747037201,23974.93230645397,13666,200089600,38.16076747037201,23974.93230645397,
513,9007.147021711493,17890,123871232,23.587143053263667,3898.911997931805,27221,245972992,46.8373492042388,19555.124501451086,45111,369844224,70.42449225750246,13346.225525858437,15028,94674944,18.027684165502823,3466.677545714666,12006,49176576,9.364038076102227,4149.041032900216,27034,143851520,27.391722241605052,3769.7202337057042,2862,29196288,5.559458887760843,6168.520435359887,2777,11374592,2.165911522350149,7989.83912603529,5639,40570880,7.725370410110991,7065.452870899096,0,0,0,0,12438,185421824,35.30739960578642,37008.27095674546,12438,185421824,35.30739960578642,37008.27095674546,
518,10471.90123710973,20618,142446592,27.166162004789985,1607.4001659229798,31748,286752768,54.68696752541442,42911.846822666,52366,429199360,81.8531295302044,26649.098452182712,17309,109694976,20.920061668639637,1452.574372811832,13679,56029184,10.685393509029595,2682.8372172673444,30988,165724160,31.605455177669228,1995.647996450239,3309,32751616,6.2461003361503495,2417.2761565427622,3183,13037568,2.4864103764340375,3977.2331756204835,6492,45789184,8.732510712584387,3182.1164510166354,0,0,0,0,14886,217686016,41.515163639950785,88204.16830800752,14886,217686016,41.515163639950785,88204.16830800752,
523,9777.875069158164,19273,133607424,25.448393079710748,624.8104086545945,29684,265224192,50.51762312448053,1786.883863731303,48957,398831616,75.96601620419128,1329.408084992953,16289,103604224,19.733641575713655,580.7319020197679,13097,53645312,10.217897672061426,1158.926100251966,29386,157249536,29.95153924777508,838.4263624515074,2984,30003200,5.714751503997094,865.4252861930295,2934,12017664,2.2890212850139897,1173.366421949557,5918,42020864,8.003772789011085,1018.0949874957755,0,0,0,0,13653,199561216,38.010704167405116,2521.1124583608002,13653,199561216,38.010704167405116,2521.1124583608002,
528,9798.582126887391,19351,134541312,25.6601006907667,8469.134524210636,29645,265981952,50.728832421722444,30596.8981744645,48996,400523264,76.38893311248914,21857.524462405094,16331,104062976,19.847185988054274,9014.744792296859,12767,52293632,9.973589841355937,11385.32325518916,29098,156356608,29.820775829410213,10054.856663756958,3020,30478336,5.812914702712425,5518.683766556292,3093,12668928,2.416253887312126,6168.781222437763,6113,43147264,8.229168590024551,5847.6141495174215,0,0,0,0,13785,201019392,38.33898869305438,53870.77142270584,13785,201019392,38.33898869305438,53870.77142270584,
533,9851.352793899381,19264,135028736,25.75351840873043,9951.122543397008,29995,269230080,51.34923148109723,48539.440282280375,49259,404258816,77.10274988982766,33448.48527056984,16211,103731200,19.78425813568823,9953.258758127198,12922,52928512,10.094854240053833,10436.8492340195,29133,156659712,29.87911237574206,10167.756273984829,3053,31297536,5.9692602730422015,9939.779544055027,3060,12533760,2.3905164815481137,12451.162176470589,6113,43831296,8.359776754590316,11196.908753149028,0,0,0,0,14013,203767808,38.86386075949528,91556.05432134446,14013,203767808,38.86386075949528,91556.05432134446,
538,9678.662847157495,18935,128184320,24.441801474720233,367.5638516503829,29473,267714560,51.04700892755118,475.5584771146473,48408,395898880,75.48881040227141,433.31590908527517,16110,100044800,19.076242243810245,286.5210686530105,12773,52318208,9.975878901952438,429.45392703358647,28883,152363008,29.052121145762683,349.7306175258803,2825,28139520,5.3655592309099855,829.7228725663717,2923,11972608,2.2829009653493286,601.7056065685939,5748,40112128,7.648460196259314,713.7704598121086,0,0,0,0,13777,203423744,38.78822906024942,491.53912303113884,13777,203423744,38.78822906024942,491.53912303113884,
543,8224.99985256746,16620,114130944,21.134084695535638,17911.60344326113,25740,233988096,43.328514295046254,28370.847825252524,42360,348119040,64.46259899058188,24267.14995866383,14085,88850432,16.45279088485354,17488.359705573304,11190,45834240,8.48731006829758,17702.95360178731,25275,134684672,24.94010095315112,17583.366854876364,2535,25280512,4.681293810682097,20263.235808284022,2609,10686464,1.9788554037701864,19437.964644308166,5144,35966976,6.660149214452283,19844.66417787714,0,0,0,0,11941,177467392,32.86234882297848,40319.564731680766,11941,177467392,32.86234882297848,40319.564731680766,
548,11396.077900087086,22407,153497600,29.2760024992215,13853.843184094256,34576,310964224,59.3090015674022,42675.45371173646,56983,464461824,88.5850040666237,31342.146811557832,19003,119468032,22.785674847092558,14477.961348839657,15094,61825024,11.79164727747163,17609.86283251623,34097,181293056,34.57732212456419,15864.385990145762,3404,34029568,6.490327652128946,10369.672360164512,3501,14340096,2.7350309472921808,11770.75926792345,6905,48369664,9.225358599421126,11080.056902389573,0,0,0,0,15981,234799104,44.782323342638385,73120.19208722858,15981,234799104,44.782323342638385,73120.19208722858,
555,7039.524609476297,19049,130789376,18.17255219316471,44757.39639939105,29268,263098368,36.556247691069764,65978.62750539838,48317,393887744,54.728799884234476,57612.14714986444,16171,100655104,13.985540621804189,46087.799337826975,12696,52002816,7.225540153594286,50101.822693052934,28867,152657920,21.211080775398475,47853.20760740638,2878,30134272,4.18701157136052,37282.085100764416,3020,12369920,1.7187406477516338,37094.133665231784,5898,42504192,5.905752219112154,37185.84682756867,0,0,0,0,13552,198725632,27.61196688972385,87289.3628429752,13552,198725632,27.61196688972385,87289.3628429752,
560,8942.69034376021,17828,122474496,23.331171538967226,51523.62459120485,26941,238813184,45.49348267308602,69246.06531427935,44769,361287680,68.82465421205325,62188.599808885614,15073,94892032,18.076761681657928,52701.33787606979,11880,48660480,9.269734051801967,54626.27969680135,26953,143552512,27.346495733459896,53549.78921099692,2755,27582464,5.254409857309297,45080.18635426497,2776,11370496,2.1660590679968235,52425.8799139049,5531,38952960,7.42046892530612,48766.97813180256,0,0,0,0,12285,178782208,34.057689553287226,87184.68052039071,12285,178782208,34.057689553287226,87184.68052039071,
565,8592.01225586838,17081,119144448,22.62916398342786,11973.724456589192,26061,234631168,44.56361387729298,67367.5376215034,43142,353775616,67.19277786072084,45435.7374576283,14370,91512832,17.381077479295424,11821.001525956854,11275,46182400,8.771446091623663,14416.853917960088,25645,137695232,26.152523570919087,12962.285819964905,2711,27631616,5.248086504132438,12783.251757654001,2665,10915840,2.073250894383775,15106.203821388368,5376,38547456,7.321337398516213,13934.78956454613,0,0,0,0,12121,177532928,33.71891689128554,128112.97226672717,12121,177532928,33.71891689128554,128112.97226672717,
570,8457.939985017429,17035,118444032,22.093885370663667,40799.85179166422,26207,240455680,44.85325381902723,66251.35007833785,43242,358899712,66.9471391896909,56224.84174584895,14334,91361280,17.0420207211209,40973.20486284359,11191,45838336,8.550426087875543,42963.356258243235,25525,137199616,25.592446808996442,41845.75272830558,2701,27082752,5.0518646495427655,39879.88032839689,2715,11120640,2.0743818093630684,40175.81771491713,5416,38203392,7.126246458905834,40028.23151089365,0,0,0,0,12301,183496704,34.22844592178862,93193.14417697748,12301,183496704,34.22844592178862,93193.14417697748,
575,6013.26587650993,11935,83152896,15.859802503449082,85977.28127230833,18132,161087488,30.724314706450198,95772.116091606,30067,244240384,46.584117209899276,91884.08756969435,10087,64192512,12.24347691414482,86292.55607365917,8009,32804864,6.2568916925335545,90042.4537340492,18096,96997376,18.500368606678375,87952.20076652299,1848,18960384,3.6163255893042607,84256.40631493505,1869,7655424,1.4601236825253108,85090.94265596576,3717,26615808,5.0764492718295715,84676.03193274146,0,0,0,0,8254,120627200,23.007299331391334,103750.30593566757,8254,120627200,23.007299331391334,103750.30593566757,
580,10738.961791538672,21083,147361792,28.104314214835515,10532.691080064507,32617,296927232,56.628900299131566,51828.38337624551,53700,444289024,84.73321451396708,35615.40235798882,17818,112517120,21.458862925800695,10993.731073240542,14062,57597952,10.98487551738658,13177.821748399943,31880,170115072,32.44373844318728,11957.115109441656,3265,34844672,6.6454512890348205,8016.669457274119,3243,13283328,2.5333488339414507,8291.253622880049,6508,48128000,9.178800122976272,8153.497430393362,0,0,0,0,15312,226045952,43.11067594780353,96544.62615321318,15312,226045952,43.11067594780353,96544.62615321318,
585,11196.074775429975,22154,152694784,29.106215379896433,1750.1506006590232,33861,301846528,57.53706724940872,52361.00776905585,56015,454541312,86.64328262930516,32344.352771132733,18843,120049664,22.883501879593997,1580.5797127315184,14830,60743680,11.578775559533895,3142.6753505731626,33673,180793344,34.46227743912789,2268.5456887120245,3311,32645120,6.222713500302437,2715.1835940803385,3423,14020608,2.6725656601675336,4195.059680981595,6734,46665728,8.895279160469972,3467.4282993762995,0,0,0,0,15608,227082240,43.28572602970729,109689.2951903511,15608,227082240,43.28572602970729,109689.2951903511,
591,6244.7383171264455,12618,86024192,15.600258133218064,67243.0181824378,20222,184532992,33.46456668020856,85465.84257753931,32840,270557184,49.06482481342663,78464.14957457369,10573,66007040,11.970200924521908,68717.7445743876,8660,35471360,6.432636674300944,71366.81899018475,19233,101478400,18.402837598822853,69910.53740134144,2045,20017152,3.6300572086961567,59618.430337897305,2010,8232960,1.49302537128694,61015.8886557214,4055,28250112,5.123082579983096,60311.12854229347,0,0,0,0,9552,140828672,25.53890463462068,103393.18257432999,9552,140828672,25.53890463462068,103393.18257432999,
596,8944.74191472127,17789,121585664,23.189437403980115,26040.716016414637,26937,243314688,46.406217157681944,67422.53837309277,44726,364900352,69.59565456166206,50963.627719268436,14937,92205056,17.58581813101322,25910.216150699605,11799,48328704,9.217496696185197,29420.496140011866,26736,140533760,26.803314827198417,27459.355647778277,2852,29380608,5.603619272966897,26724.193048036468,2801,11472896,2.1881691877290224,28844.144223848627,5653,40853504,7.79178846069592,27774.60579232266,0,0,0,0,12337,183513088,35.00055127376773,112526.22470851909,12337,183513088,35.00055127376773,112526.22470851909,
