5,8127.555862295075,16097,113098752,21.569634751851112,2955.1832324035536,24545,222683136,42.46902661593283,13178.818899816664,40642,335781888,64.03866136778394,9129.562875547463,13621,87859200,16.75607219423462,3297.3342557815135,10565,43274240,8.253049078419057,4959.786238428775,24186,131133440,25.009121272653676,4023.5314440998923,2476,25239552,4.813562557616491,1072.9380428109853,2514,10297344,1.9638585312963093,1712.7955198886236,4990,35536896,6.7774210889128,1395.3031124248498,0,0,0,0,11466,169111552,32.25211900621747,23266.00386795744,11466,169111552,32.25211900621747,23266.00386795744,
10,6899.793096374518,13584,93065216,17.716869365543793,5206.691687720849,20981,190943232,36.349953752632146,51660.43480625327,34565,284008448,54.06682311817595,33404.17423856502,11501,71557120,13.62236291607104,5481.7003830971225,9175,37580800,7.154274742699015,8789.061597493188,20676,109137920,20.776637658770053,6949.34592101954,2083,21508096,4.094506449472755,3688.268737397984,2174,8904704,1.695192729223723,4588.394389144434,4257,30412800,5.789699178696478,4147.952356589148,0,0,0,0,9632,144457728,27.500486280709413,103122.17328810216,9632,144457728,27.500486280709413,103122.17328810216,
15,6107.680701421205,12121,82313216,15.693526727817899,64020.657256827,18430,164036608,31.274599840547932,88301.97585870863,30551,246349824,46.96812656836583,78668.44953310858,10199,63479808,12.102820323831699,64339.838371310914,7966,32628736,6.220871512430204,67607.2031164951,18165,96108544,18.3236918362619,65772.69427883292,1922,18833408,3.5907064039862013,62326.938117065554,1913,7835648,1.4939150393270124,61013.181257187665,3835,26669056,5.084621443313214,61671.60125319426,0,0,0,0,8551,123572224,23.559813288790714,113685.9103385569,8551,123572224,23.559813288790714,113685.9103385569,
20,5835.578122569203,11829,81715200,14.892742319676929,51058.213521345846,18707,169865216,30.958241440567512,99160.37448965629,30536,251580416,45.85098376024444,80526.61557905424,9993,63410176,11.556618739394413,52056.093241869305,8009,32804864,5.978745525728948,56275.28324971907,18002,96215040,17.53536426512336,53933.18982963004,1836,18305024,3.336123580282516,45626.94334313726,1863,7630848,1.3907357865442664,48975.964050993025,3699,25935872,4.726859366826782,47313.67640037848,0,0,0,0,8835,129429504,23.5887601282943,148618.24120022636,8835,129429504,23.5887601282943,148618.24120022636,
25,4567.705406674233,9188,64897024,12.375701196644375,123836.75982303004,13655,123039744,23.463373406084344,126474.84547770047,22843,187936768,35.83907460272872,125413.7444403975,7754,50585600,9.646548206170035,124449.64326154243,5923,24260608,4.626437653857904,125531.90335742022,13677,74846208,14.272985860027939,124918.3298556701,1434,14311424,2.72915299047434,120522.74435425382,1463,5992448,1.1427449413462965,124657.6593137389,2897,20303872,3.8718979318206364,122610.89781843287,0,0,0,0,6269,92786688,17.694190810880144,127789.82227404689,6269,92786688,17.694190810880144,127789.82227404689,
30,9534.407941039972,18830,128909312,24.58494192695852,8495.608011205522,28847,261099520,49.795599997901974,64289.70706603806,47677,390008832,74.3805419248605,42253.864097678124,15916,100061184,19.083170638461798,9521.086949736115,12652,51822592,9.883346633829412,14047.92389701233,28568,151883776,28.96651727229121,11525.901464470737,2914,28848128,5.501771288496723,2894.536362045298,2886,11821056,2.2544529232715522,3928.951695079695,5800,40669184,7.756224211768275,3409.2471639655173,0,0,0,0,13309,197455872,37.65780044080101,125140.27289781351,13309,197455872,37.65780044080101,125140.27289781351,
35,9290.734405775542,18252,126087168,24.04853127463645,1454.593826484769,28203,256561152,48.933757380677754,59170.654737049255,46455,382648320,72.9822886553142,36494.2249934345,15441,97193984,18.53775131130326,1599.456059646396,12276,50282496,9.590350840640518,3614.170278022157,27717,147476480,28.12810215194378,2491.783214272829,2811,28893184,5.510779963333188,658.8564581999289,2832,11599872,2.21243675307054,1427.786879237288,5643,40493056,7.723216716403727,1044.7524270777956,0,0,0,0,13095,194678784,37.130969786966695,123740.27711141658,13095,194678784,37.130969786966695,123740.27711141658,
40,8816.357536156896,17497,122953728,23.449853666953555,1360.0236448534033,26588,240488448,45.86618889825585,61950.85757668873,44085,363442176,69.3160425652094,37902.81807787229,14796,95240192,18.164301334666,1257.7590723168423,11432,46825472,8.930599211160404,2635.575027379286,26228,142065664,27.094900545826405,1858.307798802806,2701,27713536,5.285552332287552,1920.2260199925954,2778,11378688,2.1701543569457318,4687.286947444204,5479,39092224,7.455706689233284,3323.200149662347,0,0,0,0,12378,182284288,34.76543533014971,129584.60368363226,12378,182284288,34.76543533014971,129584.60368363226,
45,11394.604412016386,22470,156278784,29.804685219559587,3443.5947469959947,34509,309628928,59.05083529386612,42962.48021310383,56979,465907712,88.85552051342572,27377.977915354782,18824,120676352,23.014772656567192,3756.7589840628984,14996,61423616,11.71439585764312,5895.569977460656,33820,182099968,34.729168514210315,4705.121185629805,3646,35602432,6.789912562992398,1826.7533869994515,3456,14155776,2.699716730062325,2541.589699652778,7102,49758208,9.489629293054723,2174.609525626584,0,0,0,0,16057,234049536,44.636722706160676,86280.03539204085,16057,234049536,44.636722706160676,86280.03539204085,
50,11599.554794276331,22866,157048832,29.95198860418205,1077.4675103210006,35137,313389056,59.7688331358451,27348.953795657002,58003,470437888,89.72082174002715,16992.182501060288,19365,120573952,22.995584177698266,1141.541086857733,15312,62717952,11.961422187346397,2514.4759487983283,34677,183291904,34.95700636504466,1747.7751499553017,3501,36474880,6.956404426483782,723.058824335904,3478,14245888,2.7169426833588535,1297.6612665324901,6979,50720768,9.673347109842634,1009.4132152170798,0,0,0,0,16347,236425216,45.09046826513985,56153.74490151098,16347,236425216,45.09046826513985,56153.74490151098,
55,8449.279317519744,16666,116449280,22.208517531120407,8226.646054302171,25585,229486592,43.76632471741411,31066.97557674419,42251,345935872,65.97484224853451,22057.5572950226,14058,89767936,17.12000950446834,9452.444814909659,11237,46026752,8.77794975368273,15764.059930408472,25295,135794688,25.89795925815107,12256.304038189364,2608,26681344,5.08850802665207,1619.1771215490796,2681,10981376,2.0943030425935216,2092.181368146214,5289,37662720,7.182811069245591,1858.943501796181,0,0,0,0,11667,172478464,32.89407192113786,52464.10306376961,11667,172478464,32.89407192113786,52464.10306376961,
60,8197.270550192332,16393,114593792,21.85028885829636,7806.466490087232,24606,224927744,42.88832835416543,40194.398033243924,40999,339521536,64.73861721246179,27244.439210175857,13858,89583616,17.081447890045382,9090.7205062058,10735,43970560,8.384131640054738,14352.107662412669,24593,133554176,25.465579530100122,11387.349267311838,2535,25010176,4.768840968250977,785.8778686390533,2503,10252288,1.954865532841827,1387.0851266480224,5038,35262464,6.723706501092804,1084.5721454942438,0,0,0,0,11368,170704896,32.54933118126887,73142.29487843068,11368,170704896,32.54933118126887,73142.29487843068,
65,5113.221990044076,10477,75022336,13.613480242955186,77462.02589453087,16396,149954560,27.210608849890225,84020.83590217125,26873,224976896,40.82408909284541,81463.74691136084,8918,57954304,10.516331729502781,77257.88026194213,7035,28815360,5.228807245533399,78037.54614626865,15953,86769664,15.745138975036179,77601.69957468816,1559,17068032,3.0971485134524057,78629.8070051315,1640,6717440,1.218940139683692,79906.84979512195,3199,23785472,4.316088653136098,79284.4960253204,0,0,0,0,7721,114421760,20.762861464673133,90346.36117717913,7721,114421760,20.762861464673133,90346.36117717913,
70,10179.03989889434,20092,137740288,26.26888114612333,21424.730019858653,30809,280743936,53.541554140491236,61272.35642536272,50901,418484224,79.81043528661456,45543.42163548849,16969,106831872,20.37424045596493,22242.297137486003,13451,55095296,10.507396226255054,26450.17704445766,30420,161927168,30.881636682219984,24102.92148425378,3123,30908416,5.8946406901584,16982.432095100863,3160,12943360,2.4684686696131117,18138.606525949366,6283,43851776,8.363109359771512,17563.923612127965,0,0,0,0,14198,212705280,40.56568924462307,103862.56522482038,14198,212705280,40.56568924462307,103862.56522482038,
75,8730.086809502325,17482,122134528,23.054697816565167,5633.64552974488,26624,241369088,45.56198379953559,34944.254736553485,44106,363503616,68.61668161610075,23326.604753480253,14780,94654464,17.8674294668658,6301.335572192151,11498,47095808,8.89003003202315,10048.123716124544,26278,141750272,26.75745949888895,7940.751436372631,2702,27480064,5.187268349699366,1981.366170984456,2737,11210752,2.11619518156613,2620.8318648154914,5439,38690816,7.303463531265496,2303.1565008273583,0,0,0,0,12389,183062528,34.55575858594631,65190.83822778271,12389,183062528,34.55575858594631,65190.83822778271,
80,6438.603156058248,12617,89448448,16.997587044349412,37076.11912078941,19696,179412992,34.093246071828595,101042.37802868603,32313,268861440,51.09083311617801,76065.98188345248,10617,67723264,12.86922356402936,36710.31185221815,8476,34717696,6.597286738158513,39705.59287045776,19093,102440960,19.466510302187874,38040.01393730687,2000,21725184,4.1283634803200515,39018.007006,2011,8237056,1.5652599847141069,44906.92611437096,4011,29962240,5.693623465034158,41970.54161755173,0,0,0,0,9209,136458240,25.93069934895598,169755.48312162014,9209,136458240,25.93069934895598,169755.48312162014,
85,11142.53293935263,22024,154796032,29.52005357259129,4000.5765435434073,33698,305266688,58.215245360343026,39888.4050462342,55722,460062720,87.73529893293431,25703.81843873156,18569,119336960,22.7579053989587,4182.626687759169,14540,59555840,11.357471923832488,6460.683346492435,33109,178892800,34.11537732279119,5183.047836630523,3455,35459072,6.762148173632589,3022.142642547033,3460,14172160,2.7026721359326276,4616.617245953757,6915,49631232,9.464820309565217,3819.956399276934,0,0,0,0,15698,231538688,44.15510130057791,78624.5153343738,15698,231538688,44.15510130057791,78624.5153343738,
90,8256.929383755154,16341,114851840,21.90447094953574,9359.865098035616,24947,225615872,43.0293177190559,38158.9961371708,41288,340467712,64.93378866859165,26760.85139025867,13807,88752128,16.926750233043524,10869.178573549649,10736,43974656,8.386818834315823,16972.75870203055,24543,132726784,25.31356906735935,13539.106302815468,2534,26099712,4.9777207164922155,1136.0722186266773,2634,10788864,2.057645380922865,2599.605244115414,5168,36888576,7.035366097415081,1881.9983001160992,0,0,0,0,11577,170852352,32.584853503817214,65896.65535078173,11577,170852352,32.584853503817214,65896.65535078173,
96,5437.73558471539,11747,82161664,14.282047419935298,64818.57494075083,18086,162332672,28.218061884783676,77633.35584358066,29833,244494336,42.500109304718976,72587.42579076861,9930,63692800,11.071630558851083,65210.685323564954,7915,32419840,5.6354955545534615,70764.24584750473,17845,96112640,16.707126113404545,67673.92049010927,1817,18468864,3.2104168610842145,62675.67119757842,1793,7344128,1.276619523602572,59087.04801617401,3610,25812992,4.487036384686786,60893.288548199445,0,0,0,0,8378,122568704,21.30594680662764,88092.00176784435,8378,122568704,21.30594680662764,88092.00176784435,
101,10819.938597187302,21212,146731008,27.973633109630537,9175.216072506128,32913,300421120,57.273989348347484,54788.64137389481,54125,447152128,85.24762245797803,36912.39236709469,17913,114102272,21.75310547790464,9720.759489253614,14453,59199488,11.286126771445444,12965.771666712793,32366,173301760,33.039232249350086,11169.815937403448,3299,32628736,6.220527631725899,6213.009578357078,3291,13479936,2.569891593774784,7656.504319659678,6590,46108672,8.790419225500683,6933.8807761760245,0,0,0,0,15169,227741696,43.417970983127255,104862.99030417298,15169,227741696,43.417970983127255,104862.99030417298,
106,8386.24299136728,16601,113795072,21.69962368883575,10475.790230046383,25340,228392960,43.552336652850094,48627.754634609315,41941,342188032,65.25196034168584,33526.52287856751,13996,88342528,16.846068811489793,11612.3055739497,10927,44756992,8.534727091206832,16167.295229797748,24923,133099520,25.380795902696626,13609.351353729486,2605,25452544,4.853554877345956,4369.583414971209,2598,10641408,2.0292139638469253,5719.810925327174,5203,36093952,6.882768841192881,5043.788887180473,0,0,0,0,11815,172994560,32.988395597796334,88083.55469157851,11815,172994560,32.988395597796334,88083.55469157851,
111,8549.184318522442,16756,115781632,22.08200348360432,1337.281968309859,25993,234356736,44.69678109873368,13755.674014350017,42749,350138368,66.778784582338,8888.131449063136,14181,89747456,17.116736064288897,1073.7165855722446,11240,46039040,8.78061765152696,1403.8840149466193,25421,135786496,25.89735371581586,1219.7014762597853,2575,26034176,4.965267419315423,2788.785149902913,2559,10481664,1.9990747838307377,2622.2129984368894,5134,36515840,6.964342203146161,2705.758633424231,0,0,0,0,12194,177836032,33.91708866337598,27477.55742693128,12194,177836032,33.91708866337598,27477.55742693128,
116,8227.446496242863,16363,114458624,21.83031203008119,314.05362561877405,24776,223162368,42.563014970473574,323.21346399741685,41139,337620992,64.39332700055476,319.57014657624154,13791,87588864,16.705532223420274,157.9615659488072,10678,43737088,8.341829081634947,263.22996488106384,24469,131325952,25.047361305055222,203.89952678899834,2572,26869760,5.124779806660915,1151.0153654743392,2525,10342400,1.972571495704087,753.795982970297,5097,37212160,7.097351302365002,954.2370761232098,0,0,0,0,11573,169082880,32.24861439313454,284.61352821221806,11573,169082880,32.24861439313454,284.61352821221806,
121,8216.768518332414,16124,112799744,21.513190401080745,207.81630346067973,24963,225411072,42.99044606384675,298.92667852421584,41087,338210816,64.50363646492748,263.17172713997127,13596,86134784,16.42764373958121,184.903314577817,10842,44408832,8.46966158279231,292.9438523335178,24438,130543616,24.89730532237352,232.83585858089862,2528,26664960,5.085546661499533,331.046128164557,2540,10403840,1.9842225069445183,305.29657952755906,5068,37068800,7.069769168444052,318.1408689818469,0,0,0,0,11581,170598400,32.536561974109915,303.13065512477334,11581,170598400,32.536561974109915,303.13065512477334,
126,8279.471828732134,16160,113053696,21.56138494775523,269.23965779702974,25241,226107392,43.12276989551046,344.7229956023929,41401,339161088,64.68415484326569,315.25967976618927,13629,86450176,16.487612430974306,184.5239096045198,11011,45101056,8.601587249003037,308.2752848969213,24640,131551232,25.089199679977344,239.8253054383117,2531,26603520,5.073772516780921,725.4194018174635,2574,10543104,2.0107606556110995,506.94954156954157,5105,37146624,7.084533172392021,615.2643733594515,0,0,0,0,11656,170463232,32.51042199089632,343.32925960878515,11656,170463232,32.51042199089632,343.32925960878515,
131,8123.496550131773,16136,111935488,21.183361182464928,1338.7329002231036,24801,224264192,42.44113698266685,6723.4481937825085,40937,336199680,63.624498165131776,4600.973025185041,13594,86835200,16.433228083586666,1479.5187058260997,10624,43515904,8.235217696227583,2542.8021807228915,24218,130351104,24.668445779814252,1945.9619974812122,2542,25100288,4.750133098878259,585.8445283241542,2556,10469376,1.9812891972475246,1151.9010618153366,5098,35569664,6.731422296125784,869.6500402118478,0,0,0,0,11621,170278912,32.22463008919174,11770.867323982446,11621,170278912,32.22463008919174,11770.867323982446,
136,8263.559007683518,16199,113455104,21.637641661242967,3481.685551885919,25123,226037760,43.10889400612633,32050.58811937269,41322,339492864,64.74653566736929,20851.04180770534,13719,88981504,16.970147927681225,3748.1265272250166,10921,44732416,8.531163023301723,6329.206485486677,24640,133713920,25.501310950982948,4892.118987621753,2480,24473600,4.667493733561743,2007.7727532258064,2668,10928128,2.0841628922414612,2803.6783148425784,5148,35401728,6.7516566258032045,2420.258386169386,0,0,0,0,11534,170377216,32.49356809058314,63170.23127718051,11534,170377216,32.49356809058314,63170.23127718051,
141,8299.765926642875,16401,113278976,21.60407892833381,11535.92164514359,25102,228950016,43.664362011069805,33974.34597920484,41503,342228992,65.26844093940362,25107.21354292461,13876,88240128,16.828777565558838,12075.93552515134,10829,44355584,8.459306143872102,14430.861204912735,24705,132595712,25.28808370943094,13108.1755650678,2525,25038848,4.77530136277497,8568.304774257425,2561,10489856,2.0005802044931618,9598.789750488091,5086,35528704,6.775881567268132,9087.194279591035,0,0,0,0,11712,174104576,33.204475662704546,57374.46518365779,11712,174104576,33.204475662704546,57374.46518365779,
146,8267.37555563494,16110,111333376,21.234579769381504,5733.3977477964,25228,228462592,43.574598278091024,37888.55831552243,41338,339795968,64.80917804747253,25357.239994702213,13550,85512192,16.309713470636755,5983.712744280442,10930,44769280,8.538830686116766,8486.298447118023,24480,130281472,24.848544156753523,7101.084547058824,2560,25821184,4.924866298744748,4408.488293750001,2615,10711040,2.0429132885814587,5726.994453154876,5175,36532224,6.967779587326207,5074.7479279227055,0,0,0,0,11683,172982272,32.9928543033928,72594.47202448001,11683,172982272,32.9928543033928,72594.47202448001,
151,8211.994589235028,16447,113455104,21.636667777101668,22966.755039581687,24619,223391744,42.60234029731571,57448.7256137536,41066,336846848,64.23900807441738,43638.64014077339,13873,87904256,16.763945527433442,24827.793934837453,10801,44240896,8.437042805172574,31198.04643662624,24674,132145152,25.200988332606016,27616.360736807976,2574,25550848,4.872722249668227,12936.377186480187,2440,9994240,1.9059702291103675,13102.463256557377,5014,35545088,6.778692478778594,13017.200882329476,0,0,0,0,11378,169156608,32.25932726303277,91878.19177157673,11378,169156608,32.25932726303277,91878.19177157673,
156,8374.640557077435,16475,115412992,22.0123364717137,9630.974090379363,25400,228773888,43.63328349201921,40458.79217492126,41875,344186880,65.64561996373291,28330.116283749252,13861,88539136,16.886775212853156,11322.13759353582,10978,44965888,8.576194406305603,17302.1886231554,24839,133505024,25.46296961915876,13965.1183980434,2614,26873856,5.125561258860546,663.4081694720734,2578,10559488,2.013976059341943,1336.5899286268425,5192,37433344,7.139537318202488,997.6652139830509,0,0,0,0,11844,173248512,33.043113026371664,70437.70395997974,11844,173248512,33.043113026371664,70437.70395997974,
161,8268.274382490195,16383,113680384,21.68143420255517,5058.231985167552,24961,227360768,43.36286840511034,25804.047277633108,41344,341041152,65.0443026076655,17583.29718242067,13864,87609344,16.709094046207845,5797.8259156809,10955,44871680,8.55804971135663,9178.16498621634,24819,132481024,25.267143757564472,7289.893062532737,2519,26071040,4.972340156347324,987.6761087733228,2521,10326016,1.9694060540693803,1405.6050606902022,5040,36397056,6.941746210416705,1196.7235071428572,0,0,0,0,11485,172163072,32.83541263968433,47018.24086329996,11485,172163072,32.83541263968433,47018.24086329996,
166,8167.848557506059,16242,113213440,21.592292222301364,10025.491639145424,24600,223252480,42.57915656933921,31679.711126788618,40842,336465920,64.17144879164057,23068.28580681651,13694,87461888,16.680905058712046,11777.45125733898,10892,44613632,8.5088005385422,17433.767707675357,24586,132075520,25.18970559725425,14283.29192996014,2548,25751552,4.911387163589315,609.7400647566719,2482,10166272,1.9389315953600572,1359.6509037066883,5030,35917824,6.850318758949372,979.7755920477136,0,0,0,0,11226,168472576,32.13142443543695,52205.38413539997,11226,168472576,32.13142443543695,52205.38413539997,
171,7089.38344738898,15565,108519424,18.79536327996149,2639.978907870222,23471,206921728,35.838460110858854,13449.1055014699,39036,315441152,54.633823390820346,9139.133797673943,13155,83652608,14.488476797261777,2884.7352048650705,10399,42594304,7.377254576444461,4130.171699682662,23554,126246912,21.865731373706236,3434.5906056296167,2410,24866816,4.3068864826997135,1303.9751373443983,2392,9797632,1.6969317190936772,1086.7259862040135,4802,34664448,6.003818201793391,1195.7577342773843,0,0,0,0,10680,154529792,26.76427381532072,25291.652730430713,10680,154529792,26.76427381532072,25291.652730430713,
176,6835.276737998021,13566,93306880,17.43586826289395,20135.40595813062,21318,193429504,36.145366235597194,95369.45816887137,34884,286736384,53.58123449849114,66111.77119802775,11497,73379840,13.712185247135434,19956.8761874402,9122,37363712,6.9820013298559545,23250.826434663453,20619,110743552,20.694186576991388,21414.14444269848,2069,19927040,3.7236830157585197,21127.45853117448,2135,8744960,1.6341342731026598,29041.63064168618,4204,28672000,5.357817288861179,25146.668201950524,0,0,0,0,10061,147320832,27.529230632638576,174832.3416247888,10061,147320832,27.529230632638576,174832.3416247888,
181,8198.059320050437,16179,112984064,21.54227269199938,37764.26845373633,24826,219836416,41.9154334995758,72876.35069262063,41005,332820480,63.45770619157518,59022.46998190465,13646,86843392,16.558123028413966,39249.068409570566,10856,44466176,8.478208829188851,43473.3012869381,24502,131309568,25.036331857602818,41120.68183364623,2533,26140672,4.984149663585414,29765.223764705883,2638,10805248,2.0601984977339893,29953.46584723275,5171,36945920,7.0443481613194034,29861.25598549604,0,0,0,0,11332,164564992,31.377026172652954,111036.4349293152,11332,164564992,31.377026172652954,111036.4349293152,
186,11061.017617932468,21742,149565440,28.524810324675975,2755.3778155643454,33568,303722496,57.925324123923,34911.34043464013,55310,453287936,86.45013444859897,22271.04140618333,18418,116170752,22.155844733081203,3095.489132479097,14547,59584512,11.36383447331402,5016.367412318691,32965,175755264,33.519679206395224,3943.146233550736,3324,33394688,6.368965591594776,870.8500673886883,3400,13926400,2.656014106638322,1398.2665755882354,6724,47321088,9.024979698233098,1137.5389620761453,0,0,0,0,15621,230211584,43.90547554397066,70045.23862787274,15621,230211584,43.90547554397066,70045.23862787274,
191,7684.119494377578,15149,105332736,20.08884593180428,5135.174716416926,23275,211337216,40.305805517863334,43978.89920030075,38424,316669952,60.39465144966761,28664.419130387258,12781,80482304,15.349421905196076,5877.441553008372,10192,41746432,7.961794903443351,9965.345797193877,22973,122228736,23.311216808639426,7691.04535123841,2368,24850432,4.739424026608203,1128.8772339527027,2300,9420800,1.7967158828414156,1760.815422173913,4668,34271232,6.536139909449619,1440.2435220651244,0,0,0,0,10783,160169984,30.54729473157857,85133.28378475379,10783,160169984,30.54729473157857,85133.28378475379,
196,7874.488055647746,15436,106098688,20.21281616509523,33152.74398995854,23983,219377664,41.79354595939989,42346.623500771384,39419,325476352,62.00636212449512,38746.41233029757,13044,81858560,15.594839634769261,32634.471006286418,10339,42348544,8.067803201595165,33178.52395463778,23383,124207104,23.662642836364427,32875.02882320489,2392,24240128,4.6179765303259686,35978.97843770903,2334,9560064,1.8212837481887143,35467.65403084833,4726,33800192,6.439260278514683,35726.45385759628,0,0,0,0,11310,167469056,31.904459009616012,52147.19785534925,11310,167469056,31.904459009616012,52147.19785534925,
201,9088.181071927545,18037,123805696,23.46580605360108,7879.034609192216,27691,252051456,47.773170161926686,16480.37788458344,45728,375857152,71.23897621552777,13087.655074527642,15282,96579584,18.305440380396345,8218.173337128648,12050,49356800,9.354958080655496,9158.82900813278,27332,145936384,27.66039846105184,8632.885060954193,2755,27226112,5.160365673204737,5997.830238838475,2776,11370496,2.1551339113609673,6380.106597622478,5531,38596608,7.315499584565704,6189.694128186585,0,0,0,0,12865,191324160,36.26307816991022,25517.534282083172,12865,191324160,36.26307816991022,25517.534282083172,
206,8307.089412879614,16401,112984064,21.549194314413135,800.6286132552892,25136,229584896,43.788206587774454,979.281884707193,41537,342568960,65.3374009021876,908.7401434865301,13756,86503424,16.498601896972556,437.8363089560919,11001,45060096,8.594209927960371,713.5083258794656,24757,131563520,25.092811824932927,560.3336979036233,2645,26480640,5.050592417440578,2687.422918714556,2469,10113024,1.9288341343636175,3220.76645200486,5114,36593664,6.979426551804196,2944.9170883848255,0,0,0,0,11666,174411776,33.265162525450464,755.5162001542944,11666,174411776,33.265162525450464,755.5162001542944,
211,8233.600878128751,16153,114044928,21.749176252168656,16300.753130873522,25021,224940032,42.897658737935785,27453.280150073937,41174,338984960,64.64683499010444,23078.0246747462,13567,86290432,16.456197108947926,16672.059484852954,10856,44466176,8.480014990968751,19701.162415070008,24423,130756608,24.936212099916677,18018.492822708104,2586,27754496,5.292979143220731,14352.758813611756,2547,10432512,1.989553996130933,14606.368975657637,5133,38187008,7.282533139351664,14478.600442820962,0,0,0,0,11618,170041344,32.4280897508361,37513.36561163711,11618,170041344,32.4280897508361,37513.36561163711,
216,7615.347523022296,15139,106352640,20.2786256402843,3881.408809828919,22950,205389824,39.16238798792282,31862.715854379083,38089,311742464,59.441013628207116,20741.158256451996,12729,81772544,15.591853737055104,4289.563790321314,10074,41263104,7.867778729066977,7014.021162298987,22803,123035648,23.45963246612208,5493.185399991229,2410,24580096,4.686771903229197,1725.6392053941909,2363,9678848,1.8454994179854343,3060.892379602201,4773,34258944,6.532271321214631,2386.6916358684266,0,0,0,0,10513,154447872,29.449109840870406,62147.5497932084,10513,154447872,29.449109840870406,62147.5497932084,
221,7208.491067970249,14554,99614720,18.41125558427675,19875.028122440566,22641,209854464,38.78627749197512,37681.13964467117,37195,309469184,57.19753307625187,30713.801370856298,12239,77045760,14.239955490964048,19575.119182204427,9633,39456768,7.292583266584619,20199.87026668743,21872,116502528,21.532538757548668,19850.275875548647,2315,22568960,4.171300093312701,21460.594221598272,2238,9166848,1.6942594571386251,22274.990600089364,4553,31735808,5.8655595504513265,21860.905905117503,0,0,0,0,10770,161230848,29.799434768251878,56518.282586165275,10770,161230848,29.799434768251878,56518.282586165275,
226,4778.7358996826415,9580,64839680,12.365986542592154,105238.95097766179,14316,130699264,24.92648544457189,122152.74268021794,23896,195538944,37.29247198716404,115371.93733578842,8058,49991680,9.534230306527936,106799.19075812856,6286,25747456,4.910460606868874,109714.84124482977,14344,75739136,14.44469091339681,108076.92214124373,1522,14848000,2.831756236064217,96978.49621353482,1439,5894144,1.1241095789507334,99896.85693328701,2961,20742144,3.9558658150149504,98396.77418574806,0,0,0,0,6591,99057664,18.891915258752285,138874.16097982097,6591,99057664,18.891915258752285,138874.16097982097,
231,9437.787933087528,18785,128802816,24.565073817875398,18984.27227830716,28408,256671744,48.95203796105527,66856.51890199944,47193,385474560,73.51711177893067,47801.14728277498,15862,100773888,19.219440028658287,20761.846225885765,12373,50679808,9.665574583367434,26311.92869110159,28235,151453696,28.885014612025717,23193.975510182398,2923,28028928,5.345633789217113,9338.060182346904,2921,11964416,2.2818349113405216,11147.262411845259,5844,39993344,7.627468700557635,10242.351714236824,0,0,0,0,13114,194027520,37.00462846634731,117518.78463992679,13114,194027520,37.00462846634731,117518.78463992679,
237,8477.194495309604,17151,118067200,21.771639791689775,27328.444976386214,26691,240889856,44.42018760759991,69180.14215537073,43842,358957056,66.19182739928968,52807.749054764834,14547,92495872,17.05627648832397,27591.652520175983,11434,46833664,8.636146726042702,31252.12610713661,25981,139329536,25.692423214366674,29202.593399792157,2604,25571328,4.715363303365803,25858.06089823349,2721,11145216,2.055182372009987,29253.34127600147,5325,36716544,6.770545675375789,27593.001350422535,0,0,0,0,12536,182910976,33.728858509547216,112440.33365890237,12536,182910976,33.728858509547216,112440.33365890237,
242,6210.533349103033,12737,87478272,16.15284314216547,81128.12713244878,19339,174161920,32.158959142429914,90479.39521428202,32076,261640192,48.31180228459538,86766.11732557052,10754,67379200,12.441554042638103,82753.42395564441,8379,34320384,6.3372511442714075,87341.21681895215,19133,101699584,18.77880518690951,84762.57654027073,1983,20099072,3.7112890995273657,72313.98591376703,2054,8413184,1.5534925230139003,67860.49895861733,4037,28512256,5.264781622541266,70048.07999207333,0,0,0,0,8906,131428352,24.268215475144608,98648.4957850887,8906,131428352,24.268215475144608,98648.4957850887,
247,6664.042521942155,14176,99803136,17.965769288349133,70466.85837641085,21129,189788160,34.164159893936514,88308.49700856642,35305,289591296,52.12992918228565,81144.55226279564,12033,77570048,13.963545053876546,71252.67864830051,9241,37851136,6.813661413183713,74566.05462417488,21274,115421184,20.777206467060257,72691.9428860111,2143,22233088,4.002224234472589,66054.45738170788,2116,8667136,1.5601891083537212,69728.10818100188,4259,30900224,5.56241334282631,67879.6381967598,0,0,0,0,9772,143269888,25.79030937239908,105327.53229645928,9772,143269888,25.79030937239908,105327.53229645928,
252,9550.776198814901,19206,133619712,25.48320581246301,16277.42344808914,28553,252170240,48.09250094550564,62817.05314422303,47759,385789952,73.57570675796865,44101.41571580226,16166,102473728,19.543217553068466,16628.49947080292,12481,51122176,9.749736121186647,19043.193842560693,28647,153595904,29.292953674255113,17680.53983991343,3040,31145984,5.939988259394541,14410.48430888158,3039,12447744,2.3739642714755407,15738.796650542941,6079,43593728,8.31395253087008,15074.531225530514,0,0,0,0,13033,188600320,35.968800552843454,115714.49497866952,13033,188600320,35.968800552843454,115714.49497866952,
257,12539.91230493186,24587,171196416,32.649251597268105,1218.202701793631,38120,341794816,65.184454224941,38639.13856387723,62707,512991232,97.8337058222091,23966.637088108186,20709,130678784,24.92204332853004,1177.4111860060843,16504,67600384,12.89222050821401,2308.873140329617,37213,198279168,37.81426383674405,1679.21561172171,3878,40517632,7.727208268738063,1436.034445074781,3908,16007168,3.0527628299866914,2068.2608426305014,7786,56524800,10.779971098724754,1753.3656500128436,0,0,0,0,17708,258187264,49.2394708867403,80570.11273853625,17708,258187264,49.2394708867403,80570.11273853625,
262,8351.348152061799,17352,121196544,21.98082122082335,1013.9381357192254,26562,240582656,43.63329329231405,39469.678136962575,43914,361779200,65.6141145131374,24274.432873457212,14655,93016064,16.869866136188364,885.0145501194132,11532,47235072,8.56679273779225,2019.0267431494972,26187,140251136,25.436658873980612,1384.4008337724827,2697,28180480,5.110955084634988,1714.4850941787172,2692,11026432,1.999809751139155,2006.647424962853,5389,39206912,7.110764835774143,1860.430723139729,0,0,0,0,12338,182321152,33.06669080338264,82647.77754935971,12338,182321152,33.06669080338264,82647.77754935971,
267,10376.038516189321,20497,140578816,26.809246742543262,1450.2124229399424,31391,287608832,54.848777090444926,43071.01642528113,51888,428187648,81.65802383298819,26629.804205962842,17285,108810240,20.750783477045008,834.5405963552213,13419,54964224,10.482016317653565,1672.9150908413444,30704,163774464,31.232799794698575,1200.9471668837937,3212,31768576,6.058463265498253,4763.377903175591,3155,12922880,2.4644728729560326,7612.014416164818,6367,44691456,8.522936138454286,6174.9450774305005,0,0,0,0,14817,219721728,41.90228789983533,88113.486098333,14817,219721728,41.90228789983533,88113.486098333,
272,8231.600935279297,16341,113995776,21.74191471067159,410.5087539318279,24819,225558528,43.01978941781694,524.5069282807526,41160,339554304,64.76170412848853,479.24832363945575,13839,88756224,16.92808558318216,357.78562381674976,10781,44158976,8.422247942788633,470.24414924404044,24620,132915200,25.350333525970793,407.0307644597888,2502,25239552,4.813829127489431,702.1296163069544,2571,10530816,2.0084963788989496,840.8985519253209,5073,35770368,6.82232550638838,772.4578113542283,0,0,0,0,11467,170868736,32.589045096129354,504.58577683788263,11467,170868736,32.589045096129354,504.58577683788263,
277,8207.264182714815,16354,113516544,21.636441422873645,1290.890318087318,24711,220893184,42.10260696738662,7962.0312772854195,41065,334409728,63.73904839026026,5305.271524534275,13862,88465408,16.86165338281103,1213.7406483912855,10779,44150784,8.415212603635528,2220.5249604787086,24641,132616192,25.27686598644656,1654.1500514183679,2492,25051136,4.774788040062611,1720.043095505618,2548,10436608,1.989234781896588,2049.2137715855574,5040,35487744,6.764022821959199,1886.4571595238097,0,0,0,0,11384,166305792,31.6981595818545,14721.830609100492,11384,166305792,31.6981595818545,14721.830609100492,
282,8147.2479135441745,16129,113340416,21.430807796347302,7385.626461838923,24963,228098048,43.12958781984708,40370.69468753756,41092,341438464,64.56039561619438,27423.74235101723,13579,86794240,16.411362697575054,8540.136656823035,10800,44236800,8.36445102094434,13192.606961296297,24379,131031040,24.775813718519395,10601.200658148406,2550,26546176,5.019445098772247,1237.7464862745096,2485,10178560,1.9245982210228414,2090.148931187123,5035,36724736,6.944043319795089,1658.4456075471699,0,0,0,0,11678,173682688,32.8405385778799,73651.26530304847,11678,173682688,32.8405385778799,73651.26530304847,
287,8422.032252593073,16561,115974144,22.11829620938853,24045.749471287967,25553,232034304,44.252997173329476,62551.29956005166,42114,348008448,66.37129338271801,47409.29416944484,14005,90902528,17.33670084675283,24610.767218564797,11033,45191168,8.618745570325057,25469.785193963566,25038,136093696,25.955446417077887,24989.293671259686,2556,25071616,4.7815953626356995,20949.867800469485,2549,10440704,1.9912247311482434,24105.431326010203,5105,35512320,6.772820093783943,22525.48610146915,0,0,0,0,11971,176402432,33.64302687185618,104913.58058332637,11971,176402432,33.64302687185618,104913.58058332637,
292,6447.204741135788,12687,86618112,16.518543772486716,8728.183820288485,19554,177360896,33.8236848674728,60824.558799069244,32241,263979008,50.342228639959515,40324.366207158586,10722,66076672,12.601179748321544,6902.853743891065,8516,34881536,6.65209811162325,11077.808007515265,19238,100958208,19.253277859944795,8750.962201580205,1965,20541440,3.9173640241651713,18688.076481424934,2053,8409088,1.603658692245483,26397.50593619094,4018,28950528,5.521022716410655,22627.215025634643,0,0,0,0,8985,134070272,25.567928063604064,115840.92710940457,8985,134070272,25.567928063604064,115840.92710940457,
297,10011.638337589724,19520,137981952,26.31491539878838,1856.8935763831967,30544,274161664,52.28612067867431,25479.9848368583,50064,412143616,78.6010360774627,16269.31966019495,16527,106946560,20.396070919415937,1795.1258920554244,13235,54210560,10.338644144713516,2776.9557044200983,29762,161157120,30.734715064129453,2231.7402851286874,2993,31035392,5.918844479372445,2197.967588706983,3075,12595200,2.4020650355114515,2716.108042601626,6068,43630592,8.320909514883898,2460.5387646671065,0,0,0,0,14234,207355904,39.54541149844934,51507.34971743712,14234,207355904,39.54541149844934,51507.34971743712,
302,8199.399429570914,16204,112754688,21.50572393558338,1238.666016477413,24794,221257728,42.200530207510276,5227.356705331936,40998,334012416,63.70625414309365,3650.8714152641596,13619,86282240,16.456628694531528,1385.2018861884133,10830,44359680,8.460730536993896,2404.9621749769162,24449,130641920,24.917359231525424,1836.9178634299972,2585,26472448,5.049095241051852,466.64589671179885,2491,10203136,1.9460461465975805,856.2120281011642,5076,36675584,6.995141387649432,657.8218685973208,0,0,0,0,11473,166694912,31.7937535239188,8840.62735422296,11473,166694912,31.7937535239188,8840.62735422296,
307,8252.509883015064,16226,115367936,22.003913952405004,447.5292729569826,25038,228163584,43.51722015212555,1135.8081614745588,41264,343531520,65.52113410453056,865.1603026851492,13675,88887296,16.95331025637794,304.99253382084095,10756,44056576,8.402829598525464,560.801626905913,24431,132943872,25.3561398549034,417.6151282796447,2551,26480640,5.050603696027067,1211.617829478636,2588,10600448,2.0218039234830703,1042.7112426584235,5139,37081088,7.072407619510137,1126.5564855030161,0,0,0,0,11694,173506560,33.09258663011702,1685.2955149649392,11694,173506560,33.09258663011702,1685.2955149649392,
312,6814.16282398832,13359,92766208,17.69209565459637,32273.470913541434,20715,185962496,35.466214889364615,31821.985845763942,34074,278728704,53.15831054396099,31998.994386599752,11205,71151616,13.569824868244151,33585.82883355645,9189,37638144,7.1782350304700655,34605.729674719776,20394,108789760,20.748059898714217,34045.36932730215,2154,21614592,4.122270786352218,25446.65081429898,2071,8482816,1.6178174717709768,32091.96000772574,4225,30097408,5.740088258123195,28704.031959763313,0,0,0,0,9455,139841536,26.670162387123572,29057.423335589636,9455,139841536,26.670162387123572,29057.423335589636,
317,9736.430093737623,19145,131424256,25.06520547389019,4498.505510211543,29541,266711040,50.867071446498784,24532.01252168173,48686,398135296,75.93227692038897,16654.152526311464,16182,100610048,19.188326436924665,4786.325000123594,12702,52027392,9.922652868208976,7752.125781373012,28884,152637440,29.110979305133643,6090.562693082676,2963,30814208,5.876879036965528,2926.6206010799865,2969,12161024,2.3193478480327863,5139.119247221286,5932,42975232,8.196226884998314,4033.9888546864463,0,0,0,0,13870,202522624,38.62507073025702,44050.0818444845,13870,202522624,38.62507073025702,44050.0818444845,
322,8141.677974314559,16357,113479680,21.630922981107695,988.2115158647674,24377,219967488,41.92909066429982,4222.536925503548,40734,333447168,63.560013645407516,2923.772730348112,13796,86966272,16.577071168918195,313.35688011017686,10689,43782144,8.345530977984485,477.1515102441763,24485,130748416,24.92260214690268,384.8619159076986,2561,26513408,5.0538518121895,4623.625242873877,2492,10207232,1.9456509680173388,6973.592592295345,5053,36720640,6.999502780206839,5782.564216702948,0,0,0,0,11196,165978112,31.637908718297997,7185.987620578778,11196,165978112,31.637908718297997,7185.987620578778,
328,7317.610245897329,14855,105021440,19.35521051050162,17148.83933052844,23011,207486976,38.23937377612988,55029.11097501195,37866,312508416,57.5945842866315,40168.51214548672,12476,80822272,14.895359352309594,16252.575536550177,9790,40099840,7.390308537356118,16325.947279264556,22266,120922112,22.285667889665714,16284.835904877391,2379,24199168,4.459851158192027,21849.044077763767,2378,9740288,1.7951127376744482,28772.432645500423,4757,33939456,6.254963895866475,25310.010656295985,0,0,0,0,10843,157646848,29.053952501099314,95732.08558065111,10843,157646848,29.053952501099314,95732.08558065111,
333,9261.927346349119,18416,129990656,24.790343633252384,31926.500983709815,27900,252477440,48.149633903254255,43217.398270681,46316,382468096,72.93997753650663,38727.95262691078,15547,99885056,19.048945041608665,32192.75052466714,12156,49790976,9.495570242179733,33139.25311829549,27703,149676032,28.5445152837884,32608.07325246363,2869,30105600,5.741398591643717,30483.705022307426,2835,11612160,2.2145394567768624,28449.286821516755,5704,41717760,7.95593804842058,29472.559230014027,0,0,0,0,12909,191074304,36.439524204297655,55950.9584558835,12909,191074304,36.439524204297655,55950.9584558835,
338,8323.020750523816,16542,113016832,21.55423196778863,6353.900349413614,25077,226775040,43.24985694754341,32948.06806811022,41619,339791872,64.80408891533203,22377.87843350393,13991,87904256,16.764836628758765,7168.446012793938,10804,44253184,8.439834813713698,11440.41690188819,24795,132157440,25.204671442472463,9029.884749868927,2551,25112576,4.789395339029867,1886.5117267738142,2554,10461184,1.9951257047597915,2027.723374706343,5105,35573760,6.784521043789659,1957.1590428991185,0,0,0,0,11719,172060672,32.81489642906991,59515.115047103,11719,172060672,32.81489642906991,59515.115047103,
343,8241.135786710498,16314,113737728,21.692528085923954,5423.534429324507,24894,225443840,42.99757799802846,44981.11426673094,41208,339181568,64.69010608395241,29320.505708503202,13763,88129536,16.808428201409527,5893.526001525831,10846,44425216,8.472960228317891,9964.604806656831,24609,132554752,25.281388429727418,7687.7850417327,2551,25608192,4.884099884514425,2887.8644927479418,2492,10207232,1.9467653410444572,5353.803917736757,5043,35815424,6.830865225558882,4106.409217529248,0,0,0,0,11556,170811392,32.57785242866611,86391.6645430945,11556,170811392,32.57785242866611,86391.6645430945,
348,8247.373730727333,16276,112050176,21.370252237074226,3308.2152684934877,24964,224292864,42.77722043609985,36133.485180419804,41240,336343040,64.14747267317408,23178.487772890396,13716,85966848,16.395629987999484,3714.606159230096,10960,44892160,8.56184985079447,6616.249572901459,24676,130859008,24.957479838793954,5003.389260779705,2560,26083328,4.974622249074743,1130.84907421875,2484,10174464,1.940477648665462,1923.909406199678,5044,36257792,6.915099897740205,1521.4045588818396,0,0,0,0,11520,169226240,32.27489293663992,71592.29494444445,11520,169226240,32.27489293663992,71592.29494444445,
353,8248.45993373553,16196,112504832,21.45718884485182,7836.4287801308965,25049,228962304,43.66823458107445,27555.73382019242,41245,341467136,65.12542342592627,19812.398520669172,13677,86986752,16.590320002115924,8433.88393734006,10852,44449792,8.477569932804164,11442.740902782896,24529,131436544,25.06788993492009,9765.0476940764,2519,25518080,4.8668688427358955,4592.52477649861,2536,10387456,1.9811202865454625,5789.076093059936,5055,35905536,6.847989129281358,5192.812439960435,0,0,0,0,11661,174125056,33.209544361724824,47284.61154386416,11661,174125056,33.209544361724824,47284.61154386416,
358,7144.249315384416,14764,101572608,18.63186436152408,15411.488309333514,22379,203227136,37.278755631961396,30002.300188346217,37143,304799744,55.910619993485476,24202.58701004227,12415,77615104,14.23724484984756,15511.729576077325,9704,39747584,7.291056204703189,17571.419716199507,22119,117362688,21.52830105455075,16415.352394457255,2349,23957504,4.39461951167652,14881.690383993187,2237,9162752,1.6807597619456958,16400.34532230666,4586,33120256,6.075379273622215,15622.473440471,0,0,0,0,10438,154316800,28.306939665312512,44474.118270070896,10438,154316800,28.306939665312512,44474.118270070896,
363,5295.325126698577,10627,73183232,13.95681499579923,97751.06212374142,15853,141410304,26.96843795348814,111383.54641973127,26480,214593536,40.92525294928737,105912.5339343278,8989,56397824,10.755660473339654,98785.26163199467,7055,28897280,5.511016387494463,101849.70437802977,16044,85295104,16.266676860834117,100132.78366972077,1638,16785408,3.201154522459576,92075.59241697192,1658,6791168,1.2951474373445526,94269.58643787695,3296,23576576,4.4963019598041285,93179.24596268203,0,0,0,0,7140,105721856,20.162274128649127,124777.97236568626,7140,105721856,20.162274128649127,124777.97236568626,
368,12196.20722781937,24148,170983424,32.60556843437545,14562.60868871128,36846,328937472,62.72650882185198,43588.28955037182,60994,499920896,95.33207725622742,32096.79626500967,20451,133464064,25.450839446763357,15633.28063229182,15933,65261568,12.445010585111728,19068.09446676709,36384,198725632,37.895850031875085,17137.427752583553,3697,37519360,7.15472898761209,8639.88433973492,3889,15929344,3.0376354839326876,10875.032182566212,7586,53448704,10.192364471544778,9785.743812549434,0,0,0,0,17024,247746560,47.24386275280756,74010.17196170113,17024,247746560,47.24386275280756,74010.17196170113,
373,8355.795180806268,16302,112418816,21.440635558188266,5733.124353944301,25480,228147200,43.512475427788615,24956.09009964678,41782,340566016,64.95311098597688,17455.903713489064,13778,85786624,16.361315715612292,6681.945434097836,11133,45600768,8.697026731374697,9496.552184855833,24911,131387392,25.05834244698699,7939.824160611777,2524,26632192,5.079319842575971,553.7040519017432,2557,10473472,1.9975116637137431,899.3738032850997,5081,37105664,7.076831506289714,727.6614528636095,0,0,0,0,11790,172072960,32.81793703270017,44771.531929601355,11790,172072960,32.81793703270017,44771.531929601355,
378,6025.578144668966,11909,82911232,15.812430616048102,962.3586577378453,18222,162492416,30.989770525108405,21287.03540544397,30131,245403648,46.80220114115651,13253.894275430619,10080,64770048,12.352631426319961,796.726050297619,8095,33157120,6.323566141532921,1279.255876343422,18175,97927168,18.67619756785288,1011.6409851994498,1829,18141184,3.459799189728142,1875.194460360853,1885,7720960,1.4725042837294078,1479.8543416445623,3714,25862144,4.93230347345755,1674.543915455035,0,0,0,0,8242,121614336,23.193700099846073,45468.00017046833,8242,121614336,23.193700099846073,45468.00017046833,
383,7067.79495299784,14284,98693120,18.484733560544807,1885.7979718566228,21704,193400832,36.223019901566474,94864.0169936878,35988,292093952,54.70775346211128,57960.02453765144,12131,76947456,14.411878176733545,1910.6026114912208,9372,38387712,7.1898287167223875,3387.0163077251386,21503,115335168,21.601706893455933,2554.091853043761,2153,21745664,4.072855383811263,1746.0371342313051,2215,9072640,1.6992606282053018,1859.9658180586907,4368,30818304,5.772116012016565,1803.8100359432233,0,0,0,0,10117,145940480,27.333930556638784,199966.95499733122,10117,145940480,27.333930556638784,199966.95499733122,
388,5911.3463630393935,11683,81354752,15.506029801326212,1298.646638363434,17895,161923072,30.86216746078078,97925.49436842694,29578,243277824,46.36819726210699,59758.90223811617,9842,62398464,11.893004631628411,1172.2088319447266,7775,31846400,6.069851057562748,2576.3339187138263,17617,94244864,17.96285568919116,1791.898481126185,1841,18956288,3.6130251696978,1974.5841129820749,1818,7446528,1.419291218347148,1719.6699504950495,3659,26402816,5.032316388044948,1847.928210440011,0,0,0,0,8302,122630144,23.373025184870883,208289.49235545652,8302,122630144,23.373025184870883,208289.49235545652,
393,10611.25377687674,20765,142741504,27.211045880896904,1111.6170578858657,32320,294207488,56.08525362372128,48855.38898041461,53085,436948992,83.29629950461819,30179.69106252237,17508,109797376,20.93085299099895,980.3617525702535,13852,56737792,10.816017892685124,2266.6273483251516,31360,166535168,31.746870883684075,1548.5170788584185,3257,32944128,6.280192889897954,1817.1798105618668,3304,13533184,2.579852953900639,2035.927667070218,6561,46477312,8.860045843798593,1927.3372435604329,0,0,0,0,15164,223936512,42.68938277713551,101614.49121643366,15164,223936512,42.68938277713551,101614.49121643366,
398,11453.664376118408,22415,153505792,29.270892874741257,1660.1674963640419,34869,317132800,60.47172614741953,29819.393638704867,57284,470638592,89.74261902216078,18800.801117572097,18973,119083008,22.707064827690385,1724.7194115848838,14935,61173760,11.664775331116703,3017.279353531972,33908,180256768,34.37184015880709,2294.035877698478,3442,34422784,6.563828047050872,1304.3442867518884,3680,15073280,2.874213138166017,1893.3401149456522,7122,49496064,9.438041185216889,1608.6836082561078,0,0,0,0,16254,240885760,45.93273767813681,60769.157008736314,16254,240885760,45.93273767813681,60769.157008736314,
403,8115.1185926243,16093,111833088,21.32815223540126,11946.638606474866,24487,221990912,42.33680792228114,32619.78160656675,40580,333824000,63.6649601576824,24421.336798767865,13537,85708800,16.345880874840542,14080.1025901603,10675,43724800,8.33893803292343,20410.926464918033,24212,129433600,24.684818907763972,16871.34432413679,2556,26124288,4.982271360560716,647.4594409233176,2607,10678272,2.036497559890528,1377.9052704257767,5163,36802560,7.018768920451244,1016.29001956227,0,0,0,0,11205,167587840,31.96137232946718,51520.01366773762,11205,167587840,31.96137232946718,51520.01366773762,
408,8171.452314625773,16304,111439872,21.23689253853267,6387.537691364082,24589,223019008,42.500324362775274,26907.88260522998,40893,334458880,63.73721690130794,18726.440708678747,13770,85233664,16.24282342170494,7406.213908714597,10726,43933696,8.372364074256677,11645.673872552676,24496,129167360,24.615187495961617,9262.535249836708,2534,26206208,4.994069116827729,851.9530374901341,2555,10465280,1.9943492643786882,1551.242671624266,5089,36671488,6.988418381206417,1203.0406804873257,0,0,0,0,11308,168620032,32.1336110241399,47113.813441545804,11308,168620032,32.1336110241399,47113.813441545804,
413,5039.624403330473,10038,70852608,13.512519178432049,1905.7450180314804,15163,136110080,25.957972730910914,109836.01206087186,25201,206962688,39.47049190934297,66845.49499503987,8468,54071296,10.312103461352843,2069.9601048653753,6658,27271168,5.20096847554634,4623.7016919495345,15126,81342464,15.513071936899184,3194.03861119926,1570,16781312,3.2004157170792062,1020.0295050955414,1554,6365184,1.2139238526583076,2214.994819176319,3124,23146496,4.414339569737514,1614.452071702945,0,0,0,0,6951,102473728,19.543080402706266,234673.67904833838,6951,102473728,19.543080402706266,234673.67904833838,
418,9594.563109308263,20244,140509184,25.48710365251184,4553.106755433709,30200,270606336,49.085558241221065,42171.58375874172,50444,411115520,74.5726618937329,27074.67533643248,17114,108580864,19.695593246397983,4969.934807935024,13107,53686272,9.738207426931924,8093.7910233463035,30221,162267136,29.433800673329905,6324.766991363621,3130,31928320,5.791510406113859,2274.0028287539935,3045,12472320,2.2623667975133674,3514.9758880131362,6175,44400640,8.053877203627225,2885.9482482591093,0,0,0,0,14048,204447744,37.08498401677577,82345.77228018222,14048,204447744,37.08498401677577,82345.77228018222,
423,10175.574168020854,20110,139513856,26.606428077478498,1349.482858975634,30775,285020160,54.35566477118526,39363.368817579205,50885,424534016,80.96209284866376,24340.095817136684,17029,108478464,20.687726173745354,1350.6588245933408,13125,53760000,10.252469643196186,2545.080365409524,30154,162238464,30.94019581694154,1870.5494766863435,3081,31035392,5.918701903733143,1342.9831775397597,3176,13008896,2.480902368517416,1657.243983627204,6257,44044288,8.399604272250558,1502.4992907143999,0,0,0,0,14474,218251264,41.62229275947166,81023.9110593478,14474,218251264,41.62229275947166,81023.9110593478,
428,8295.488544971955,16265,112447488,21.446333984856697,7745.716492284046,25215,229601280,43.790268878488405,49890.292313146936,41480,342048768,65.2366028633451,33364.70104684185,13755,87994368,16.78255902803615,8059.364443984005,10940,44810240,8.54634807832777,9403.528823308958,24695,132804608,25.32890710636392,8654.835523547277,2510,24453120,4.663774956820547,6026.900725099602,2505,10260480,1.956910597459878,6871.466930938123,5015,34713600,6.620685554280425,6448.762807976072,0,0,0,0,11770,174530560,33.287010202700756,96677.66276015293,11770,174530560,33.287010202700756,96677.66276015293,
433,7630.932000702351,15097,104181760,19.868313048458003,33004.00843598066,23063,207691776,39.60851902634604,53194.73089546026,38160,311873536,59.47683207480404,45206.802777777775,12790,80482304,15.348633107495628,33136.15436059421,10052,41172992,7.852026057129933,34838.89224781138,22842,121655296,23.20065916462556,33885.472338105246,2307,23699456,4.519679940962375,32271.39188816645,2380,9748480,1.8591148046129367,33648.75580588235,4687,33447936,6.378794745575312,32970.800064860254,0,0,0,0,10631,156770304,29.897378164603168,74926.67622509642,10631,156770304,29.897378164603168,74926.67622509642,
438,8855.856630538576,17253,118337536,22.569199268844176,10124.54445783342,27030,243675136,46.473442722744416,22684.326824010357,44283,362012672,69.0426419915886,17790.938273920015,14596,91222016,17.397758364765103,10631.132403192656,11697,47910912,9.137514237917356,13161.994189108318,26293,139132928,26.53527260268246,11757.040071007492,2657,27115520,5.171440904079071,7341.6473368460665,2796,11452416,2.184191656768139,8058.502309012876,5453,38567936,7.35563256084721,7709.211338712636,0,0,0,0,12537,184311808,35.151736828058915,34830.49657549653,12537,184311808,35.151736828058915,34830.49657549653,
443,8005.067774421081,15984,111976448,21.354792108100938,4470.478199324325,24047,218116096,41.59646040487538,10615.09623096436,40031,330092544,62.95125251297632,8161.608318653044,13479,86110208,16.421896060011925,5191.863015283033,10607,43446272,8.285546853852756,7927.450831714905,24086,129556480,24.707442913864682,6396.56200925849,2505,25866240,4.932896048089012,588.823135728543,2520,10321920,1.968471582135283,743.8972353174603,5025,36188160,6.9013676302242954,666.5916394029852,0,0,0,0,10920,164347904,31.34244196888734,15503.674639285713,10920,164347904,31.34244196888734,15503.674639285713,
448,8420.98334830881,16384,114077696,21.758033968005286,3873.558468200684,25722,234201088,44.66916326963507,32882.18286272452,42106,348278784,66.42719723764036,21594.544471999237,13789,87699456,16.72691340666264,4371.498025890202,11132,45596672,8.696651256035146,7660.906134656846,24921,133296128,25.423564662697785,5840.848817061916,2595,26378240,5.031120561342647,1227.6669225433527,2577,10555392,2.013229454437888,2204.9023562281723,5172,36933632,7.044350015780535,1714.584113689095,0,0,0,0,12013,178049024,33.959282559162034,62834.61809140098,12013,178049024,33.959282559162034,62834.61809140098,
453,7301.474194455725,14501,102158336,19.482152320312313,18369.12136583684,22012,196149248,37.40673230083461,24567.812969652918,36513,298307584,56.88888462114693,22106.026018513956,12281,79536128,15.16797376832623,18764.28224460549,9627,39432192,7.519934260360316,21068.141919185622,21908,118968320,22.687908028686547,19776.66388999452,2220,22622208,4.314178551986084,16183.098504504504,2254,9232384,1.7606660250184016,18085.384888642413,4474,31854592,6.074844577004485,17141.46987460885,0,0,0,0,10131,147484672,28.126132015455894,29335.62721281216,10131,147484672,28.126132015455894,29335.62721281216,
458,9006.341942960265,17672,121974784,23.25591445559746,4959.678587765958,27377,246841344,47.06317971564275,60009.11334306169,45049,368816128,70.31909417124021,38414.10322084841,14927,94408704,18.000119959940424,4579.983394988946,11933,48877568,9.319078115404967,7227.571330009218,26860,143286272,27.319198075345387,5756.218198734177,2745,27566080,5.255794495657037,7024.418166120219,2796,11452416,2.1835366136488967,11741.833216380544,5541,39018496,7.439331109305933,9404.83550604584,0,0,0,0,12648,186511360,35.56056498658888,120476.97040156546,12648,186511360,35.56056498658888,120476.97040156546,
463,8490.829986808661,16753,114208768,21.78213145452549,2633.7070863725903,25704,231682048,44.18687736119949,7821.831462418301,42457,345890816,65.96900881572498,5774.662616953624,14136,88076288,16.798091047113353,3024.986804329372,11056,45285376,8.636920179364983,4399.983592257598,25192,133361664,25.435011226478338,3628.430932915211,2617,26132480,4.984040407412138,520.1686480703095,2667,10924032,2.083453881907237,682.91675928009,5284,37056512,7.067494289319375,602.3127079863739,0,0,0,0,11981,175472640,33.46650329992727,12568.63352950505,11981,175472640,33.46650329992727,12568.63352950505,
468,6824.4915467165265,14472,98910208,17.849479874674056,5131.267496406855,21593,189739008,34.24057711754706,31298.418939887924,36065,288649216,52.090056992221115,20798.182819270758,12238,76771328,13.85426541705383,5756.863103529989,9535,39055360,7.047987021907286,9008.809594546408,21773,115826688,20.902252438961114,7180.98057892803,2234,22138880,3.9952144576202286,1704.2133155774395,2248,9207808,1.6616544127160544,3810.297596085409,4482,31346688,5.656868870336283,2760.544744087461,0,0,0,0,9810,141475840,25.53093568292372,59262.20302640163,9810,141475840,25.53093568292372,59262.20302640163,
473,9727.941150526223,19151,131784704,25.13475193899359,6390.0939404730825,29491,267816960,51.07962191617753,45954.8767832559,48642,399601664,76.21437385517112,30377.69746862793,16109,101052416,19.273309662675167,7038.9054077844685,12773,52318208,9.978435585154632,10236.04127252799,28882,153370624,29.2517452478298,8452.83160404404,3042,30732288,5.861442276318422,2954.293833004602,3020,12369920,2.359263717777107,3095.3562705298013,6062,43102208,8.220705994095528,3024.5690823160676,0,0,0,0,13698,203128832,38.74192261324579,88710.93153044241,13698,203128832,38.74192261324579,88710.93153044241,
478,5646.282802547885,11360,76742656,14.620106938314994,3274.6077698943664,16905,149733376,28.525439220593665,87564.8318671399,28265,226476032,43.14554615890866,53687.70659755882,9630,60100608,11.449659965088381,1184.5782760124612,7414,30367744,5.785304912503595,2538.608504720799,17044,90468352,17.234964877591974,1773.5703034498943,1730,16642048,3.1704469732266127,14908.70258265896,1768,7241728,1.3796087247513293,13919.024097850679,3498,23883776,4.5500556979779425,14408.487728130362,0,0,0,0,7723,112123904,21.360525583338738,186048.60865661013,7723,112123904,21.360525583338738,186048.60865661013,
483,10966.90528635424,21576,146829312,28.004716179262115,1301.779929644049,33260,298946560,57.01799900531273,36537.25187339146,54836,445775872,85.02271518457485,22673.356938343426,18182,113553408,21.658011734250664,1375.2769359256406,14348,58769408,11.209073778560349,2566.164975885141,32530,172322816,32.867085512811016,1900.5416637872731,3394,33275904,6.346704445011449,908.0490609899823,3376,13828096,2.637429124367141,1411.3089985189572,6770,47104000,8.98413356937859,1159.009998818316,0,0,0,0,15536,226349056,43.17149610238524,75543.5815561277,15536,226349056,43.17149610238524,75543.5815561277,
488,8312.373995365379,16530,115916800,22.106646354533815,370.6412889897157,25037,228483072,43.574309079456015,3999.349621759796,41567,344399872,65.68095543398984,2556.3167172757235,13919,89403392,17.0502392219226,189.89448056613261,10877,44552192,8.496607505239021,334.2916591891146,24796,133955584,25.546846727161622,253.2356691401839,2611,26513408,5.056407132611215,1334.1858414400613,2622,10739712,2.0481846905154653,2312.333929061785,5233,37253120,7.10459182312668,1824.287940760558,0,0,0,0,11538,173191168,33.02951688370153,7837.813012740509,11538,173191168,33.02951688370153,7837.813012740509,
493,8214.690297645348,16194,113385472,21.622588683353705,11817.798531987155,24887,222535680,42.437513299855745,48523.73951163258,41081,335921152,64.06010198320945,34054.37391137022,13672,86777856,16.548521199535134,13440.662973888238,10865,44503040,8.486721553523516,20026.889268384723,24537,131280896,25.03524275305865,16357.048379182459,2522,26607616,5.07406748381857,3020.0972434575733,2645,10833920,2.0660265539870872,6643.365032136106,5167,37441536,7.140094037805658,4874.85693013354,0,0,0,0,11377,167198720,31.88476519234514,85474.76951876593,11377,167198720,31.88476519234514,85474.76951876593,
498,7586.887767254451,15047,104710144,19.97000028027769,9319.50272818502,22891,203616256,38.83307322535144,43240.96207885195,37938,308326400,58.80307350562913,29787.005653909007,12705,80015360,15.260286163167919,10776.03274222747,10160,41615360,7.936754922845459,16058.066088287402,22865,121630720,23.197041086013378,13123.089763699978,2342,24694784,4.709714117109772,1418.0450730145176,2330,9543680,1.8201416309281417,2056.5960600858366,4672,34238464,6.529855748037913,1736.5005096318494,0,0,0,0,10401,152457216,29.07617667157784,79020.00217959812,10401,152457216,29.07617667157784,79020.00217959812,
503,9016.17742799307,17471,120532992,22.988766307902928,3195.3744797664704,27612,250122240,47.70479541210767,36423.01337023758,45083,370655232,70.69356172001059,23546.317519131382,14869,94810112,18.082746244232478,3602.0860922052593,11757,48156672,9.184725778435272,5636.8537730713615,26626,142966784,27.26747202266775,4500.559900661008,2602,25722880,4.906020063670452,871.2411341275941,2813,11522048,2.1975532546345513,1163.906327763953,5415,37244928,7.103573318305004,1023.2757028624192,0,0,0,0,13042,190443520,36.32251637903784,71780.83782157645,13042,190443520,36.32251637903784,71780.83782157645,
508,8287.895935992672,16348,113520640,21.6442373381186,673.762256850991,25107,228040704,43.479028308223526,784.4616130561197,41455,341561344,65.12326564634213,740.8067324568809,13887,88088576,16.795272170073197,399.4395559876143,10835,44380160,8.461674600704134,559.9219048454084,24722,132468736,25.25694677077733,469.7747331526576,2461,25432064,4.848965168045405,2221.718106867127,2601,10653696,2.0312704786738762,1731.306357939254,5062,36085760,6.880235646719282,1969.7305606479651,0,0,0,0,11671,173006848,32.986083228845516,781.9035252334847,11671,173006848,32.986083228845516,781.9035252334847,
513,7693.534278478884,15178,104800256,19.98733299607585,8517.748682500987,23293,212815872,40.58789417951665,36846.81411179324,38471,317616128,60.5752271755925,25670.121146032077,12726,79163392,15.09791232764629,9156.453303394625,10129,41488384,7.912596573018537,14670.184781123506,22855,120651776,23.010508900664828,11600.05803487202,2452,25636864,4.889420668429561,5202.840442088092,2449,10031104,1.9131157080977785,7549.543374846877,4901,35667968,6.80253637652734,6375.473676596613,0,0,0,0,10715,161296384,30.762181898400335,64506.738939150724,10715,161296384,30.762181898400335,64506.738939150724,
518,8784.675574194505,17313,119197696,22.73379909220855,5624.819775948709,26613,242532352,46.256613581933706,28385.906494532745,43926,361730048,68.99041267414226,19414.84847971589,14638,92504064,17.642696769816773,6482.6788277087035,11419,46772224,8.92056121212087,10405.334679831858,26057,139276288,26.563257981937642,8201.710457420271,2675,26693632,5.0911023223917775,930.4867667289719,2809,11505664,2.194400249132807,1174.0170694197222,5484,38199296,7.285502571524585,1055.2272153537565,0,0,0,0,12385,184254464,35.14165212068003,51135.87395090835,12385,184254464,35.14165212068003,51135.87395090835,
523,6672.805164997232,13297,89837568,17.126443055635633,33434.72891667293,20084,180359168,34.38328851816002,60804.723834644494,33381,270196736,51.509731573795655,49902.1498427249,11222,69255168,13.20265805793495,34300.233005703085,8758,35872768,6.8387082606691685,37757.50906279973,19980,105127936,20.04136631860412,35815.68964774775,2075,20582400,3.9237849977006816,28753.915959036145,2109,8638464,1.646818419930495,30552.457097676623,4184,29220864,5.570603417631177,29660.494176386233,0,0,0,0,9217,135847936,25.89776183756036,89626.41609026799,9217,135847936,25.89776183756036,89626.41609026799,
528,9818.33598300219,19295,134889472,25.725337134924555,3574.0248906452453,29802,272908288,52.04748459327564,38322.63034128582,49097,407797760,77.7728217282002,24666.514037436093,16325,104562688,19.941588922031887,3877.8096596630935,12726,52125696,9.941110177913576,6421.797164859343,29051,156688384,29.882699099945462,4992.22172778906,2970,30326784,5.78374821289267,1904.2315053872053,3012,12337152,2.3528700185349436,2287.5055076361223,5982,42663936,8.136618231427613,2097.2140020060183,0,0,0,0,14064,208445440,39.75350439682712,74905.9493829636,14064,208445440,39.75350439682712,74905.9493829636,
533,5903.6100581505,11813,82100224,15.657810330671467,4730.701172691103,17708,158056448,30.143862753938862,72289.41915710413,29521,240156672,45.80167308461033,45255.40487744318,9949,62279680,11.877719321385934,5273.266183033471,7832,32079872,6.11813862052579,9407.159270301327,17781,94359552,17.995857941911723,7094.122752376132,1864,19820544,3.7800910092855333,1834.789537553648,1811,7417856,1.4147023802058485,1857.7836416344562,3675,27238400,5.194793389491382,1846.1207817687075,0,0,0,0,8065,118558720,22.611021753207226,149170.45466261625,8065,118558720,22.611021753207226,149170.45466261625,
538,10426.686036847901,20453,141656064,27.012755140289983,6002.894524910771,31692,286285824,54.592571934288344,40629.25269048972,52145,427941888,81.60532707457833,27047.645564963084,17163,109072384,20.799290325895846,6803.886104935035,13690,56074240,10.692939448027118,10465.892095690286,30853,165146624,31.492229773922965,8428.780345801057,3290,32583680,6.213464814394136,1824.347872036474,3163,12955648,2.4705454692556446,2797.3095197597218,6453,45539328,8.684010283649782,2301.2543793584377,0,0,0,0,14839,217255936,41.42908701700558,76521.0811689467,14839,217255936,41.42908701700558,76521.0811689467,
543,8332.806871078685,16498,114388992,21.815368728908783,1645.133571341981,25171,224350208,42.786306849590744,24019.440870565333,41669,338739200,64.60167557849952,15160.785231539034,13952,89149440,17.001879914946098,1793.0001105217889,10957,44879872,8.559136146476655,3356.0636289130234,24909,134029312,25.56101606142275,2480.562315789474,2546,25239552,4.813488813962685,834.8295828750983,2496,10223616,1.9497676208456447,1294.9798245192308,5042,35463168,6.76325643480833,1062.6231178103928,0,0,0,0,11718,169246720,32.27740308226845,48181.318256443075,11718,169246720,32.27740308226845,48181.318256443075,
548,7844.288141833133,15448,105570304,20.134110357672796,19873.10114700932,23777,211107840,40.26197128247288,58466.9665272322,39225,316678144,60.396081640145674,43267.52656818356,13034,80695296,15.390009628172258,20761.372975448823,10429,42717184,8.146916928694406,24596.59352248538,23463,123412480,23.536926556866664,22466.07889903252,2414,24875008,4.7441007295005395,15077.02202029826,2442,10002432,1.9076393843965613,16794.36016871417,4856,34877440,6.651740113897101,15940.642234143328,0,0,0,0,10906,158388224,30.20741496938191,100186.99447460113,10906,158388224,30.20741496938191,100186.99447460113,
553,8720.962863066212,17037,116772864,22.27205063730789,2142.464208428714,26569,243044352,46.35577076242373,14189.682888479054,43606,359817216,68.62782139973162,9482.797032128607,14471,90722304,17.303435741896678,2255.4468326307788,11460,46940160,8.952881556825858,3614.2302965095982,25931,137662464,26.25631729872254,2855.95041891944,2566,26050560,4.96861489541121,1505.2968059236166,2694,11034624,2.1046302717355028,1785.8049027468448,5260,37085184,7.0732451671467125,1648.963880608365,0,0,0,0,12415,185069568,35.29825893386237,26643.22569939589,12415,185069568,35.29825893386237,26643.22569939589,
558,8273.085342943135,16415,112947200,21.541628675438382,1327.4471820895524,24953,222334976,42.40439333205696,4365.440234841502,41368,335282176,63.946022007495344,3159.95154887836,13950,88076288,16.798173759127888,1276.2591166308243,10845,44421120,8.472129210702784,2021.7366982941448,24795,132497408,25.27030296983067,1602.3209989917323,2465,24870912,4.743454916310493,1617.1321772819474,2633,10784768,2.0569032929258118,1435.4282096467907,5098,35655680,6.800358209236305,1523.2862481365241,0,0,0,0,11475,167129088,31.87536082842837,7252.776750413943,11475,167129088,31.87536082842837,7252.776750413943,
563,5941.272512832695,11812,83025920,15.832932852666683,67993.78912241789,17900,163442688,31.16830387863634,73303.74770106145,29712,246468608,47.001236731303024,71192.77466892164,9931,63766528,12.160192335980016,68372.98535364012,7730,31662080,6.03791667247723,68088.73622975421,17661,95428608,18.198109008457244,68248.57304812864,1881,19259392,3.6727405166866673,65991.77010473152,1837,7524352,1.4348839492031917,66749.09985247687,3718,26783744,5.107624465889859,66365.95373749327,0,0,0,0,8333,124256256,23.69550325695592,79586.35021768871,8333,124256256,23.69550325695592,79586.35021768871,
569,8728.957239732039,18480,126992384,22.57969105930653,13823.985424350649,28339,254361600,45.22638416923415,65461.96513684322,46819,381353984,67.80607522854068,45079.85819122578,15649,98648064,17.539971599546462,14371.947251645472,12429,50909184,9.051831382277154,17778.001716228177,28078,149557248,26.591802981823616,15879.67041356222,2831,28344320,5.039719459760069,10795.00109537266,2773,11358208,2.019529199698652,13154.968842769564,5604,39702528,7.059248659458722,11962.77243076374,0,0,0,0,13137,192094208,34.15502358725834,121617.197083124,13137,192094208,34.15502358725834,121617.197083124,
574,10049.731470047218,19846,136970240,26.122742389009968,29817.83378610299,30407,271212544,51.72521724120532,49152.67177797876,50253,408182784,77.84795963021529,41516.92476214355,16779,106201088,20.25449954133524,30690.212217533823,13331,54603776,10.413943743657054,34797.45259155353,30110,160804864,30.668443284992293,32508.665270541347,3067,30769152,5.868242847674727,25045.20982099772,3113,12750848,2.4318210842400725,27611.21610183103,6180,43520000,8.3000639319148,26337.762822977347,0,0,0,0,13963,203857920,38.879452413308194,67660.7272455776,13963,203857920,38.879452413308194,67660.7272455776,
579,8209.71646027631,16087,112914432,21.533876652971262,1683.7459903027288,24967,225026048,42.91464851311115,4916.886448752353,41054,337940480,64.44852516608242,3649.981139767136,13505,85434368,16.293162086105657,1540.812687449093,10794,44212224,8.431699662356143,2078.4579888827125,24299,129646592,24.724861748461798,1779.6432312440843,2582,27480064,5.240714566865607,2431.3502718822615,2533,10375168,1.9786451032747927,2679.7526545598107,5115,37855232,7.2193596701404,2554.361657086999,0,0,0,0,11640,170438656,32.50430374748022,8035.843209621993,11640,170438656,32.50430374748022,8035.843209621993,
584,8250.910041159572,16156,111710208,21.305766062477375,4238.711194974004,25101,226852864,43.26618075034821,10176.724167084976,41257,338563072,64.57194681282559,7851.433002496547,13623,86147072,16.430274330877577,4830.232181164208,10828,44351488,8.458872691838264,7111.914319357222,24451,130498560,24.88914702271584,5840.663418837675,2533,25563136,4.875491731599798,1057.3884966442952,2549,10440704,1.9912880025393183,1450.2633495488428,5082,36003840,6.866779734139116,1254.4443801652892,0,0,0,0,11724,172060672,32.81602005597063,14904.590906687137,11724,172060672,32.81602005597063,14904.590906687137,
589,8266.830292469027,16288,110825472,21.1373359502891,4724.548208435658,25048,227069952,43.30821942847236,17377.161905900673,41336,337895424,64.44555537876147,12391.537464631314,13827,86028288,16.4078599609684,5114.301239892963,10828,44351488,8.458996698441451,7838.75208801256,24655,130379776,24.86685665940985,6310.827452971001,2461,24797184,4.729475989320701,2534.741151970744,2532,10371072,1.978036538645526,1783.6019194312796,4993,35168256,6.707512527966227,2153.8309703585023,0,0,0,0,11688,172347392,32.871186191385384,29591.80901351814,11688,172347392,32.871186191385384,29591.80901351814,
594,6248.8630247694755,12875,89808896,16.36213250452551,15948.889810640776,19835,178266112,32.478004691323505,65772.59700650365,32710,268075008,48.84013719584901,46161.461875145214,10881,69038080,12.577932288779413,16075.288725760502,8659,35467264,6.461721488492492,18946.274626746737,19540,104505344,19.039653777271905,17347.543941555785,1994,20770816,3.7842002157460937,15259.147285356068,2059,8433664,1.5365151339422614,17108.924709567753,4053,29204480,5.320715349688355,16198.868903034789,0,0,0,0,9117,134365184,24.479768068888752,121236.8535323023,9117,134365184,24.479768068888752,121236.8535323023,
599,9419.26704564192,19461,132890624,24.180540471307836,33484.1270098145,29907,271335424,49.37170888242252,50103.16360905474,49368,404226048,73.55224935373035,43551.89413778156,16365,102092800,18.576623451095667,35920.376370974634,13063,53506048,9.73586488030743,42197.524412309576,29428,155598848,28.312488331403095,38706.78335969145,3096,30797824,5.603917020212169,20606.471714147287,3050,12492800,2.273167563724846,20261.754427213113,6146,43290624,7.877084583937014,20435.40309632281,0,0,0,0,13794,205336576,37.362676438390245,64188.10364325069,13794,205336576,37.362676438390245,64188.10364325069,
