5,3483.0952737744037,6830,46833664,8.9325439252018,281.08281844802343,10586,94203904,17.96742852332659,391.329586434914,17416,141037568,26.89997244852839,348.09431855764814,5784,36990976,7.055256619599219,277.02370089903184,4601,18845696,3.5944231764783527,382.6126583351445,10385,55836672,10.64967979607757,323.80413355801636,1046,9842688,1.8772873056025825,303.52826386233266,1099,4501504,0.8585679354378852,383.7978698817106,2145,14344192,2.7358552410404675,344.65474265734264,0,0,0,0,4886,70856704,13.514437411410352,401.23215349979534,4886,70856704,13.514437411410352,401.23215349979534,
10,3477.628076023577,6850,47767552,9.109963211298464,217.6255505109489,10540,97370112,18.569888994939724,320.0556205882353,17390,145137664,27.679852206238188,279.70795066129955,5827,37228544,7.100021919695742,210.99769126480177,4531,18558976,3.5394652126902195,312.8530611344074,10358,55787520,10.63948713238596,255.5532696466499,1023,10539008,2.0099412916027224,255.37778494623655,1107,4534272,0.8647512669274052,317.14407768744354,2130,15073280,2.8746925585301275,287.4788582159624,0,0,0,0,4902,74276864,14.1656725153221,327.37056854345167,4902,74276864,14.1656725153221,327.37056854345167,
15,3514.355771737961,6914,48058368,9.16368342458395,314.5022656927972,10663,98103296,18.70616054736301,424.88267082434584,17577,146161664,27.869843971946956,381.4639918074757,5850,36982784,7.051810929904413,307.77370735042734,4692,19218432,3.6645361483122723,415.2798661551577,10542,56201216,10.716347078216685,355.62220830961866,1064,11075584,2.1118724946795364,351.49668890977443,1028,4210688,0.8028864365867467,415.94277431906613,2092,15286272,2.914758931266283,383.16522418738055,0,0,0,0,4943,74674176,14.238737962463988,435.85709387011934,4943,74674176,14.238737962463988,435.85709387011934,
20,3481.443014225899,6704,47222784,9.006107767311983,247.71987335918854,10705,97296384,18.55590978443307,343.4477999065857,17409,144519168,27.562017551745054,306.58410758802916,5620,36343808,6.931320515166903,238.21877953736654,4669,19124224,3.647282259136061,335.4296232597987,10289,55468032,10.578602774302965,282.33166021965206,1084,10878976,2.07478725214508,296.97831180811806,1136,4653056,0.8874090054355463,337.6041038732394,2220,15532032,2.962196257580626,317.7670054054054,0,0,0,0,4900,73519104,14.021218519861462,352.44276020408165,4900,73519104,14.021218519861462,352.44276020408165,
25,3498.9255470630687,6864,46411776,8.852155386755955,283.62037252331004,10631,97558528,18.607416556504575,405.3129997178064,17495,143970304,27.45957194326053,357.5680329808516,5784,36376576,6.938133614842436,274.61698322959893,4635,18984960,3.621016699109863,391.94269018338724,10419,55361536,10.5591503139523,326.8105384393896,1080,10035200,1.9140217719135197,331.83852407407403,1043,4272128,0.8148264114717555,394.73022914669224,2123,14307328,2.728848183385275,362.73633301931227,0,0,0,0,4953,74301440,14.171573445922958,420.05340238239455,4953,74301440,14.171573445922958,420.05340238239455,
30,3542.892159322719,7032,48226304,9.198157520962482,318.72463978953357,10683,95875072,18.28616214482494,493.4242153889357,17715,144101376,27.48431966578742,424.0769156082416,5937,36974592,7.052129093063388,309.4678022570322,4664,19103744,3.643639092727112,487.14237092624353,10601,56078336,10.6957681857905,387.6372379964154,1095,11251712,2.1460284278990946,368.91445205479454,1092,4472832,0.8530990328597784,457.2190119047619,2187,15724544,2.999127460758873,413.006166438043,0,0,0,0,4927,72298496,13.789424019238048,507.39511142683176,4927,72298496,13.789424019238048,507.39511142683176,
35,3479.599415708002,6826,47890432,9.133848471997753,261.41919850571344,10573,96481280,18.401282993320823,456.2710592074151,17399,144371712,27.535131465318578,379.82650485660093,5741,36986880,7.0542808503369585,256.4905991987458,4591,18804736,3.586512002646398,445.67223328250924,10332,55791616,10.640792852983356,340.5530151955091,1085,10903552,2.0795676216607952,287.49762119815665,1022,4186112,0.798391476084648,439.1653375733855,2107,15089664,2.8779590977454435,361.0640218319886,0,0,0,0,4960,73490432,14.01637951458978,469.60599012096776,4960,73490432,14.01637951458978,469.60599012096776,
40,3455.1838506086738,6807,46907392,8.946315336405185,157.60747098574996,10470,95236096,18.16370746478842,248.50300324737344,17277,142143488,27.110022801193605,212.69088956416044,5798,37171200,7.08940025129908,149.3191581579855,4518,18505728,3.529466703621955,238.09965427180168,10316,55676928,10.618866954921035,188.2015041682823,1009,9736192,1.856915085106106,205.23446580773043,1051,4304896,0.8210423872303397,249.38718553758326,2060,14041088,2.6779574723364457,227.76092621359223,0,0,0,0,4901,72425472,13.813198373936125,257.90374903081005,4901,72425472,13.813198373936125,257.90374903081005,
45,3518.8444348452367,6938,47710208,9.099080574304288,132.75009051599883,10658,94261248,17.977089736990436,215.73716063051228,17596,141971456,27.076170311294725,183.01584371448055,5880,37343232,7.12193660679363,126.41945085034013,4680,19169280,3.655880587890116,209.51997863247863,10560,56512512,10.777817194683745,163.24809384469697,1058,10366976,1.977143967510659,167.9336077504726,1065,4362240,0.831947185064738,219.86943474178403,2123,14729216,2.8090911525753968,193.98714319359397,0,0,0,0,4913,70729728,13.489261964035583,220.7637309179727,4913,70729728,13.489261964035583,220.7637309179727,
50,3467.9291970384475,6891,47906816,9.136786528440924,128.4320449862139,10450,94158848,17.957972701419287,211.4586472727273,17341,142065664,27.09475922986021,178.46537604521077,5801,36970496,7.0510119019927995,121.84354163075332,4544,18612224,3.5497228099551608,203.44013710387324,10345,55582720,10.60073471194796,157.68452083131947,1090,10936320,2.0857746264481247,163.49618073394495,1091,4468736,0.8522771975486532,212.44164894592114,2181,15405056,2.938051823996778,187.98013571756073,0,0,0,0,4815,71077888,13.555972693915471,218.80312398753895,4815,71077888,13.555972693915471,218.80312398753895,
55,3513.3989492585274,6951,47325184,9.026045993544065,151.41851417062293,10617,95498240,18.21380148342391,233.99016445323537,17568,142823424,27.239847476967977,201.31965323315117,5879,36724736,7.00428668669864,136.11606446674605,4548,18628608,3.552921687609348,226.70102682497802,10427,55353344,10.557208374307988,175.62698887503595,1072,10600448,2.021759306845425,235.3393180970149,1144,4685824,0.8936988589764939,224.72186713286715,2216,15286272,2.915458165821919,229.8581069494585,0,0,0,0,4925,72183808,13.76718093683807,242.8742111675127,4925,72183808,13.76718093683807,242.8742111675127,
60,3464.2717630218713,6851,46723072,8.910874451774394,417.75390278791417,10472,95150080,18.14671811297617,630.0297211611917,17323,141873152,27.057592564750564,546.0776556023783,5761,35864576,6.839976917659033,225.53056517965632,4570,18718720,3.569974247796001,414.972924726477,10331,54583296,10.409951165455034,309.3318993321073,1090,10858496,2.070897534115361,1433.7159651376146,1088,4456448,0.8499194708100763,2299.6665045955883,2178,15314944,2.920817004925437,1866.293645087236,0,0,0,0,4814,71974912,13.726824394370093,456.8358572912339,4814,71974912,13.726824394370093,456.8358572912339,
65,3447.399856851215,6891,47271936,9.015359828169384,250.2364276592657,10348,91406336,17.43235160951633,529.5224836683417,17239,138678272,26.447711437685715,417.8825850687395,5840,36347904,6.93200789491163,247.4055020547945,4576,18743296,3.5745850943335156,520.0494641608392,10416,55091200,10.506592989245144,367.1845698924731,1051,10924032,2.0833519332577546,265.96678496669836,1040,4259840,0.8124057032576172,514.9912567307692,2091,15183872,2.8957576365153717,389.82400669536105,0,0,0,0,4732,68403200,13.045360811925198,541.876882079459,4732,68403200,13.045360811925198,541.876882079459,
70,3485.6472582400147,6926,48091136,9.172254319981247,312.5258608143228,10503,95371264,18.189827918102665,583.9057121774731,17429,143462400,27.36208223808391,476.0637906362958,5888,37883904,7.225464628694878,300.9605173233696,4475,18329600,3.495940557185596,575.6060607821229,10363,56213504,10.721405185880474,419.55926353372575,1038,10207232,1.94678969128637,378.12965895953755,1033,4231168,0.8069958872788203,525.8710803484995,2071,14438400,2.75378557856519,451.8220241429261,0,0,0,0,4995,72810496,13.886891473638247,603.3432926926927,4995,72810496,13.886891473638247,603.3432926926927,
75,3499.0368062777748,6963,48652288,9.27872438511053,340.57149561970414,10534,95494144,18.212172109316963,675.9378700398709,17497,144146432,27.490896494427492,542.4775016860033,5858,37339136,7.121135838917965,334.7796222260157,4578,18751488,3.5761912977804347,662.2729866754041,10436,56090624,10.6973271366984,478.44238788807974,1105,11313152,2.1575885461925646,371.27628687782806,1033,4231168,0.806947490303012,641.5746176185867,2138,15544320,2.9645360364955766,501.8741239476146,0,0,0,0,4923,72511488,13.829033321233517,695.8556185252895,4923,72511488,13.829033321233517,695.8556185252895,
80,3542.714206798597,6947,48254976,9.203683366240657,432.4097675255506,10767,96432128,18.392523341940734,734.7517687378099,17714,144687104,27.59620670818139,616.1805887433669,5842,37261312,7.106859144613467,399.9873000684697,4663,19099648,3.642880531090755,716.7925843877332,10505,56360960,10.749739675704221,540.6120540694908,1105,10993664,2.0968242216271897,603.8233918552037,1117,4575232,0.8726351175698849,681.2405120859445,2222,15568896,2.9694593391970745,642.74099909991,0,0,0,0,4987,72757248,13.877007693280094,763.5297415279728,4987,72757248,13.877007693280094,763.5297415279728,
85,3482.240033186841,6872,48205824,9.193580889317593,309.01259458672877,10541,93822976,17.893462813383362,707.4228730670715,17413,142028800,27.087043702700953,550.1911821627519,5764,36339712,6.930533575497127,302.61763237335185,4598,18833408,3.591816206056784,713.271991953023,10362,55173120,10.52234978155391,484.8400552016985,1108,11866112,2.2630473138204663,342.28025,1059,4337664,0.827258234496332,627.9339140698772,2167,16203776,3.090305548316798,481.8774951545916,0,0,0,0,4884,70651904,13.474388372830244,719.1518982391482,4884,70651904,13.474388372830244,719.1518982391482,
90,3440.579385842868,6816,47374336,9.033257872578027,324.9826421654929,10392,94359552,17.992319004891925,598.8150587952271,17208,141733888,27.025576877469952,490.3514516503952,5826,37007360,7.056500508277924,289.6172262272571,4487,18378752,3.504429195422584,578.0070695342099,10313,55386112,10.560929703700507,415.0904374090953,990,10366976,1.9767573643001024,533.1027565656565,1064,4358144,0.8310034909582414,589.5012650375941,2054,14725120,2.8077608552583437,562.317952775073,0,0,0,0,4841,71622656,13.656886318511098,620.1485279900847,4841,71622656,13.656886318511098,620.1485279900847,
95,3496.37001647233,6960,48242688,9.200957281272144,228.49782068965516,10523,94633984,18.048812788802138,401.51956457284047,17483,142876672,27.249770070074284,332.6394331636447,5850,36851712,7.02844393442057,208.67138068376067,4636,18989056,3.6216367767004294,389.7433349870578,10486,55840768,10.650080711121,288.7256988365439,1110,11390976,2.172513346851573,332.98851801801806,1097,4493312,0.8569748800777331,394.06918413855976,2207,15884288,3.0294882269293066,363.34895786135024,0,0,0,0,4790,71151616,13.570201132023977,414.62346179540714,4790,71151616,13.570201132023977,414.62346179540714,
100,3483.572907972273,6840,48140288,9.181432717909978,151.0143989766082,10579,96870400,18.475358102490514,233.65483401077609,17419,145010688,27.65679082040049,201.2040288191056,5782,36839424,7.026104472465102,145.084011933587,4583,18771968,3.580235356605244,226.3500052367445,10365,55611392,10.606339829070347,181.01667448142788,1058,11300864,2.1553282454448763,183.42413232514178,1081,4427776,0.8444761991032661,232.8064717853839,2139,15728640,2.9998044445481424,208.3807985039738,0,0,0,0,4915,73670656,14.050646546782001,240.65282177009158,4915,73670656,14.050646546782001,240.65282177009158,
105,3510.15318006899,6909,48533504,9.256380378357315,535.1918768273267,10643,94691328,18.059667616411883,646.0238134924363,17552,143224832,27.3160479947692,602.3969988605287,5804,36958208,7.048723111985657,529.9624755341144,4649,19042304,3.631775878047359,643.4422858679286,10453,56000512,10.680498990033016,580.4329278675978,1105,11575296,2.207657266371658,562.6592479638009,1124,4603904,0.8780632581039431,694.8273362989324,2229,16179200,3.085720524475601,629.3065926424406,0,0,0,0,4870,71045120,13.549828480260581,637.2242985626283,4870,71045120,13.549828480260581,637.2242985626283,
110,3498.073661909622,6745,46190592,8.809334420144477,155.19998354336548,10747,96722944,18.44671659105185,240.09982534660836,17492,142913536,27.256051011196327,207.36203475874686,5674,35868672,6.840768069274203,151.1585015861826,4706,19275776,3.6762195425379014,231.6182203569911,10380,55144448,10.516987611812105,187.6366746628131,1071,10321920,1.9685663508702744,176.61115873015873,1101,4509696,0.8600760128207032,232.55328519527703,2172,14831616,2.8286423636909777,204.9685626151013,0,0,0,0,4940,72937472,13.910421035693243,249.86160141700404,4940,72937472,13.910421035693243,249.86160141700404,
115,3492.3856722912915,7032,47853568,9.126783639288057,13809.93950824801,10431,94085120,17.94421126375474,15032.678832230851,17463,141938688,27.0709949030428,14540.30622006528,5969,36913152,7.040192943359066,13508.70817205562,4537,18583552,3.544313735466054,14001.532983469253,10506,55496704,10.58450667882512,13721.533811631449,1063,10940416,2.0865906959289906,15501.425722483536,1047,4288512,0.8179185543383202,15660.53694078319,2110,15228928,2.904509250267311,15580.378066350711,0,0,0,0,4847,71213056,13.581978973950369,15862.25202723334,4847,71213056,13.581978973950369,15862.25202723334,
120,3489.639393925662,6879,46813184,8.927983666094285,299.70439874981827,10571,95854592,18.280923418841407,556.5428847791127,17450,142667776,27.208907084935692,455.2940626934097,5814,36364288,6.9352208406321685,278.708237874097,4614,18898944,3.6043150437797733,540.6589794104898,10428,55263232,10.539535884411942,394.61164422708094,1065,10448896,1.9927628254621157,414.32569389671363,1043,4272128,0.8147595558435855,526.203815915628,2108,14721024,2.8075223813057013,469.6809506641366,0,0,0,0,4914,72683520,13.861848819218048,577.8965657305657,4914,72683520,13.861848819218048,577.8965657305657,
125,3491.001671123722,6909,48246784,9.201293867647632,280.82045867708786,10548,95678464,18.247136722504543,525.3604164770572,17457,143925248,27.448430590152174,428.57823348799906,5863,37122048,7.079660949358221,275.8968374552277,4514,18489344,3.5261601594839465,521.840659725299,10377,55611392,10.605821108842168,382.8825186470078,1046,11124736,2.1216329182894107,308.41815583173997,1096,4489216,0.8561523116513968,498.5696541970803,2142,15613952,2.977785229940807,405.7132268907563,0,0,0,0,4938,72699904,13.8648242513692,534.5242191170514,4938,72699904,13.8648242513692,534.5242191170514,
130,3466.933717302135,6785,46473216,8.863381735557066,441.86515151068534,10551,96149504,18.33765405080791,709.2782882191261,17336,142622720,27.201035786364976,604.6175745269959,5734,36052992,6.87603437655326,436.8127950819672,4565,18698240,3.56613234821241,705.397770208105,10299,54751232,10.44216672476567,555.8622573065346,1051,10420224,1.9873473590038053,469.42957754519506,1057,4329472,0.8257178295860936,674.953578051088,2108,14749696,2.8130651885898987,572.4840692599621,0,0,0,0,4929,73121792,13.945803873009407,720.2330018259282,4929,73121792,13.945803873009407,720.2330018259282,
135,3463.805954126644,6867,47542272,9.067460781779545,301.56210601427114,10453,93814784,17.892747630385,599.6996833444945,17320,141357056,26.960208412164544,481.49467505773674,5775,36200448,6.9043007141696915,295.1957994805195,4529,18550784,3.5380830430498453,580.921833738132,10304,54751232,10.442383757219536,420.783261548913,1092,11341824,2.1631600676098524,335.23007326007325,1035,4239360,0.8085484543070413,575.6974937198067,2127,15581184,2.9717085219168937,452.2417235543018,0,0,0,0,4889,71024640,13.546116133028113,622.1760889752507,4889,71024640,13.546116133028113,622.1760889752507,
140,3478.4076398834254,6956,47366144,9.033875415848854,323.72389102932715,10437,96083968,18.32554907514549,769.9018069368593,17393,143450112,27.35942449099434,591.4614238486747,5878,37269504,7.108200657973774,319.27735981626404,4587,18788352,3.5833955839241347,701.4729385219098,10465,56057856,10.691596241897908,486.80063927376966,1078,10096640,1.92567475787508,347.96944805194806,981,4018176,0.7663638691583989,592.9210489296636,2059,14114816,2.692038627033479,464.6753831957261,0,0,0,0,4869,73277440,13.975789622062953,870.0253113575683,4869,73277440,13.975789622062953,870.0253113575683,
145,3523.7203109986995,6966,48529408,9.254464909965302,517.3742839506173,10656,95690752,18.248042642353933,727.3390712274775,17622,144220160,27.502507552319233,644.3397120077176,5884,37064704,7.068167873926065,345.9096337525493,4706,19275776,3.675853466095266,574.082780280493,10590,56340480,10.74402134002133,447.3055570349386,1082,11464704,2.186297036039237,1449.8123632162662,1041,4263936,0.8131244067584301,1998.687934678194,2123,15728640,2.9994214427976673,1718.9501257654263,0,0,0,0,4909,72151040,13.759064769500236,604.6562312079853,4909,72151040,13.759064769500236,604.6562312079853,
150,3509.5022795791083,6858,49131520,9.369764922442887,183.6638983668708,10692,97538048,18.601268203262396,434.17281313131315,17550,146669568,27.971033125705283,336.28163720797716,5820,38092800,7.264594729363806,178.86028608247423,4657,19075072,3.637765339209381,427.1570762293322,10477,57167872,10.902360068573186,289.22758127326523,1038,11038720,2.1051701930790814,210.59744701348748,1061,4345856,0.8287887105220427,387.6661790763431,2099,15384576,2.933958903601124,300.1019371129109,0,0,0,0,4974,74117120,14.134714153530973,450.6617205468436,4974,74117120,14.134714153530973,450.6617205468436,
155,3520.271110905708,6931,47874048,9.130915686131617,300.5536400230847,10671,95256576,18.168084804643815,518.2359298097648,17602,143130624,27.29900049077543,432.5209002386092,5831,35872768,6.841936993424085,297.3331030697994,4641,19009536,3.625648502681112,494.97298922645984,10472,54882304,10.467585496105198,384.9235071619557,1100,12001280,2.2889786927075324,317.62541363636365,1099,4501504,0.8585623151145317,490.4260045495905,2199,16502784,3.1475410078220643,403.9864183719872,0,0,0,0,4931,71745536,13.68387398684817,546.3288957615089,4931,71745536,13.68387398684817,546.3288957615089,
160,3449.580633578433,6803,47853568,9.126763359039119,283.80435175657794,10446,92114944,17.568414035900943,633.4931130576297,17249,139968512,26.695177394940064,495.5759791292249,5746,36818944,7.0222096922368085,276.2653863557257,4573,18731008,3.572429071376007,626.6454170129018,10319,55549952,10.594638763612815,431.54088593855994,1057,11034624,2.10455366680231,324.78722327341535,1020,4177920,0.7968243281879569,556.3507705882354,2077,15212544,2.9013779949902667,438.50644246509387,0,0,0,0,4853,69206016,13.19916063633698,656.1594438491654,4853,69206016,13.19916063633698,656.1594438491654,
165,3469.4248738406436,6829,46436352,8.85658419619953,227.68329887245568,10519,93384704,17.810819713253334,495.00797243083946,17348,139821056,26.667403909452865,389.7762341480286,5786,36216832,6.907463831948156,199.48760214310406,4649,19042304,3.6318479252122793,483.367020004302,10435,55259136,10.539311757160435,325.96152774317204,1043,10219520,1.949120364251374,384.09777756471715,1012,4145152,0.7905850936362286,474.01729347826085,2055,14364672,2.7397054578876023,428.3793104622871,0,0,0,0,4858,70197248,13.388386694404828,510.52080794565666,4858,70197248,13.388386694404828,510.52080794565666,
170,3517.872894810324,6797,46903296,8.945261985548589,245.0535015447992,10794,99811328,19.035729985490175,618.4450150083379,17591,146714624,27.980991971038765,474.1699813541015,5736,36843520,7.026690381626893,237.0438530334728,4634,18980864,3.6199759008848273,581.4712984462667,10370,55824384,10.64666628251172,390.9567539054966,1061,10059776,1.9185716039216953,288.35542789820926,1095,4485120,0.8553892126605279,497.5908776255707,2156,14544896,2.7739608165822234,394.6229684601113,0,0,0,0,5065,76345344,14.56036487194482,678.3998981243831,5065,76345344,14.56036487194482,678.3998981243831,
175,3532.1770980875294,6987,48807936,9.30826053685914,244.5187060254759,10676,97251328,18.546998147586987,518.4187737916823,17663,146059264,27.855258684446124,410.0713937609693,5879,37085184,7.0725907100304335,240.71854771219594,4637,18993152,3.622222567087599,516.883153763209,10516,56078336,10.694813277118032,362.4925376569038,1108,11722752,2.2356698268287056,264.68218140794227,1074,4399104,0.8389620524158036,472.9561545623836,2182,16121856,3.0746318792445093,367.19650183318055,0,0,0,0,4965,73859072,14.085813528083584,529.6871570996979,4965,73859072,14.085813528083584,529.6871570996979,
180,3537.300486155936,7012,49291264,9.400766508897393,262.64964617798057,10676,96763904,18.454687386254946,584.484342544024,17688,146055168,27.855453895152337,456.9003934871099,5927,38080512,7.262666298256528,257.44613244474436,4679,19165184,3.6551592567002578,585.0876629621714,10606,57245696,10.917825554956787,401.99023213275507,1085,11210752,2.1381002106408644,291.07473917050686,1084,4440064,0.8468032986242956,546.7634843173432,2169,15650816,2.9849035092651603,418.86017012448133,0,0,0,0,4913,73158656,13.952724830930391,592.232454508447,4913,73158656,13.952724830930391,592.232454508447,
185,3501.1753988979253,6780,46313472,8.833027109544316,256.27802315634216,10727,96264192,18.359759717742154,540.0202009881607,17507,142577664,27.192786827286472,430.1343287256526,5743,36372480,6.937054986535203,252.69743391955421,4752,19464192,3.7122618576593784,549.2535454545454,10495,55836672,10.649316844194582,386.97419828489757,1037,9940992,1.8959721230091144,276.10765091610415,1054,4317184,0.8233846797081198,497.1512855787476,2091,14258176,2.7193568027172343,387.52801960784313,0,0,0,0,4921,72482816,13.824113180374656,540.2857941475311,4921,72482816,13.824113180374656,540.2857941475311,
190,3501.384127763817,6901,47673344,9.092408172122001,257.93133125633966,10607,96788480,18.45979939060425,477.08245102290937,17508,144461824,27.55220756272625,390.70126085218186,5835,37261312,7.106593104372698,245.76607540702656,4644,19021824,3.627901327548292,472.0614071920758,10479,56283136,10.734494431920991,346.05384340108793,1066,10412032,1.9858150677493018,324.5207007504691,1045,4280320,0.8163559188819908,453.6131033492823,2111,14692352,2.8021709866312925,388.4248034107058,0,0,0,0,4918,73486336,14.015542144173967,486.8106323708825,4918,73486336,14.015542144173967,486.8106323708825,
195,3484.626317164324,6950,47296512,9.020644137642504,289.86893697841725,10474,93601792,17.852235198181912,605.0243486729044,17424,140898304,26.872879335824415,479.3166976584022,5873,36462592,6.954340877569376,268.02763170441,4684,19185664,3.6591926163261013,576.2966637489326,10557,55648256,10.613533493895478,404.80248688074266,1077,10833920,2.0663032600731293,408.97198792943357,996,4079616,0.7780862181598628,565.709202811245,2073,14913536,2.8443894782329924,484.27843560057886,0,0,0,0,4794,70336512,13.414956363695946,641.260969753859,4794,70336512,13.414956363695946,641.260969753859,
200,3461.381561890299,6848,46731264,8.912203875062833,484.32971130257005,10461,94646272,18.050161709271354,534.021087945703,17309,141377536,26.962365584334187,514.3615728233867,5804,36343808,6.931193354670218,246.0708394210889,4445,18206720,3.4722364996629236,504.61448863892014,10249,54550528,10.403429854333142,358.2014395550786,1044,10387456,1.981010520392615,1808.9029798850574,1101,4509696,0.8600522803439548,751.8687711171663,2145,14897152,2.84106280073657,1266.341365034965,0,0,0,0,4915,71929856,13.717872929264477,511.8160085452696,4915,71929856,13.717872929264477,511.8160085452696,
205,3525.1950957289873,6881,47398912,9.038561234351922,280.7937536695248,10749,97955840,18.67932871755325,612.824456693646,17630,145354752,27.717889951905175,483.23266613726605,5775,36536320,6.967159195508049,274.98968138528136,4673,19140608,3.6499478610548333,622.3246148084742,10448,55676928,10.617107056562883,430.3396185872894,1106,10862592,2.071402038843873,311.0998273056058,1105,4526080,0.8630841828516137,565.3151773755657,2211,15388672,2.9344862216954866,438.150013568521,0,0,0,0,4971,74289152,14.166296673646803,614.454614564474,4971,74289152,14.166296673646803,614.454614564474,
210,3505.816967760207,6910,48013312,9.156812061510045,171.0273024602026,10621,94642176,18.049590470333655,279.2791460314471,17531,142655488,27.2064025318437,236.6107164451543,5874,37167104,7.088288060581995,153.4285663942799,4554,18653184,3.5574238293906113,266.7450946420729,10428,55820288,10.645711889972606,202.91489835059457,1036,10846208,2.0685240009280497,270.8100974903475,1115,4567040,0.8709985880040693,271.2852726457399,2151,15413248,2.9395225889321193,271.05641097164107,0,0,0,0,4952,71421952,13.621168052938975,292.6057289983845,4952,71421952,13.621168052938975,292.6057289983845,
215,3520.517184180733,6947,47063040,8.975841438344228,214.14055362026775,10657,96284672,18.36336855449589,395.5404948859904,17604,143347712,27.339209992840118,323.9553215178368,5880,36728832,7.004906020681696,206.2302649659864,4476,18333696,3.4965941060077252,392.2555929401251,10356,55062528,10.501500126689422,286.6328690614137,1067,10334208,1.9709354176625316,257.7323973758201,1146,4694016,0.8952405821011736,384.62758987783593,2213,15028224,2.8661759997637053,323.444955264347,0,0,0,0,5035,73256960,13.97153386638699,400.9445485600794,5035,73256960,13.97153386638699,400.9445485600794,
220,3520.0141608523777,6986,48037888,9.162016291349898,313.3874695104494,10615,94248960,17.975613477486455,578.6400224211021,17601,142286848,27.13762976883635,473.35882620305665,5923,37568512,7.165246710799903,296.191569812595,4744,19431424,3.7060543388611795,557.5933832209107,10667,56999936,10.871301049661083,412.4463933627074,1063,10469376,1.9967695805499948,409.20244026340544,1025,4198400,0.8007389749858156,553.2488263414633,2088,14667776,2.7975085555358103,479.9148663793103,0,0,0,0,4846,70619136,13.46882016363946,604.6142758976475,4846,70619136,13.46882016363946,604.6142758976475,
225,3520.523915326302,6915,48005120,9.155011956747074,412.59910802603036,10690,97722368,18.636542258026598,735.8605104770814,17605,145727488,27.791554214773672,608.8879119000284,5803,36679680,6.995147787770483,201.46485679820782,4641,19009536,3.6252909975480523,411.5550258564964,10444,55689216,10.620438785318536,294.8226195901953,1112,11325440,2.1598641689765925,1514.4085143884893,1096,4489216,0.8561342239415354,3412.7313503649634,2208,15814656,3.0159983929181275,2456.6919510869566,0,0,0,0,4953,74223616,14.155117036537009,447.3992372299616,4953,74223616,14.155117036537009,447.3992372299616,
230,3504.889453475842,6914,47935488,9.142158719997205,1028.0145873589818,10612,94773248,18.07496098977145,1337.5643676969469,17526,142708736,27.217119709768657,1215.4471029898436,5840,37695488,7.18920675896217,1004.0466671232876,4652,19054592,3.6340530090939924,1363.2916921754083,10492,56750080,10.823259768056163,1163.3306793747618,1074,10240000,1.9529519610350348,1158.3429432029795,1108,4538368,0.8655483091307273,1350.7039016245487,2182,14778368,2.818500270165762,1256.022109990834,0,0,0,0,4852,71180288,13.575359671546734,1309.8969899010717,4852,71180288,13.575359671546734,1309.8969899010717,
235,3496.8394712897593,6916,46170112,8.805845751800241,322.00326604973975,10569,94887936,18.097606696788894,610.9064025924876,17485,141058048,26.903452448589135,496.63393520160133,5823,36487168,6.9590555320295024,306.48102902284046,4653,19058688,3.634989379269564,593.6073316140125,10476,55545856,10.594044911299067,434.01049503627337,1093,9682944,1.846790219770739,404.69858737419946,1096,4489216,0.8562106941069078,590.1325720802919,2189,14172160,2.7030009138776467,497.54264732754683,0,0,0,0,4820,71340032,13.60640662341242,632.3297834024896,4820,71340032,13.60640662341242,632.3297834024896,
240,3501.692595765527,6916,47734784,9.102848562559657,258.73750766338924,10596,96215040,18.347855906515047,472.25153378633445,17512,143949824,27.450704469074708,387.92861209456373,5794,36757504,7.009521451897235,250.67888194684156,4585,18780160,3.5813077620847804,453.18059607415483,10379,55537664,10.590829213982015,340.13551160998173,1122,10977280,2.0933271106624236,300.3521934046346,1042,4268032,0.8138980781008378,448.82552783109406,2164,15245312,2.9072251887632614,371.8444366913124,0,0,0,0,4969,73166848,13.95265006632943,494.76112276111894,4969,73166848,13.95265006632943,494.76112276111894,
245,3446.6483240365337,6800,47226880,9.007416112440623,288.93620338235297,10434,92798976,17.699221113916284,475.9837745830937,17234,140025856,26.706637226356907,402.18062475339445,5735,36560896,6.973130634834779,271.46981743679163,4629,18960384,3.6162471105366563,456.0860162022035,10364,55521280,10.589377745371435,353.92720686993437,1065,10665984,2.0342854776058443,382.9922816901408,1025,4198400,0.800746011730411,446.9072604878049,2090,14864384,2.8350314893362554,414.3381444976077,0,0,0,0,4780,69640192,13.282227991649217,501.487990167364,4780,69640192,13.282227991649217,501.487990167364,
250,3438.754458443787,6668,45641728,8.703834819127046,244.6391673665267,10529,94416896,18.005213714053443,479.9618239149017,17197,140058624,26.70904853318049,388.7173351165901,5669,35491840,6.768260675557377,242.24598377138824,4538,18587648,3.5446470797091028,467.4662838254738,10207,54079488,10.31290775526648,342.37821867345934,999,10149888,1.9355741435696687,258.21970570570573,1093,4476928,0.8537459801943696,457.7288444647759,2092,14626816,2.789320123764038,362.45655497131935,0,0,0,0,4898,71352320,13.60682065414997,496.50029011841565,4898,71352320,13.60682065414997,496.50029011841565,
255,3509.412162925274,6904,49299456,9.40262173595473,267.9987859212051,10644,94777344,18.076376233653747,587.7304725667043,17548,144076800,27.478997969608475,461.93678869386827,5844,38113280,7.2691421778878995,260.67549880219025,4615,18903040,3.6052757819401027,520.4990494041169,10459,57016320,10.874417959828003,375.3218020843293,1060,11186176,2.13347955806683,308.37358773584907,1030,4218880,0.8046444323723306,502.15788834951456,2090,15405056,2.9381239904391605,403.8749416267943,0,0,0,0,4999,71655424,13.666456019341313,667.4289681936388,4999,71655424,13.666456019341313,667.4289681936388,
260,3547.0172825221616,6901,47468544,9.052419084193655,376.2528011882336,10837,96026624,18.31261653376789,600.2644483713204,17738,143495168,27.365035617961546,513.1123242755666,5867,36343808,6.930892616623549,341.29156349071076,4758,19488768,3.7165769266195023,593.0493587641866,10625,55832576,10.647469543243052,454.03166607058824,1034,11124736,2.121526467570107,574.6257040618956,1068,4374528,0.8342379482197623,636.9816853932584,2102,15499264,2.955764415789869,606.3080009514748,0,0,0,0,5011,72163328,13.761801658928624,599.2896703252843,5011,72163328,13.761801658928624,599.2896703252843,
265,3497.4821459865148,6719,48320512,9.214514981857391,267.32851823187974,10772,96452608,18.393099838329903,527.7750422391385,17491,144773120,27.607614820187294,427.7270064032931,5669,36651008,6.989190477041616,260.86973116951845,4683,19181568,3.657842982117332,486.308489643391,10352,55832576,10.647033459158948,362.8528944165379,1050,11669504,2.225324504815776,302.1998171428571,1055,4321280,0.8240496148054207,490.59572701421797,2105,15990784,3.0493741196211968,396.6215201900238,0,0,0,0,5034,72949760,13.91120724140715,574.1421545490663,5034,72949760,13.91120724140715,574.1421545490663,
270,3502.583805842407,6881,47591424,9.075747093747085,294.845510681587,10635,94167040,17.957778267083697,508.312634696756,17516,141758464,27.033525360830783,424.45403225622283,5800,36368384,6.935498618244287,286.6019131034483,4644,19021824,3.627486832202553,492.8565378983635,10444,55390208,10.562985450446838,378.3145210647262,1081,11223040,2.140248475502798,339.0757289546716,1099,4501504,0.8584427279480201,475.21374613284803,2180,15724544,2.9986912034508184,407.70677522935785,0,0,0,0,4892,70643712,13.471848706933123,530.4209323385118,4892,70643712,13.471848706933123,530.4209323385118,
275,3507.401392694658,6884,47194112,9.00105281358422,325.6763550261476,10654,97947648,18.68097343614298,668.5591964520369,17538,145141760,27.6820262497272,533.9711316569734,5786,36270080,6.917577040816548,317.7036500172831,4607,18870272,3.5990149550583665,641.66229911005,10393,55140352,10.516591995874915,461.30775820263636,1098,10924032,2.0834757727676716,367.6891703096539,1060,4341760,0.8280781099114106,614.3326339622641,2158,15265792,2.9115538826790823,488.8393424467099,0,0,0,0,4987,74735616,14.253880371173205,704.9325997593744,4987,74735616,14.253880371173205,704.9325997593744,
280,3472.706208360232,6908,46546944,8.877373972386462,465.74661436016214,10457,94638080,18.049254279478106,656.2457937266902,17365,141185024,26.926628251864567,580.4629932047221,5859,36552704,6.971285227875465,443.48617357910905,4535,18575360,3.5426690394907254,654.1981914002205,10394,55128064,10.513954267366191,535.4218096016933,1049,9994240,1.9060887445109966,590.0782850333651,1050,4300800,0.8202431072690765,673.3931323809524,2099,14295040,2.726331851780073,631.755555026203,0,0,0,0,4872,71761920,13.686342132718304,654.4562146962232,4872,71761920,13.686342132718304,654.4562146962232,
285,3483.3819765154426,6935,46727168,8.911942205102159,287.75899005046864,10483,94347264,17.99418625108022,497.79113354955643,17418,141074432,26.906128456182376,414.1665546561029,5851,36225024,6.908942572047992,244.0400589642796,4503,18444288,3.517748575523757,495.1091345769487,10354,54669312,10.426691147571749,353.23110083059686,1084,10502144,2.002999633054167,523.7363570110701,1106,4530176,0.8640084220584666,487.99521157323693,2190,15032320,2.8670080551126333,505.6862625570776,0,0,0,0,4874,71372800,13.612429253497995,502.4918580221584,4874,71372800,13.612429253497995,502.4918580221584,
290,3475.0019774435063,6879,46919680,8.948193834616017,197.40129335659253,10498,97042432,18.507255201197964,479.48361735568676,17377,143962112,27.455449035813977,367.8162232836508,5820,36298752,6.922644588595996,190.65906632302404,4595,18821120,3.589432620694945,464.5747301414581,10415,55119872,10.512077209290942,311.5080797887662,1059,10620928,2.02554924602002,234.4548923512748,1017,4165632,0.7944402557664328,455.27788003933136,2076,14786560,2.819989501786453,342.6326276493256,0,0,0,0,4886,74055680,14.123382324736584,498.54288293082277,4886,74055680,14.123382324736584,498.54288293082277,
295,3358.8218549245003,6692,46759936,8.861818843511976,257.65481784219963,10210,93331456,17.68792958726909,442.7936308521058,16902,140091392,26.549748430781065,369.4917176665483,5658,36532224,6.923490037253269,259.2070081300813,4447,18214912,3.452041730649769,441.5402412862604,10105,54747136,10.375531767903038,339.44806580900547,1034,10227712,1.9383288062587076,249.16130464216633,975,3993600,0.7568564621955306,414.73607487179487,2009,14221312,2.6951852684542383,329.51740268790445,0,0,0,0,4788,71122944,13.479031394423789,449.6712291144528,4788,71122944,13.479031394423789,449.6712291144528,
300,3669.7037277082413,7206,48566272,9.261019379375266,1474.467823480433,11147,100454400,19.155477800386137,1552.2111653359648,18353,149020672,28.416497179761404,1521.6865360431536,6063,37662720,7.181839689074436,1528.5967666171862,4854,19881984,3.7912615389632744,1490.2619742480429,10917,57544704,10.97310122803771,1511.5520581661629,1143,10903552,2.0791796903008315,1187.3429046369204,1102,4513792,0.8607272797563924,1654.3115671506353,2245,15417344,2.939906970057224,1416.563156792873,0,0,0,0,5191,76058624,14.50348898166647,1588.463665960316,5191,76058624,14.50348898166647,1588.463665960316,
305,3460.6070505903735,6782,47398912,9.039076221178664,223.41504777351813,10524,95830016,18.27499371506188,376.36236858608896,17306,143228928,27.314069936240543,316.42427025309144,5696,36409344,6.9433415598044546,216.61603493679775,4519,18509824,3.5298639339359132,358.1739884930294,10215,54919168,10.473205493740368,279.23966607929515,1086,10989568,2.09573466137421,259.0754318600368,1088,4456448,0.8498543837402686,392.1963428308824,2174,15446016,2.9455890451144784,325.6971205151794,0,0,0,0,4917,72863744,13.895275397385696,389.5748814317673,4917,72863744,13.895275397385696,389.5748814317673,
310,3489.5110788828833,6827,47616000,9.081799823944166,327.1751586348323,10621,93937664,17.916730938695526,440.8251527163167,17448,141553664,26.998530762639692,396.3565311210454,5755,36556800,6.972478574511973,279.1606832319722,4651,19050496,3.6335011596700486,428.95775188131586,10406,55607296,10.605979734182021,346.1130344032289,1072,11059200,2.109321249432193,584.9394365671642,1086,4448256,0.8484158803271711,440.1693250460405,2158,15507456,2.9577371297593644,512.0847835959222,0,0,0,0,4884,70438912,13.434813898698307,452.2722268632269,4884,70438912,13.434813898698307,452.2722268632269,
315,3458.239270030151,6748,47243264,9.010518714517499,684.5150432720806,10544,93921280,17.913229939646804,931.7954180576631,17292,141164544,26.923748654164303,835.2971547536433,5732,36704256,7.000455887011557,682.7802449406838,4551,18640896,3.5553035087367033,942.1463623379477,10283,55345152,10.555759395748261,797.569236506856,1016,10539008,2.010062827505941,694.302311023622,1148,4702208,0.8968333175191684,817.825055749129,2164,15241216,2.9068961450251094,759.8310129390019,0,0,0,0,4845,70578176,13.461093113390932,949.0773228070176,4845,70578176,13.461093113390932,949.0773228070176,
320,3495.2528430990164,6890,47747072,9.106126807630762,292.9513786647315,10588,95555584,18.22397120144274,527.7725747072158,17478,143302656,27.330098009073502,435.20374299118896,5756,36356096,6.933686329632893,282.7354063585824,4600,18841600,3.593393095573604,524.8603393478261,10356,55197696,10.527079425206498,390.2841405948243,1134,11390976,2.172440477997868,344.80599647266314,1024,4194304,0.7999205499711676,517.2064072265625,2158,15585280,2.972361027969036,426.61230815569974,0,0,0,0,4964,72519680,13.83065755589797,532.6509063255439,4964,72519680,13.83065755589797,532.6509063255439,
325,3482.1468041648727,6884,47120384,8.98633044347091,302.13868404997095,10529,94818304,18.082802802147782,655.7625348086239,17413,141938688,27.069133245618694,515.9620071211164,5841,36786176,7.0154931947854875,298.8671518575586,4633,18976768,3.6190602351008976,664.2656937189727,10474,55762944,10.634553429886385,460.4951301317549,1043,10334208,1.970837248685423,320.4598916586769,1042,4268032,0.8139565648554146,570.8793406909789,2085,14602240,2.7847938135408374,445.60956354916067,0,0,0,0,4854,71573504,13.64978600219147,665.8682523691801,4854,71573504,13.64978600219147,665.8682523691801,
330,3471.8152820679175,6868,47722496,9.10185948556607,517.2395297029703,10492,95571968,18.2279364326421,799.9373719977125,17360,143294464,27.32979591820817,688.0958523617511,5769,36642816,6.988690666713078,502.5291603397469,4643,19017728,3.627150767443418,791.0255976739178,10412,55660544,10.615841434156495,631.1777349212447,1099,11079680,2.113168818852993,594.4589299363057,1000,4096000,0.781208435805173,778.084914,2099,15175680,2.8943772546581656,681.9415331110052,0,0,0,0,4849,72458240,13.81957722939351,812.9771381728192,4849,72458240,13.81957722939351,812.9771381728192,
335,3500.6215348135333,6819,47677440,9.093286415165268,167.23575216307378,10685,100057088,19.083402109077078,271.14941020121665,17504,147734528,28.176688524242344,230.6679640082267,5723,36433920,6.948864489939438,162.03332622750307,4586,18784256,3.5826298539474157,263.7017387701701,10309,55218176,10.531494343886854,207.2609273450383,1096,11243520,2.14442192522583,194.4013394160584,1082,4431872,0.8452694073203454,269.6115665434381,2178,15675392,2.989691332546175,231.76473048668504,0,0,0,0,5017,76840960,14.655502847809315,278.28892943990434,5017,76840960,14.655502847809315,278.28892943990434,
340,3579.1192078262975,7133,50380800,9.60915809055259,215.73342100098137,10763,98017280,18.694890496497845,278.144335779987,17896,148398080,28.304048587050435,253.26855040232454,5980,38580224,7.3584276467410445,160.17871655518397,4644,19021824,3.6280431034574168,263.5456068044789,10624,57602048,10.98647075019846,205.3628127823795,1153,11800576,2.2507304438115456,503.86623330442325,1050,4300800,0.8202939833398553,349.5811628571429,2203,16101376,3.071024427151401,430.330453018611,0,0,0,0,5069,74694656,14.24655340970057,276.721536200434,5069,74694656,14.24655340970057,276.721536200434,
345,3468.042578611272,6878,47505408,9.060526224593612,188.1069236696714,10463,94081024,17.943716748809337,355.0955745961961,17341,141586432,27.004242973402953,288.8624887838071,5807,36204544,6.905155311190114,178.23037334251765,4482,18358272,3.5014035642894097,347.67453480589023,10289,54562816,10.406558875479524,252.0420879580134,1071,11300864,2.1553709134034986,241.6579299719888,1072,4390912,0.8374619859255349,341.34906716417913,2143,15691776,2.992832899329034,291.52675828278115,0,0,0,0,4909,71331840,13.604851198594394,364.87299490731306,4909,71331840,13.604851198594394,364.87299490731306,
350,3461.64459777373,6844,48726016,9.293332798128025,6307.019147866745,10465,94478336,18.019503557634586,6391.06419235547,17309,143204352,27.312836355762613,6357.832677855451,5757,37650432,7.1809276294883,5812.590022060101,4438,18178048,3.4670318559257045,6150.5899436683185,10195,55828480,10.647959485414004,5959.725250318784,1087,11075584,2.112405168639726,8925.628602575896,1088,4456448,0.8499618430029667,10433.105455882354,2175,15532032,2.962367011642693,9679.713575632184,0,0,0,0,4939,71843840,13.702509858705916,5716.734129783356,4939,71843840,13.702509858705916,5716.734129783356,
355,3548.1553348199946,6981,49127424,9.369666409030966,180.94525898868358,10761,99782656,19.030718975354624,259.00230861444106,17742,148910080,28.40038538438559,228.2889581783339,5814,36864000,7.030765189367909,174.7879834881321,4685,19189760,3.6599038791320724,252.11841259338314,10499,56053760,10.69066906849998,209.29537089246597,1167,12263424,2.3389012196630574,211.62083718937447,1082,4431872,0.845254214988453,253.16311645101663,2249,16695296,3.1841554346515104,231.60694041796356,0,0,0,0,4994,76161024,14.5255608812341,266.7253880656788,4994,76161024,14.5255608812341,266.7253880656788,
360,3516.6414311212293,6913,48013312,9.157399583695373,153.40153565745695,10671,97230848,18.54447631101866,238.87176272139442,17584,145244160,27.701875894714032,205.26987010919018,5862,37175296,7.090305291044122,142.30728249744112,4594,18817024,3.5889006728797592,230.96597344362212,10456,55992320,10.67920596392388,181.26080451415456,1051,10838016,2.0670942926512503,215.28023406279732,1087,4452352,0.849180459603896,230.23151793928244,2138,15290368,2.916274752255146,222.8817521047708,0,0,0,0,4990,73961472,14.106395178535005,248.0323122244489,4990,73961472,14.106395178535005,248.0323122244489,
365,3516.3618424385904,6841,47906816,9.136881173657118,166.8432840228037,10742,97808384,18.65420533051969,243.2202158815863,17583,145715200,27.79108650417681,213.50432036626287,5777,37576704,7.166702110732763,161.58701003981307,4688,19202048,3.6622519615342486,236.66616062286687,10465,56778752,10.828954072267011,195.22017372193025,1064,10330112,1.9701790629243547,195.38228289473685,1086,4448256,0.8483800405772598,237.87286372007367,2150,14778368,2.8185591035016144,216.8449669767442,0,0,0,0,4968,74158080,14.143573328408184,250.57380595813206,4968,74158080,14.143573328408184,250.57380595813206,
370,3463.200857639004,6872,47501312,9.05963529922717,190.84705049476136,10445,93663232,17.863816537675923,252.6946706558162,17317,141164544,26.923451836903094,228.15134064791823,5752,36143104,6.893353615623053,145.94927173157163,4509,18468864,3.522453700458335,227.58068973164782,10261,54611968,10.415807316081388,181.82063551310787,1120,11358208,2.166281683604117,421.42921428571424,1089,4460544,0.8507323308492186,401.23713774104687,2209,15818752,3.0170140144533355,411.47485875961974,0,0,0,0,4847,70733824,13.49063050636837,242.6835696306994,4847,70733824,13.49063050636837,242.6835696306994,
375,3504.5975583238824,6941,47947776,9.144784255195413,298.3962385823369,10583,97374208,18.571583469909495,398.42308116791077,17524,145321984,27.716367725104906,358.8039123487788,5858,36708352,7.00115808090392,211.86067275520656,4689,19206144,3.6630696542466503,393.26036425677114,10547,55914496,10.66422773515057,292.5076011188016,1083,11239424,2.1436261742914926,766.471349030471,1002,4104192,0.7827672837609605,383.54863173652694,2085,15343616,2.926393458052453,582.4480575539569,0,0,0,0,4892,74063872,14.125746531901884,406.41821156991006,4892,74063872,14.125746531901884,406.41821156991006,
380,3533.8842787186322,6948,49131520,9.370786892338266,291.19515040299365,10722,99852288,19.044688858809693,668.9509028166387,17670,148983808,28.41547575114796,520.414005942275,5864,38141952,7.274761779195827,284.0120523533424,4629,18960384,3.616287830315451,622.0031596457118,10493,57102336,10.891049609511278,433.1172496902697,1084,10989568,2.09602511314244,330.05279520295204,1057,4329472,0.8257542096874988,647.7391229895932,2141,15319040,2.9217793228299387,486.89279915927136,0,0,0,0,5036,76562432,14.602646818806743,716.5565331612391,5036,76562432,14.602646818806743,716.5565331612391,
385,3429.765575762838,6726,47562752,9.069668449432607,309.5050160570919,10427,94580736,18.035455921964203,551.1261412678623,17153,142143488,27.10512437139681,456.38214965312187,5658,36491264,6.95846333241432,294.4263441145281,4598,18833408,3.591313772863514,535.0566966072206,10256,55324672,10.549777105277835,402.3064494929797,1068,11071488,2.1112051170182857,389.38809269662926,1056,4325376,0.8247993353944912,525.9131183712121,2124,15396864,2.936004452412777,457.26494161958567,0,0,0,0,4773,71421952,13.619342813706197,572.1846492771841,4773,71421952,13.619342813706197,572.1846492771841,
390,3480.264655291767,6852,48033792,9.161362471942557,319.253591943958,10550,93511680,17.83524390163286,497.8779721327014,17402,141545472,26.996606373575418,427.5450073554764,5785,36933632,7.044257304468835,311.04692186689715,4611,18886656,3.6022036631813017,489.1517627412709,10396,55820288,10.646460967650137,390.0428261831474,1067,11100160,2.117105167473721,363.7480496719775,1072,4390912,0.8374674315615604,456.25542817164177,2139,15491072,2.9545725990352816,410.10985881252924,0,0,0,0,4867,70234112,13.395572806889998,515.3129256215328,4867,70234112,13.395572806889998,515.3129256215328,
395,3474.8511013204397,6729,45821952,8.738966298358674,411.91233244167034,10647,96452608,18.395028014101193,539.2374283835823,17376,142274560,27.133994312459865,489.92972979972376,5735,35483648,6.767289268139912,338.84277384481254,4644,19021824,3.627760748152112,514.9677433247201,10379,54505472,10.395050016292023,417.6484736487137,994,10338304,1.971677030218762,833.4957515090543,1027,4206592,0.8022631973195994,701.1764303797469,2021,14544896,2.7739402275383616,766.2557996041564,0,0,0,0,4976,73224192,13.965004068629481,528.4651338424437,4976,73224192,13.965004068629481,528.4651338424437,
400,3517.566159570683,6996,48304128,9.212145066403377,377.3135863350486,10594,96612352,18.425071286462856,857.0128378327355,17590,144916480,27.637216352866233,666.2239826037521,5914,37249024,7.103811348585798,370.46105055799796,4623,18935808,3.6112733521566023,778.022785853342,10537,56184832,10.7150847007424,549.2745555661004,1082,11055104,2.1083337178175796,414.76820425138635,1088,4456448,0.8498951778382833,722.6886351102941,2170,15511552,2.958228895655863,569.1541161290322,0,0,0,0,4883,73220096,13.96390275646797,961.7262809748106,4883,73220096,13.96390275646797,961.7262809748106,
405,3460.1587611913283,6802,47583232,9.07514853971896,207.64343913554836,10500,94371840,17.998745145487202,387.20922580952384,17302,141955072,27.07389368520616,316.6158562015952,5722,36716544,7.002636783166114,199.23068140510313,4477,18337792,3.497412413903915,371.68263882063883,10199,55054336,10.500049197070028,274.93098666535934,1080,10866688,2.072511756552845,252.21547592592592,1099,4501504,0.8585338938754529,371.4016669699727,2179,15368192,2.9310456504282976,312.328199173933,0,0,0,0,4924,71532544,13.642798837707833,404.85444049553206,4924,71532544,13.642798837707833,404.85444049553206,
410,3539.2257256938865,6997,46891008,8.943309624279454,268.6548277833357,10700,97304576,18.558461166525394,479.4116204672897,17697,144195584,27.501770790804844,396.0830744758999,5911,35618816,6.7934154867866985,262.69178852985954,4663,19099648,3.642789376136888,461.90555221960113,10574,54718464,10.436204862923587,350.5425337620579,1086,11272192,2.1498941374927547,301.11111233885816,1076,4407296,0.8405836089906265,451.35033921933086,2162,15679488,2.990477746483381,375.88327150786307,0,0,0,0,4961,73797632,14.075088181397879,501.9523854061681,4961,73797632,14.075088181397879,501.9523854061681,
415,3454.7397302729405,6720,46247936,8.820429245321945,283.84496919642856,10555,94957568,18.11035437023281,458.03420454760777,17275,141205504,26.930783615554756,390.27433991316934,5643,35057664,6.686215030618238,257.6943328017012,4624,18939904,3.6122278655892903,448.7461725778547,10267,53997568,10.29844289620753,343.73930281484365,1077,11190272,2.134214214703707,420.8626490250697,1056,4325376,0.8249378516570697,461.4887632575757,2133,15515648,2.9591520663607764,440.97571823722456,0,0,0,0,4875,71692288,13.67318865298645,466.0957113846154,4875,71692288,13.67318865298645,466.0957113846154,
420,3488.447300516725,6887,46632960,8.892612498115371,540.8940711485407,10559,91664384,17.479822142760113,736.9924450232029,17446,138297344,26.372434640875483,659.5804594176315,5801,35463168,6.762603338487737,268.7528608860541,4633,18976768,3.6187504351136157,518.8861815238506,10434,54439936,10.381353773601353,379.819343013226,1086,11169792,2.1300091596276345,1994.5691731123388,1102,4513792,0.8607517762778338,2472.5887713248635,2188,15683584,2.990760935905468,2235.3267586837296,0,0,0,0,4824,68173824,13.000319931368663,549.9814929519071,4824,68173824,13.000319931368663,549.9814929519071,
425,3512.2597680729646,6984,48889856,9.323035108818786,219.9806045246277,10581,96763904,18.45236104312458,340.92197656176165,17565,145653760,27.775396151943365,292.83461292342724,5905,37875712,7.222696519038816,205.24090414902625,4621,18927616,3.609395546066656,334.9072832720191,10526,56803328,10.832092065105472,262.1655039901197,1079,11014144,2.100338589779969,300.64597126969414,1094,4481024,0.8545074069242419,327.4896544789762,2173,15495168,2.9548459967042113,314.1604624942476,0,0,0,0,4866,73355264,13.988458090133681,349.6537599671188,4866,73355264,13.988458090133681,349.6537599671188,
430,3482.8816353623224,6904,48463872,9.242905120831553,232.14515541714948,10512,94339072,17.992105370435457,423.73158380898025,17416,142802944,27.235010491267012,347.7834498162609,5843,37380096,7.129035846239753,227.55606349478006,4591,18804736,3.586390923743886,412.13246155521676,10434,56184832,10.715426769983639,308.7703862373011,1061,11083776,2.1138692745918006,257.4176003770028,1043,4272128,0.8147692732443635,418.64132790028765,2104,15355904,2.928638547836164,337.33981891634977,0,0,0,0,4878,71262208,13.590945173447208,435.7366488314883,4878,71262208,13.590945173447208,435.7366488314883,
435,3462.2005499964243,6779,48349184,9.220811152601593,268.73555317893494,10534,96493568,18.402564311503586,477.60136728688053,17313,144842752,27.62337546410518,395.8188134927511,5709,36876288,7.032782345549995,253.43517849010334,4513,18485248,3.5253745113259054,456.8510740084201,10222,55361536,10.5581568568759,343.2430376638623,1070,11472896,2.188028807051598,350.37091682242993,1101,4509696,0.8600570212651943,487.63417620345143,2171,15982592,3.0480858283167924,419.98254675264855,0,0,0,0,4920,73498624,14.017132778912487,494.38997520325205,4920,73498624,14.017132778912487,494.38997520325205,
440,3569.410840899305,7021,49537024,9.446878219064294,426.55590400227885,10829,98676736,18.817987694350744,865.0457466986795,17850,148213760,28.264865913415036,692.5730752380953,5880,37269504,7.107420614789649,393.1771297619048,4609,18878464,3.6001870110523675,795.0593052722934,10489,56147968,10.707607625842016,569.7692688530842,1141,12267520,2.3394576042746453,598.5692191060473,1179,4829184,0.9209417413822393,761.4703910093299,2320,17096704,3.2603993456568845,681.3539094827586,0,0,0,0,5041,74969088,14.296858941916138,953.2589688553858,5041,74969088,14.296858941916138,953.2589688553858,
445,3535.1471163040314,6898,47493120,9.056921085209067,317.49047100608874,10781,97648640,18.621560903094796,539.5947197848066,17679,145141760,27.678481988303865,452.9339862548787,5790,35659776,6.80030659489695,311.26076131260794,4671,19132416,3.6485449235887497,526.5115185185185,10461,54792192,10.4488515184857,407.3735886626518,1108,11833344,2.256614490312117,350.04463989169676,1088,4456448,0.8498430479264739,532.4438924632353,2196,16289792,3.106457538238591,440.4136684881603,0,0,0,0,5022,74059776,14.123172931579573,553.3127072879331,5022,74059776,14.123172931579573,553.3127072879331,
450,3478.556385564939,6929,48332800,9.218104426649068,308.6696452590561,10465,93642752,17.859686728987374,571.3255147634974,17394,141975552,27.07779115563644,466.69503759917217,5858,37437440,7.140124954201058,296.772666268351,4523,18526208,3.5333462984520114,553.1893466725625,10381,55963648,10.67347125265307,408.49337192948656,1071,10895360,2.0779794724480105,373.742010270775,1042,4268032,0.8140054925905363,556.9699309021114,2113,15163392,2.8919849650385467,464.0986090866067,0,0,0,0,4900,70848512,13.512334937944825,591.1190671428571,4900,70848512,13.512334937944825,591.1190671428571,
455,3444.8949701296306,6635,45740032,8.72293994606885,328.4517297663904,10592,94031872,17.932527298459977,685.8588743391239,17227,139771904,26.65546724452883,548.2030779590178,5605,34766848,6.630277985334682,314.8697307760928,4639,19001344,3.6236875087143723,676.2510911834447,10244,53768192,10.253965494049055,478.5214421124561,1030,10973184,2.0926619607341674,402.3615398058252,1037,4247552,0.8100374965589144,635.7857791706846,2067,15220736,2.9026994572930818,519.4689109820996,0,0,0,0,4916,70782976,13.498802293186692,705.4879031733116,4916,70782976,13.498802293186692,705.4879031733116,
460,3490.649795244921,6874,47329280,9.026955314696636,513.8027311608961,10580,95543296,18.22265336829197,809.0580376181474,17454,142872576,27.249608682988605,692.7760978572247,5808,36818944,7.022354073890788,470.1914681473829,4659,19083264,3.6396871320788944,773.8072352436145,10467,55902208,10.662041205969683,605.334857743384,1066,10510336,2.0046012408058473,751.4145656660412,1043,4272128,0.8148086882932575,872.1933959731543,2109,14782464,2.819409929099105,811.1453954480796,0,0,0,0,4878,72187904,13.768157547919818,829.2268177531774,4878,72187904,13.768157547919818,829.2268177531774,
465,3508.1627531189392,6821,47996928,9.15354662940875,292.9180115818795,10722,98304000,18.74766334748336,524.137314680097,17543,146300928,27.90120997689211,434.23553810636724,5783,37347328,7.1225497667647195,282.3222064672316,4627,18952192,3.614393262866896,507.20755392262805,10410,56299520,10.736943029631615,382.2784507204611,1038,10649600,2.0309968626440305,351.9503246628131,1098,4497408,0.8577055981473637,497.9814690346084,2136,15147008,2.8887024607913943,427.0168960674157,0,0,0,0,4997,74854400,14.275564486469099,545.5607930758455,4997,74854400,14.275564486469099,545.5607930758455,
470,3484.0835208165486,6884,47751168,9.10750801961339,295.5449055781522,10537,95748096,18.261889472163546,663.1121217614121,17421,143499264,27.369397491776933,517.8659983353424,5816,36859904,7.0302337166324325,291.46925653370016,4590,18800640,3.585817619662503,654.824680174292,10406,55660544,10.616051336294936,451.7423100134538,1068,10891264,2.0772743029809577,317.73963857677904,1033,4231168,0.807004270394633,607.7496214908034,2101,15122432,2.8842785733755907,460.3290304616849,0,0,0,0,4914,72716288,13.869067582106409,682.491205942206,4914,72716288,13.869067582106409,682.491205942206,
475,3492.1730324996643,6868,47550464,9.068941830449825,275.97054819452535,10594,96559104,18.415990585840657,555.8958237681707,17462,144109568,27.48493241629048,445.79808051769555,5834,37339136,7.121412156635421,271.0136211861502,4528,18546688,3.5372701014968393,549.8206409010601,10362,55885824,10.658682258132261,392.8470689056167,1034,10211328,1.947529673814404,303.93835493230176,1089,4460544,0.8507259585976277,526.6416483011938,2123,14671872,2.7982556324120313,418.17475930287327,0,0,0,0,4977,73551872,14.02799452574619,567.8239381153305,4977,73551872,14.02799452574619,567.8239381153305,
480,3486.358297405421,6781,45973504,8.767136312123254,231.47790930541217,10654,96448512,18.392708369704764,378.7327018960015,17435,142422016,27.159844681828016,321.46084938342415,5705,35520512,6.773753216209271,207.56796476774758,4630,18964480,3.616521839373723,364.92990151187905,10335,54484992,10.390275055582993,278.06489433962264,1076,10452992,1.9933830959139829,358.24950185873604,1071,4386816,0.8365647710516755,405.63979178338,2147,14839808,2.829947866965658,381.88946483465304,0,0,0,0,4953,73097216,13.939621759279365,385.8171905915607,4953,73097216,13.939621759279365,385.8171905915607,
485,3473.6810986749374,6853,47308800,9.023128645524967,249.28151393550272,10516,94351360,17.995477779192,507.6009404716622,17369,141660160,27.01860642471697,405.68010276930164,5800,36786176,7.0161660922475955,243.73506620689656,4554,18653184,3.5576907230927013,491.7081901624945,10354,55439360,10.573856815340298,352.80108962719726,1053,10522624,2.0069625532773716,279.8317483380817,1047,4288512,0.8179407525423932,484.858076408787,2100,14811136,2.8249033058197646,382.0520176190476,0,0,0,0,4915,71409664,13.619846303556907,527.1711060020347,4915,71409664,13.619846303556907,527.1711060020347,
490,3501.7861347150374,6744,45518848,8.681501042950504,323.494274911032,10766,96120832,18.332474127141136,660.8847545978078,17510,141639680,27.01397517009164,530.9383585379783,5659,35385344,6.748806578786052,314.9580934794133,4625,18944000,3.6130605888280463,651.775185945946,10284,54329344,10.361867167614099,466.43408070789576,1085,10133504,1.9326944641644512,368.0161649769585,1135,4648960,0.8866645985556395,620.1999030837004,2220,14782464,2.819359062720091,496.947940990991,0,0,0,0,5006,72527872,13.832748939757453,678.5253981222533,5006,72527872,13.832748939757453,678.5253981222533,
495,3496.909309622292,7010,48500736,9.25001231682613,457.1712436519258,10476,95694848,18.250826598936648,674.1892797823597,17486,144195584,27.500838915762778,587.1884543634908,5968,37994496,7.246272633297794,360.00819939678286,4394,17997824,3.432527161568619,634.2275355029586,10362,55992320,10.678799794866412,476.29074744257866,1042,10506240,2.0037396835283356,1013.6674510556622,1074,4399104,0.8389927563779463,888.9464227188082,2116,14905344,2.842732439906282,950.3638667296785,0,0,0,0,5008,73297920,13.979306680990085,663.1954165335463,5008,73297920,13.979306680990085,663.1954165335463,
500,3472.1131249861196,6709,45535232,8.684438719093489,297.487737665822,10653,96804864,18.462537077184088,603.7821667136018,17362,142340096,27.146975796277577,485.42429754636566,5686,35676160,6.804125325474884,292.59389641224055,4693,19222528,3.6661033470096016,580.9919192414234,10379,54898688,10.470228672484486,422.9968178051835,1023,9859072,1.8803133936186045,324.6885014662757,1114,4562944,0.8702405984591298,576.3015843806104,2137,14422016,2.750553992077734,455.85227047262515,0,0,0,0,4846,73019392,13.926193131715356,632.1701155592242,4846,73019392,13.926193131715356,632.1701155592242,
505,3493.401647410146,6883,49500160,9.440329769196419,212.1046588696789,10586,94670848,18.0549724414925,577.5553346873229,17469,144171008,27.495302210688916,433.56329154502265,5763,38035456,7.253860342305168,206.74216363005377,4637,18993152,3.6222432056072646,555.1883666163468,10400,57028608,10.876103547912432,362.1022639423077,1120,11464704,2.186469426891252,239.69756964285716,1113,4558848,0.8694321086566499,479.91382300089845,2233,16023552,3.0559015355479016,359.4291818181818,0,0,0,0,4836,71118848,13.563297127228584,621.4739933829611,4836,71118848,13.563297127228584,621.4739933829611,
510,3514.3083925361702,6919,47566848,9.071387277219397,213.64406749530278,10655,95600640,18.231824597459806,506.9203930549038,17574,143167488,27.303211874679203,391.45556452714237,5831,37142528,7.083384123811719,203.2643447093123,4692,19218432,3.665112296970069,497.39466091219094,10523,56360960,10.748496420781787,334.4113031454908,1088,10424320,1.988003153407678,269.2728943014706,1081,4427776,0.8444131272431041,479.65640518038856,2169,14852096,2.8324162806507824,374.1251650530198,0,0,0,0,4882,71954432,13.722299173246633,522.1123443260959,4882,71954432,13.722299173246633,522.1123443260959,
515,3509.5513520847226,6991,48955392,9.335774528542846,282.81388199113144,10560,96616448,18.42471967698031,546.1626257575757,17551,145571840,27.760494205523155,441.26426853170756,5904,37785600,7.205699466684049,276.1541045054201,4544,18612224,3.54934399746475,528.5790019806338,10448,56397824,10.755043464148798,385.93767400459416,1087,11169792,2.130075061858797,318.98621527138914,1060,4341760,0.8279719712395763,519.0531528301887,2147,15511552,2.958047033098373,417.76169445738236,0,0,0,0,4956,73662464,14.047403708275983,568.0827282082324,4956,73662464,14.047403708275983,568.0827282082324,
520,3521.786327588647,6941,49106944,9.365838009622616,302.1083238726408,10669,95535104,18.220769516760186,622.5200765769988,17610,144642048,27.586607526382803,496.22944764338445,5778,37113856,7.07847678748774,291.5794747317411,4649,19042304,3.6318109022216647,609.0946209937621,10427,56156160,10.710287689709405,433.1473192672869,1163,11993088,2.287361222134875,354.4176018916595,1064,4358144,0.8311995697921813,596.5501992481203,2227,16351232,3.1185607919270564,470.10196811854513,0,0,0,0,4956,72134656,13.75775904474634,640.6893446327683,4956,72134656,13.75775904474634,640.6893446327683,
525,3486.8159804971765,6830,48676864,9.283885035540141,274.2975704245974,10605,94396416,18.003737338358977,532.2110664780764,17435,143073280,27.28762237389912,431.1758397476341,5774,37732352,7.196495199208665,267.8566789054382,4528,18546688,3.537313315459926,511.0822042844523,10302,56279040,10.73380851466859,374.7606954960202,1056,10944512,2.0873898363314756,309.51509659090914,1117,4575232,0.8726101972987493,497.9237547000895,2173,15519744,2.960000033630225,406.36390980211684,0,0,0,0,4960,71274496,13.593813825600302,559.2212308467742,4960,71274496,13.593813825600302,559.2212308467742,
530,3466.0098000827165,6878,46325760,8.834942870966529,255.81846103518464,10454,92422144,17.626140666709883,548.6030866653912,17332,138747904,26.461083537676412,432.41495747749826,5848,36564992,6.9734336878088605,244.74627171682627,4639,19001344,3.623810785005635,534.2280047424014,10487,55566336,10.597244472814495,372.8006017926957,1030,9760768,1.8615091831576693,318.68269708737864,1055,4321280,0.8241259707223421,533.1142710900474,2085,14082048,2.6856351538800114,427.18404508393286,0,0,0,0,4760,69099520,13.178203910981907,566.0456718487395,4760,69099520,13.178203910981907,566.0456718487395,
535,3508.2781562540586,6829,48070656,9.167386384277929,223.3123696002343,10715,97542144,18.601920531287885,435.09665664955673,17544,145612800,27.769306915565814,352.65964705882357,5777,36507648,6.962245641024982,195.2703927644106,4614,18898944,3.604151395454871,409.6451233203294,10391,55406592,10.566397036479852,290.46094293138293,1052,11563008,2.2051407432529477,377.30333935361216,1010,4136960,0.7889451472495491,488.9422594059406,2062,15699968,2.9940858905024967,431.98583656644035,0,0,0,0,5091,74506240,14.208823988583465,447.4811225692398,5091,74506240,14.208823988583465,447.4811225692398,
540,3492.911416273572,6933,49041408,9.35366903159969,3717.88218404731,10532,96538624,18.412814282616978,3684.695367831371,17465,145580032,27.766483314216668,3697.869384254223,5796,37425152,7.138100220640305,3780.8254565217394,4495,18411520,3.5116296915593925,3610.7509341490545,10291,55836672,10.649729912199698,3706.538703235837,1137,11616256,2.215568810959385,3397.0209639401933,1099,4501504,0.8585719757561229,3605.799161055505,2236,16117760,3.074140786715508,3499.6360080500895,0,0,0,0,4938,73625600,14.042612615301463,3769.5651857027137,4938,73625600,14.042612615301463,3769.5651857027137,
545,3527.269395984556,6913,48238592,9.198875884998166,151.22464877766527,10727,94781440,18.074381249796854,214.61524713340168,17640,143020032,27.27325713479502,189.77288849206352,5816,36249600,6.912630685423602,129.49746337689135,4743,19427328,3.7047013944592257,208.9028760278305,10559,55676928,10.617332079882829,165.1656016668245,1097,11988992,2.286245199574563,266.4163628076572,1089,4460544,0.8506050640029721,208.477927456382,2186,16449536,3.1368502635775353,237.55316239707227,0,0,0,0,4895,70893568,13.519074791334656,221.5156183861083,4895,70893568,13.519074791334656,221.5156183861083,
550,3485.6712887991243,6922,49303552,9.403559016060486,158.61752470384283,10507,96894976,18.480567590257277,243.24414647377938,17429,146198528,27.884126606317764,209.6343308853061,5801,37736448,7.197390480598592,149.98692035855885,4497,18419712,3.513151524069453,236.66760329108294,10298,56156160,10.710542004668046,187.83922480093221,1121,11567104,2.2061685354618934,203.27955486173062,1068,4374528,0.8343441911732656,236.87189887640452,2189,15941632,3.0405127266351593,219.66905847418914,0,0,0,0,4942,74100736,14.133071875014558,250.6055942938082,4942,74100736,14.133071875014558,250.6055942938082,
555,3517.7213999828427,7049,47775744,9.111778356265962,211.7743098311817,10541,97136640,18.525876519105562,369.7548260127123,17590,144912384,27.637654875371528,306.44586304718587,5954,37806080,7.2103664461878285,205.03121330198186,4544,18612224,3.5497188658155463,363.66717209507044,10498,56418304,10.760085312003374,273.69589197942463,1095,9969664,1.9014119100781337,248.43951232876714,1128,4620288,0.8811802114084367,366.39250709219857,2223,14589952,2.7825921214865703,308.29150427350424,0,0,0,0,4869,73904128,14.09497744188158,376.21508379544053,4869,73904128,14.09497744188158,376.21508379544053,
560,3494.8803895713913,6838,49004544,9.345485535639726,268.90205074583207,10639,97075200,18.51287255054008,527.550524485384,17477,146079744,27.858358086179805,426.3524777135664,5745,37249024,7.103631349139725,256.83735248041774,4457,18255872,3.481513626909584,518.6493863585372,10202,55504896,10.585144976049309,371.2165168594393,1093,11755520,2.2418541865000012,332.31622415370543,1147,4698112,0.8959605407371085,507.0969668700959,2240,16453632,3.1378147272371097,421.81332767857145,0,0,0,0,5035,74121216,14.135398382893387,540.0892738828203,5035,74121216,14.135398382893387,540.0892738828203,
565,3419.2997878985884,6695,47874048,9.12991437752178,254.0699997012696,10404,92065792,17.557587736443963,433.8760948673587,17099,139939840,26.687502113965746,363.47421129890637,5697,36462592,6.953670242017359,239.36016113744077,4542,18604032,3.5479184721683716,438.2139537648613,10239,55066624,10.501588714185731,327.5713073542338,998,11411456,2.1762441355044215,338.0398897795591,1096,4489216,0.8561247568244243,411.86842427007304,2094,15900672,3.032368892328846,376.681758834766,0,0,0,0,4766,68972544,13.15354450745117,434.8030465799412,4766,68972544,13.15354450745117,434.8030465799412,
570,3467.1620542156784,6796,48422912,9.235303695883838,153.09570865214832,10541,96972800,18.49482447978767,233.43055914998578,17337,145395712,27.730128175671506,201.93977966199458,5739,37167104,7.088576022369306,144.54235511413137,4477,18337792,3.4974162279201435,227.9816383739111,10216,55504896,10.58599225028945,181.1082978660924,1057,11255808,2.146727673514531,199.53629139072848,1086,4448256,0.8483792770876203,224.22777440147328,2143,15704064,2.995106950602151,212.04910079328045,0,0,0,0,4978,74186752,14.149028974779906,240.33876376054639,4978,74186752,14.149028974779906,240.33876376054639,
575,3513.4185656599016,6901,46473216,8.863604779903723,203.7335712215621,10667,97001472,18.500607121248013,312.8238853473329,17568,143474688,27.364211901151737,269.9714116575592,5867,36151296,6.894956441691368,200.08376580876086,4675,19148800,3.6521551512471273,307.6076352941177,10542,55300096,10.547111592938496,247.76675668753558,1034,10321920,1.9686483382123552,224.44286363636365,1094,4481024,0.8546433658747288,299.5296307129799,2128,14802944,2.823291704087084,263.0448012218045,0,0,0,0,4898,73371648,13.993808604126158,320.77200367496937,4898,73371648,13.993808604126158,320.77200367496937,
580,3513.4030273833955,6832,48664576,9.28151089879818,238.6207725409836,10736,95207424,18.158356984400715,408.5009742921013,17568,143872000,27.439867883198893,342.4364513888889,5731,37707776,7.191784305558121,220.56059326470077,4662,19095552,3.641983318760804,400.88428206778207,10393,56803328,10.833767624318925,301.4485983835274,1101,10956800,2.089726593240058,332.6288446866485,1078,4415488,0.8421402869206663,385.7623589981447,2179,15372288,2.9318668801607246,358.9151817347407,0,0,0,0,4996,71696384,13.674233378719244,420.51483466773414,4996,71696384,13.674233378719244,420.51483466773414,
585,3528.6388172798715,6848,47226880,9.006380155921695,1165.8347996495327,10798,96083968,18.323648369263758,837.7388494165587,17646,143310848,27.33002852518545,965.065216139635,5805,36532224,6.966860764151396,246.08025460809648,4733,19386368,3.6970682808306488,382.46881449397847,10538,55918592,10.663929044982044,307.3373293793889,1043,10694656,2.0395193917702987,6284.8905369127515,1132,4636672,0.8842343743714968,4592.371438162544,2175,15331328,2.9237537661417954,5404.002435862069,0,0,0,0,4933,72060928,13.74234571406161,412.95656375430775,4933,72060928,13.74234571406161,412.95656375430775,
590,3520.0776636722753,6906,47202304,9.002300652127444,389.6103971908485,10696,97296384,18.556113301860055,543.3212256918474,17602,144498688,27.5584139539875,483.0140457334394,5877,37056512,7.067321589708173,297.5883432023141,4583,18771968,3.580140913632426,472.4614294130482,10460,55828480,10.647462503340599,374.2081667304015,1029,10145792,1.9349790624192709,915.1824198250729,1130,4628480,0.8827316675550165,1077.3477876106197,2159,14774272,2.8177107299742876,1000.0582260305698,0,0,0,0,4983,73895936,14.093240720672615,487.3911497090106,4983,73895936,14.093240720672615,487.3911497090106,
595,3482.829612215796,6892,47611904,9.080284340817265,325.82363189204875,10524,95055872,18.128540837693244,443.65230881793997,17416,142667776,27.208825178510505,397.02419436150666,5879,36970496,7.050812668635292,320.9066642286103,4596,18825216,3.590243189125615,432.38534812880766,10475,55795712,10.641055857760906,369.8189345107399,1013,10641408,2.0294716721819728,354.3595182625864,1067,4370432,0.8335051093988318,432.89957919400183,2080,15011840,2.8629767815808047,394.6490591346154,0,0,0,0,4861,71860224,13.704792539168796,456.66529253240077,4861,71860224,13.704792539168796,456.66529253240077,
600,3202.649563863626,6423,44539904,8.494913473526356,1320.6937473143391,9591,86417408,16.4820382991042,9536.225299864456,16014,130957312,24.976951772630553,6241.086099038341,5449,34893824,6.655156141343666,1158.9033738300604,4183,17133568,3.267815252874816,928.0052978723404,9632,52027392,9.922971394218482,1058.628596864618,974,9646080,1.8397573321826897,2225.8228490759752,1044,4276224,0.8155866899357657,2014.7493170498083,2018,13922304,2.6553440221184554,2116.6252438057486,0,0,0,0,4364,65007616,12.398636356293617,19586.77644431714,4364,65007616,12.398636356293617,19586.77644431714,
