5,6695.742971350302,13332,92454912,17.633171419671676,3146.691114611461,20149,183009280,34.90386758067209,15061.074347659935,33481,275464192,52.53703900034377,10316.814700008961,11254,70901760,13.522514499136838,3582.603577128132,8762,35889152,6.844845294132696,6420.659577493722,20016,106790912,20.367359793269536,4824.962024130696,2078,21553152,4.110656920534838,785.8831968238692,2093,8572928,1.6350446474115194,1312.170956043956,4171,30126080,5.745701567946357,1049.973410213378,0,0,0,0,9294,138547200,26.423977639127877,26303.14116655907,9294,138547200,26.423977639127877,26303.14116655907,
10,6701.6860809609325,13099,89194496,17.0117031412038,522.6357490648141,20411,182497280,34.80696332918512,2264.3426493067464,33510,271691776,51.818666470388926,1583.512488570576,11040,68747264,13.111885815667,528.7415964673913,8911,36499456,6.961392665837025,1245.4252255639099,19951,105246720,20.073278481504023,848.844238885269,2059,20447232,3.8998173255368003,489.89725692083533,2087,8548352,1.6303923794862385,762.5292965979876,4146,28995584,5.530209705023039,627.1338866377231,0,0,0,0,9413,137449472,26.21517828386186,3561.8947187931585,9413,137449472,26.21517828386186,3561.8947187931585,
15,6744.475128776695,13349,92774400,17.692886270967083,8410.92937673234,20378,181825536,34.67571366245032,26753.82703704976,33727,274599936,52.36859993341741,19493.787873543453,11292,71852032,13.702808431139275,9644.402444828198,8997,36851712,7.027942506838448,15074.34360175614,20289,108703744,20.730750937977724,12052.267819606684,2057,20922368,3.9900778398278085,1639.7199042294603,2084,8536064,1.6279017655053158,2017.2094213051823,4141,29458432,5.617979605333124,1829.6953095870563,0,0,0,0,9297,136437760,26.01986939010656,43601.35027879962,9297,136437760,26.01986939010656,43601.35027879962,
20,6714.551963817958,13180,91525120,17.45534659609825,5270.343987329286,20396,182788096,34.86069801734081,47875.01188232987,33576,274313216,52.31604461343906,31150.877892095545,11108,70217728,13.391676289859577,5555.338725423118,8918,36528128,6.9665151462968975,9578.42617358152,20026,106745856,20.358191436156474,7346.904383201838,2072,21307392,4.06367030623867,3742.486096042471,2048,8388608,1.5998455953819293,3590.4640043945315,4120,29696000,5.6635159016206,3666.917833009709,0,0,0,0,9430,137871360,26.294337275661984,93709.97533987275,9430,137871360,26.294337275661984,93709.97533987275,
25,6678.4341764666115,13275,91758592,17.49850786597497,1970.1607546516007,20123,179511296,34.23308658754661,7401.691364458579,33398,271269888,51.73159445352158,5242.772601503085,11239,71626752,13.659334302843689,2113.611518017617,8777,35950592,6.855834458515415,4075.54548365045,20016,107577344,20.515168761359106,2973.917993655076,2036,20131840,3.839173563131282,1178.2928128683693,2094,8577024,1.635651971759289,1472.1658672397325,4130,28708864,5.474825534890571,1327.292855447942,0,0,0,0,9252,134983680,25.741600157271904,11899.098280479897,9252,134983680,25.741600157271904,11899.098280479897,
30,5370.398374837494,10684,73097216,13.941664076952227,44709.66678519281,16169,140722176,26.839617338774556,94433.25449879399,26853,213819392,40.78128141572678,74649.73641395748,9010,55525376,10.59022740262044,45290.67204694784,7281,29822976,5.688067698323947,52186.669679851664,16291,85348352,16.278295100944387,48372.72709360997,1674,17571840,3.351436674331786,41582.51182198327,1664,6815744,1.299951194892329,42004.76087079327,3338,24387584,4.6513878692241155,41793.00385829838,0,0,0,0,7224,104083456,19.851598445558277,149089.7325530177,7224,104083456,19.851598445558277,149089.7325530177,
35,8117.484914302114,16140,112832512,21.518667946258685,3438.5965247211893,24452,222556160,42.444433980468496,24499.476233355144,40592,335388672,63.96310192672718,16125.348363396728,13605,87187456,16.627813043310063,3620.5207680999633,10472,42893312,8.180327830007657,7115.124390565317,24077,130080768,24.808140873317722,5140.456355359886,2535,25645056,4.890854902948619,2462.233869428008,2495,10219520,1.9489990389485394,3674.4763923847695,5030,35864576,6.839853941897159,3063.5350811133203,0,0,0,0,11485,169443328,32.3151071115123,44874.51385642142,11485,169443328,32.3151071115123,44874.51385642142,
40,6795.158983865033,13387,92364800,17.616562661662265,1963.497173377157,20590,187109376,35.68701547438554,8154.717015832929,33977,279474176,53.30357813604781,5715.365100391441,11332,71565312,13.64951586805158,2121.6292418813982,8908,36487168,6.959128168074832,3905.341869443197,20240,108052480,20.60864403612641,2906.6743054347826,2055,20799488,3.967046793610687,1091.5007742092457,2019,8269824,1.5772878054942845,1185.0157424467557,4074,29069312,5.544334599104971,1137.845084683358,0,0,0,0,9663,142352384,27.150599500816426,13528.33397485253,9663,142352384,27.150599500816426,13528.33397485253,
45,6793.07114165662,13334,92491776,17.636917598033165,2622.81680980951,20640,186568704,35.57610201819284,11882.50478250969,33974,279060480,53.213019616226006,8248.29393221287,11290,71950336,13.719945729907911,3016.9048459698847,9069,37146624,7.08335351386399,6216.67392104973,20359,109096960,20.803299243771903,4442.255096075445,2044,20541440,3.916971868125252,446.0780973581213,2099,8597504,1.6394265107068602,1117.597500714626,4143,29138944,5.556398378832112,786.2951448225924,0,0,0,0,9472,140824576,26.853321993621993,19692.783548036317,9472,140824576,26.853321993621993,19692.783548036317,
50,5686.899550137848,11303,79933440,15.170067482281985,1861.5486109882333,17274,150327296,28.529677000626755,12550.042781405582,28577,230260736,43.699744482908734,8322.445426601813,9522,62148608,11.79479548596795,927.9707533081286,7736,31686656,6.013612197946883,2395.8869046018613,17258,93835264,17.808407683914833,1585.9728014254258,1781,17784832,3.375271996314034,6852.861559236384,1775,7270400,1.3798037294927246,11634.699036056338,3556,25055232,4.755075725806758,9239.74612654668,0,0,0,0,7763,111370240,21.136261073187146,22878.174304135,7763,111370240,21.136261073187146,22878.174304135,
55,7692.001440213223,15083,103964672,19.82917563362603,15633.345724126499,23378,211574784,40.353645819057554,60275.33474706989,38461,315539456,60.18282145268359,42768.37651839526,12833,80310272,15.317573345225181,16145.941151172758,10160,41615360,7.937295108251535,20015.003583366142,22993,121925632,23.254868453476718,17855.577749749926,2250,23654400,4.511602288400848,12709.729228444445,2372,9715712,1.8530771650366773,13862.979207841483,4622,33370112,6.3646794534375255,13301.574522933794,0,0,0,0,10846,160243712,30.563273545769345,108139.53094495666,10846,160243712,30.563273545769345,108139.53094495666,
60,6830.5941001423125,13361,93831168,17.89581156287285,17076.009161963924,20794,190418944,36.31737313368238,33842.729005674715,34155,284250112,54.21318469655523,27283.8022356024,11254,72482816,13.824178514780774,18451.960561311535,8963,36712448,7.001927668850592,23479.78695269441,20217,109195264,20.826106183631367,20680.995924914678,2107,21348352,4.071633048092077,9726.717729473185,2046,8380416,1.5983425204137356,11636.70343548387,4153,29728768,5.669975568505812,10667.683478208523,0,0,0,0,9785,145326080,27.717102944418052,47978.30161042412,9785,145326080,27.717102944418052,47978.30161042412,
65,6753.968833259537,13358,93368320,17.807984239685023,4252.423656685132,20413,180871168,34.49725676929201,13828.365257189047,33771,274239488,52.30524100897703,10040.635314352552,11342,72474624,13.822964384162615,4821.1093545230115,8942,36626432,6.985698401897937,8322.149953030643,20284,109101056,20.80866278606055,6364.508340514692,2016,20893696,3.985019855522409,1053.0024340277778,2115,8663040,1.6522871974965485,1559.0065309692673,4131,29556736,5.637307053018957,1312.0677124183005,0,0,0,0,9356,135581696,25.85927116989752,21864.52076763574,9356,135581696,25.85927116989752,21864.52076763574,
70,6732.048267447467,13195,92864512,17.709996277612248,1464.9298770746495,20470,184643584,35.21299056979898,4604.473156179775,33665,277508096,52.92298684741123,3373.9288648447946,11185,71778304,13.688689783383778,1397.8088871703173,8844,36225024,6.908398336238652,3071.0336755992766,20029,108003328,20.59708811962243,2136.6375869988515,2010,21086208,4.021306494228469,1838.4364800995024,2069,8474624,1.6161777654542933,2771.3738076365394,4079,29560832,5.637484259682762,2311.6523003187053,0,0,0,0,9557,139943936,26.688414468106036,6420.3590323323215,9557,139943936,26.688414468106036,6420.3590323323215,
75,6736.1907452280475,13207,91971584,17.540601040338906,1052.2935463769213,20477,185200640,35.32102413997166,3165.8390847292085,33684,277172224,52.86162518031057,2337.1490263923524,11118,70266880,13.401131684644781,1141.876614588955,9083,37203968,7.095452001843693,2357.4736181878234,20201,107470848,20.496583686488474,1688.44696178407,2089,21704704,4.139469355694124,575.5177912876975,2022,8282112,1.5795446380852083,752.1222893175075,4111,29986816,5.719013993779333,662.3809134030649,0,0,0,0,9372,139714560,26.64602750004276,4470.034442488263,9372,139714560,26.64602750004276,4470.034442488263,
80,6799.099597148209,13323,91222016,17.397938289578587,3977.5587394730915,20675,187211776,35.70518465553765,17559.28836096735,33998,278433792,53.10312294511623,12236.934582887228,11248,70107136,13.370890923821431,4509.9420079125175,8932,36585472,6.977611458960799,7719.802595275414,20180,106692608,20.34850238278223,5930.679112289396,2075,21114880,4.027047365757156,1091.6565691566266,2153,8818688,1.6819074643016794,1116.6681551323734,4228,29933568,5.708954830058835,1104.3930745033113,0,0,0,0,9590,141807616,27.045665732275168,30415.10151657977,9590,141807616,27.045665732275168,30415.10151657977,
85,6734.986257129146,13373,92438528,17.63069046888114,2058.401675016825,20303,184246272,35.14107225590267,8103.488290597449,33676,276684800,52.77176272478381,5702.937651858891,11306,71708672,13.676909696858479,2267.450986113568,8810,36085760,6.882594072617993,4850.690564472191,20116,107794432,20.55950376947647,3398.8061603698548,2067,20729856,3.9537807720226628,914.9515002418965,2067,8466432,1.614792502622178,1254.7111543299468,4134,29196288,5.568573274644841,1084.8313272859216,0,0,0,0,9426,139694080,26.6436856806625,12645.560251962655,9426,139694080,26.6436856806625,12645.560251962655,
90,6706.669738096751,13142,91992064,17.54522975621493,4931.188576776746,20393,184229888,35.1373322042404,16969.55581881038,33535,276221952,52.68256196045533,12251.851262531683,11031,70279168,13.404027434753807,5568.216764753875,8863,36302848,6.923877791946789,9391.522919214713,19894,106582016,20.327905226700597,7271.542513571931,2111,21712896,4.141202321461122,1602.4069843675984,2084,8536064,1.6280448288860552,2490.7656285988483,4195,30248960,5.769247150347177,2043.7274646007152,0,0,0,0,9446,139390976,26.585409583407557,27274.224921659963,9446,139390976,26.585409583407557,27274.224921659963,
95,5972.041934627732,11800,82530304,15.533433284040164,25282.126933644067,18460,167038976,31.439224912226013,43348.65813575298,30260,249569280,46.97265819626618,36303.54682759418,9970,63479808,11.94784599910936,26148.674817352057,8101,33181696,6.2452897431142675,29939.28453585977,18071,96661504,18.193135742223628,27847.957055724644,1830,19050496,3.585587284930806,20561.09829945355,1857,7606272,1.4316137579265764,20216.863158319873,3687,26656768,5.0172010428573826,20387.720307295902,0,0,0,0,8502,126251008,23.76232141118517,61178.00167913432,8502,126251008,23.76232141118517,61178.00167913432,
100,7540.291410360487,14926,102842368,19.614302023174258,7633.356828822189,22778,205647872,39.221573270571525,34366.92234243568,37704,308490240,58.83587529374579,23783.822436425842,12639,78979072,15.063046503538555,7864.206445446634,9830,40263680,7.679169543085987,11152.435224109868,22469,119242752,22.74221604662454,9302.779096399485,2287,23863296,4.551255519635703,6357.577071709664,2337,9572352,1.8256581100907376,6357.650552417629,4624,33435648,6.37691362972644,6357.614209342561,0,0,0,0,10611,155811840,29.716745617394803,62041.6067780605,10611,155811840,29.716745617394803,62041.6067780605,
105,6678.868476945773,13153,93790208,17.887638951606842,1897.0780367976888,20244,184524800,35.192511781373405,11954.260644586051,33397,278315008,53.08015073298025,7993.362275264246,11088,71630848,13.661412786518493,1677.680924512987,8783,35975168,6.861172718663766,3228.513207446203,19871,107606016,20.52258550518226,2363.1501983795483,2065,22159360,4.22622616508835,3075.128971912833,2044,8372224,1.5967479263291287,3092.293554305284,4109,30531584,5.822974091417478,3083.6674013141883,0,0,0,0,9417,140177408,26.734591136380512,22016.07443591377,9417,140177408,26.734591136380512,22016.07443591377,
110,6750.039867454217,13237,91811840,17.51130332584894,462.9178607690564,20514,186298368,35.532750799446234,1600.9036085112607,33751,278110208,53.044054125295176,1154.5903928179907,11166,70815744,13.506710827597695,306.0307810317034,8848,36241408,6.912336017270195,648.7635142405063,20014,107057152,20.41904684486789,457.54967897471766,2071,20996096,4.004592498251245,1308.7899671656205,2123,8695808,1.6585544037821682,1458.7297258596325,4194,29691904,5.6631469020334135,1384.6893729136864,0,0,0,0,9543,141361152,26.961860378393872,2515.329963638269,9543,141361152,26.961860378393872,2515.329963638269,
115,6762.786413741239,13233,90873856,17.331240040057413,17641.62907526638,20584,188579840,35.96548685857042,27031.576493004275,33817,279453696,53.29672689862784,23357.17680707928,11170,70725632,13.488619930211456,17802.35779561325,8885,36392960,6.940776514734973,19292.604100844117,20055,107118592,20.42939644494643,18462.584094390426,2063,20148224,3.842620109845958,16771.37226175473,2077,8507392,1.6225090400792954,17232.28382282138,4140,28655616,5.465129149925254,17002.607361352657,0,0,0,0,9622,143679488,27.40220130375615,36293.05025940553,9622,143679488,27.40220130375615,36293.05025940553,
120,6761.1512756484835,13262,92393472,17.620965539501643,266.7368343387121,20547,185102336,35.302081557637045,619.4820170341169,33809,277495808,52.92304709713869,481.1133396728682,11182,72155136,13.76117963132779,245.47264943659454,8942,36626432,6.985267271987574,393.72956665175576,20124,108781568,20.746446903315363,311.349878304512,2080,20238336,3.859785908173854,381.05227451923076,2128,8716288,1.662340500423793,410.45856484962405,4208,28954624,5.522126408597647,395.92313616920154,0,0,0,0,9477,139759616,26.654473785225676,879.4250704864409,9477,139759616,26.654473785225676,879.4250704864409,
125,6756.403695305967,13453,92282880,17.598967342196545,4402.498368245001,20334,185012224,35.283078379035764,12615.760588472509,33787,277295104,52.88204572123231,9345.478626513155,11404,71479296,13.631583625773276,4936.036622150124,8919,36532224,6.966941399247713,7900.1037965018495,20323,108011520,20.59852502502099,6236.854175072578,2049,20803584,3.967383716423269,1433.0155729624207,2090,8560640,1.6325717596622626,1910.8153674641148,4139,29364224,5.5999554760855315,1674.2819586856729,0,0,0,0,9325,139919360,26.683565220125786,19525.38830316354,9325,139919360,26.683565220125786,19525.38830316354,
130,6698.370558137674,13194,90533888,17.266346241803465,2547.6724618008184,20301,178130944,33.9725888662078,7906.068908231122,33495,268664832,51.23893510801126,5795.345435647111,11118,70111232,13.37139974758856,2930.173958535708,8865,36311040,6.9251304996420275,5516.699270501974,19983,106422272,20.29653024723059,4077.6266378421656,2076,20422656,3.894946494214907,499.1890125240848,2081,8523776,1.6256284906661094,919.4423580009611,4157,28946432,5.520574984881016,709.568423622805,0,0,0,0,9355,133296128,25.42182987589966,11724.447496098343,9355,133296128,25.42182987589966,11724.447496098343,
135,6274.779856726056,12908,88506368,16.084018259946664,6036.868649287264,20021,183418880,33.33220740838632,17778.3190081914,32929,271925248,49.416225668332984,13175.730371040725,10867,67756032,12.3131169037411,6334.666107849453,8865,36311040,6.5987051959657155,9197.402717540892,19732,104067072,18.911822099706818,7620.808417038314,2041,20750336,3.7709013562055627,4451.290510044096,1944,7962624,1.4470257079478117,4718.845485596708,3985,28712960,5.217927064153375,4581.811682559598,0,0,0,0,9212,139145216,25.286476504472795,28791.93596917065,9212,139145216,25.286476504472795,28791.93596917065,
140,6717.843540308105,13389,93114368,17.757627989957303,42490.626088505494,20205,177582080,33.866272005656924,87602.38177535264,33594,270696448,51.623899995614224,69622.94208697982,11283,72003584,13.731638694209273,44016.56456110963,8995,36843520,7.026343367336732,49993.601792662594,20278,108847104,20.757982061546006,46667.88371969623,2106,21110784,4.025989295748029,34315.33464197531,2091,8564736,1.633361198565993,34588.90405451937,4197,29675520,5.659350494314022,34451.630482249224,0,0,0,0,9119,132173824,25.2065674397542,136855.82599714882,9119,132173824,25.2065674397542,136855.82599714882,
145,7264.857662471286,14096,98299904,18.74833528344544,1381.3492959704881,22230,202674176,38.655209723745315,17206.771652676565,36326,300974080,57.40354500719075,11065.849075455597,11892,75182080,14.339168053987294,1104.9224805751767,9587,39268352,7.489490827217444,1927.4491291332013,21479,114450432,21.828658881204735,1472.0514428046,2204,23117824,4.409167229458147,2872.8500621597095,2209,9048064,1.7256999308775771,2258.7205201448623,4413,32165888,6.134867160335724,2565.4373818264216,0,0,0,0,10434,154357760,29.440018965650292,34410.44330161012,10434,154357760,29.440018965650292,34410.44330161012,
150,6178.219228703389,13179,90877952,16.20622612118385,16402.30493679338,19861,179757056,32.05599853762448,19243.329261316147,33040,270635008,48.262224658808336,18110.101066010895,11198,71720960,12.789967971421518,16302.674139846402,8500,34816000,6.208722316224038,16936.897537882352,19698,106536960,18.998690287645555,16576.35161386943,1981,19156992,3.4162581497623323,16965.48800807673,1988,8142848,1.452110584076869,17483.275777665996,3969,27299840,4.868368733839201,17224.83849584278,0,0,0,0,9373,136798208,24.39516563732358,21708.245080657205,9373,136798208,24.39516563732358,21708.245080657205,
155,7357.877798531203,14426,98775040,18.839018789367213,10943.345343615694,22365,199831552,38.11317477407665,26140.09136069752,36791,298606592,56.952193563443856,20181.344437742926,12192,76787712,14.645452425638283,12273.928973179134,9877,40456192,7.716068363366368,17590.758511086362,22069,117243904,22.36152078900465,14653.480622366214,2234,21987328,4.193566363728933,3681.7179435989256,2260,9256960,1.765547686666801,5302.972642920355,4494,31244288,5.959114050395733,4497.035171117045,0,0,0,0,10228,150118400,28.631558724043476,39000.24474921783,10228,150118400,28.631558724043476,39000.24474921783,
160,6756.656175937565,13400,93036544,17.743359176172355,13706.698395,20387,182849536,34.87194228156688,21240.91519610536,33787,275886080,52.615301457739236,18252.827910024564,11386,72560640,13.838320322527661,14453.139822413492,8879,36368384,6.935955187339718,18127.881278860234,20265,108929024,20.77427550986738,16063.207890106096,2014,20475904,3.905038853644695,9486.747008440914,2082,8527872,1.6263834553487209,9740.930550432277,4096,29003776,5.531422308993416,9615.948701416015,0,0,0,0,9426,137953280,26.309603638878443,26713.395164650967,9426,137953280,26.309603638878443,26713.395164650967,
165,6547.1586848251945,13042,88051712,16.793912259981923,2777.387522235854,19695,175390720,33.45189203016355,22038.483225336382,32737,263442432,50.24580429014547,14365.110278522772,11043,68509696,13.066705887354404,2433.443648555646,8711,35680256,6.805217923277784,5507.626155091264,19754,104189952,19.871923810632186,3789.07814356586,1999,19542016,3.7272063726275175,4677.4236388194095,2080,8519680,1.624940107957501,4827.913655769231,4079,28061696,5.352146480585018,4754.16284824712,0,0,0,0,8904,131190784,25.02173399892827,42231.46173427672,8904,131190784,25.02173399892827,42231.46173427672,
170,6949.870767341067,13580,91013120,17.35805318425002,1045.7621979381443,21172,193208320,36.848756467195024,22846.397712214246,34752,284221440,54.20680965144505,14327.38786288559,11500,70569984,13.459131337148676,760.852152173913,8992,36831232,7.024465086983627,1897.3035570507118,20492,107401216,20.483596424132305,1259.5331512297482,2080,20443136,3.8989218471013434,2620.986008653846,2098,8593408,1.6389376948945338,2643.9387540514776,4178,29036544,5.537859541995878,2632.5118247965534,0,0,0,0,10082,147783680,28.185353685316866,45734.61567863519,10082,147783680,28.185353685316866,45734.61567863519,
175,6692.4336682273815,13387,93712384,17.87324040099228,30883.65787876298,20077,178421760,34.029387292592496,62425.09923086119,33464,272134144,51.90262769358478,49807.203122191015,11228,71135232,13.567226104464048,32540.606474706092,8776,35946496,6.855874721758305,37995.06692627621,20004,107081728,20.423100826222353,34933.54513312338,2159,22577152,4.306014296528233,22266.604226493746,2106,8626176,1.645222443484844,23846.957595441596,4265,31203328,5.951236740013077,23046.9615992966,0,0,0,0,9195,133849088,25.52829012734935,94577.73977346385,9195,133849088,25.52829012734935,94577.73977346385,
180,6726.325241166563,13217,91648000,17.479235027137467,2463.5361592645836,20417,186318848,35.53499186209739,12604.627650144488,33634,277966848,53.014226889234855,8619.529052446927,11186,71757824,13.685752779460168,2710.1489106919366,8755,35860480,6.839361012853118,5387.12095396916,19941,107618304,20.525113792313288,3885.4605920966856,2031,19890176,3.793482247677298,1105.2839497784344,2116,8667136,1.6530083270356595,1515.483875236295,4147,28557312,5.446490574712957,1314.587794068001,0,0,0,0,9546,141791232,27.04262252220861,21682.136486591244,9546,141791232,27.04262252220861,21682.136486591244,
185,6731.978188053656,13469,94105600,17.79164690464746,894.978146633009,20489,186130432,35.18990287882437,4912.960490165455,33958,280236032,52.981549783471834,3319.2799381589025,11384,72908800,13.784170398377578,699.48378566409,8714,35692544,6.748048362441697,1473.5785037870096,20098,108601344,20.532218760819273,1035.112274753707,2085,21196800,4.007476506269885,1962.367981294964,2141,8769536,1.6579724057823815,2093.7205109761794,4226,29966336,5.665448912052267,2028.9145421202084,0,0,0,0,9634,141668352,26.783882110600295,8650.428564147809,9634,141668352,26.783882110600295,8650.428564147809,
190,6785.676705933293,13525,94388224,18.002267307177323,25177.893767615526,20405,186912768,35.649082799358744,48114.94433526097,33930,281300992,53.651350106536064,38971.89662151488,11459,72282112,13.786061932379718,26805.223796579106,8939,36614144,6.983261042304205,33791.47285982772,20398,108896256,20.769322974683924,29866.80240116678,2066,22106112,4.216205374797606,16151.962111326235,2109,8638464,1.647577753464545,19146.9482494073,4175,30744576,5.863783128262151,17664.87846227545,0,0,0,0,9357,141660160,27.01824400358999,68327.72784108155,9357,141660160,27.01824400358999,68327.72784108155,
195,6754.07394470227,12913,88215552,16.818495003682845,2659.139286610393,20872,188678144,35.97191595160174,25759.26814679954,33785,276893696,52.79041095528458,16930.14386171378,10881,67956736,12.956105799605428,3053.989089973348,9012,36913152,7.037576123563626,6137.231659675987,19893,104869888,19.993681923169053,4450.770974966069,2032,20258816,3.862389204077418,544.7885433070866,2089,8556544,1.6313245142170898,1296.95659071326,4121,28815360,5.493713718294508,926.0744086386799,0,0,0,0,9771,143208448,27.30301531382102,49087.03006089448,9771,143208448,27.30301531382102,49087.03006089448,
200,6829.814805049875,13432,91811840,17.506630167835635,1084.803907013103,20727,187396096,35.73258250317413,3595.220823949438,34159,279207936,53.23921267100977,2608.074829386106,11282,70332416,13.410945644073418,963.4287367488034,9021,36950016,7.0456083312088005,1532.482666001552,20303,107282432,20.45655397528222,1216.2699669014432,2150,21479424,4.095684523762216,1721.7130562790696,2082,8527872,1.6260898509673787,2222.077655139289,4232,30007296,5.721774374729595,1967.8754132797733,0,0,0,0,9624,141918208,27.06088432099795,5825.774128221115,9624,141918208,27.06088432099795,5825.774128221115,
205,6797.917539211315,13453,95969280,18.302311614701434,4436.253934884412,20541,186814464,35.627406335250434,11366.339960810088,33994,282783744,53.92971794995187,8623.784000735424,11415,74006528,14.11379284056447,5107.115975295664,8911,36499456,6.960815142919525,8446.933587363932,20326,110505984,21.074607983483997,6571.305424333366,2038,21962752,4.188518774136965,678.7023199214917,2125,8704000,1.6599407674451792,1341.8931571764706,4163,30666752,5.8484595415821445,1017.2275491232284,0,0,0,0,9505,141611008,27.00665042488573,16344.43355907417,9505,141611008,27.00665042488573,16344.43355907417,
210,6729.118434676694,13231,91787264,17.505778459468015,1023.0642600710453,20417,185614336,35.40059157790408,5065.340193711123,33648,277401600,52.9063700373721,3475.8444472182596,11139,70897664,13.521688578469895,906.6526739384145,8768,35913728,6.849509818939514,1697.4354911040148,19907,106811392,20.371198397409408,1254.9514502938664,2092,20889600,3.9840898809981207,1642.9058747609943,2108,8634368,1.6467571508125565,1455.7780716318787,4200,29523968,5.630847031810677,1548.9855392857144,0,0,0,0,9541,141066240,26.904324608152013,8957.882420500995,9541,141066240,26.904324608152013,8957.882420500995,
215,6092.363352556703,12525,86224896,15.729784114919125,13344.954395928144,19324,175542272,32.02372133452515,16676.994719157523,31849,261767168,47.753505449444276,15366.63002800716,10574,65880064,12.018329186469014,13455.10192623416,8363,34254848,6.249023065558341,15649.402872294631,18937,100134912,18.267352252027354,14424.153983682736,1951,20344832,3.7114549284501113,12747.97849359303,1956,8011776,1.46156751359944,12002.123622188139,3907,28356608,5.173022442049551,12374.57380240594,0,0,0,0,9005,133275648,24.313130755367368,18646.766899167127,9005,133275648,24.313130755367368,18646.766899167127,
220,7380.328619887114,14657,100597760,19.186274576480056,40245.65543712901,22247,201060352,38.34676954949823,75936.35425706836,36904,301658112,57.533044125978286,61761.23577116302,12434,77619200,14.803741987959977,40982.671934534344,9655,39546880,7.542487012862987,43565.2279399275,22089,117166080,22.346229000822966,42111.4952507583,2223,22978560,4.382532588520078,36123.26986414755,2245,9195520,1.7537942355129368,34733.06617639198,4468,32174080,6.136326824033015,35424.745405998205,0,0,0,0,10347,152317952,29.050488301122307,115082.44552343673,10347,152317952,29.050488301122307,115082.44552343673,
225,6780.175987858993,13295,92913664,17.720244120876384,608.7195654757428,20609,185122816,35.30612560779092,1264.7982857004222,33904,278036480,53.0263697286673,1007.5257932102406,11301,71032832,13.54719068701456,560.7078631094593,8924,36552704,6.971233403927917,1150.161476243837,20225,107585536,20.518424090942478,820.7960729295427,1994,21880832,4.173053433861826,880.8260090270812,2033,8327168,1.588135086304959,994.9474874569602,4027,30208000,5.761188520166785,938.4393603178545,0,0,0,0,9652,140242944,26.74675711755804,1427.6272911313715,9652,140242944,26.74675711755804,1427.6272911313715,
230,6731.250603403251,13314,91824128,17.51263313989828,1438.1464032597266,20345,183914496,35.07604338543013,16098.533668960434,33659,275738624,52.58867652532842,10299.537975222082,11207,70967296,13.534832803188403,1082.2301461586508,8878,36364288,6.935371443305243,2472.58766017121,20085,107331584,20.470204246493648,1696.797933532487,2107,20856832,3.977800336709878,3331.242508305648,2115,8663040,1.6522088986923393,3741.3750784869976,4222,29519872,5.630009235402218,3536.6973604926575,0,0,0,0,9352,138887168,26.48846304343255,31828.488660928146,9352,138887168,26.48846304343255,31828.488660928146,
236,5678.003007694103,11213,77361152,14.658407856119455,35899.079215910104,17365,155168768,29.401411807771126,35799.92794166426,28578,232529920,44.05981966389058,35838.831407201345,9465,59527168,11.279220700639806,35884.44927871104,7544,30900224,5.854981143991378,36539.04123117709,17009,90427392,17.134201844631185,36174.7803792698,1748,17833984,3.3791871554796473,35978.29681064073,1754,7184384,1.361298638197359,34075.98321436716,3502,25018368,4.740485793677006,35025.510389206174,0,0,0,0,8067,117084160,22.18513202558239,35483.568501425565,8067,117084160,22.18513202558239,35483.568501425565,
241,7814.90147857842,15511,105775104,20.174229364612504,25355.050844110632,23565,211349504,40.31017894147462,41812.568963335456,39076,317124608,60.48440830608712,35279.84904452861,13050,81416192,15.528313083968506,26137.326814329503,10063,41218048,7.861418451676565,29451.03119457418,23113,122634240,23.389731535645073,27580.05632492537,2461,24358912,4.645916280643996,21206.858478667207,2446,10018816,1.9108645068867016,22340.305015126738,4907,34377728,6.556780787530697,21771.849354595473,0,0,0,0,11056,160112640,30.53789598291135,57371.8410494754,11056,160112640,30.53789598291135,57371.8410494754,
246,6779.863081228997,13392,90836992,17.323387306855324,748.5116690561529,20512,188342272,35.91847387580924,3148.6049262870515,33904,279179264,53.241861182664564,2200.5737529495045,11361,71294976,13.59655857253568,729.7859967432445,8940,36618240,6.983409952801849,1394.825798769575,20301,107913216,20.579968525337527,1022.6511674301759,2031,19542016,3.7268287343196445,853.2592629246677,2021,8278016,1.578688088882834,827.1727288471054,4052,27820032,5.3055168232024785,840.2481855873642,0,0,0,0,9551,143446016,27.356375834124556,5281.407760653335,9551,143446016,27.356375834124556,5281.407760653335,
251,6048.9597137272185,12528,86773760,15.893794096199686,23601.7907274106,18967,172384256,31.574520572700493,26637.43730943217,31495,259158016,47.46831466890018,25429.925628861725,10577,66506752,12.181615989615025,23288.141963694812,8199,33583104,6.151202161658778,23550.137241492863,18776,100089856,18.332818151273802,23402.5486148807,1951,20267008,3.712178106584661,25302.181795489494,2005,8212480,1.5042273855501709,24148.531165087283,3956,28479488,5.2164054921348315,24717.48272724975,0,0,0,0,8763,130588672,23.919091025491547,30095.503049069954,8763,130588672,23.919091025491547,30095.503049069954,
256,7453.38541768929,14892,102989824,19.642130372784276,22168.284495500942,22378,205692928,39.229577754553006,36837.902721199396,37270,308682752,58.871708127337286,30976.35309369466,12584,79028224,15.072194695056467,22755.400203353463,9645,39505920,7.534534976356361,24817.54282633489,22229,118534144,22.60672967141283,23650.14875698412,2308,23961600,4.569935677727808,18967.130220103987,2276,9322496,1.7779783935911952,19411.87391212654,4584,33284096,6.347914071319003,19187.949732111694,0,0,0,0,10457,156864512,29.91706438460545,51717.69738079755,10457,156864512,29.91706438460545,51717.69738079755,
261,6581.918040958919,13130,91062272,17.313819739187196,2806.874145773039,19884,177901568,33.824718096982615,23844.083751810504,33014,268963840,51.13853783616981,15477.373806718362,11020,69115904,13.141120649471247,1575.1290396551724,8682,35561472,6.761361234959663,2692.956920870767,19702,104677376,19.90248188443091,2067.717693838189,2110,21946368,4.17269908971595,9239.969439336493,2061,8441856,1.605063983558151,12273.008533721493,4171,30388224,5.777763073274101,10738.673245025175,0,0,0,0,9141,133898240,25.4582928784648,46542.04559085439,9141,133898240,25.4582928784648,46542.04559085439,
266,6977.762665113693,13627,96198656,18.346761743475874,712.2194570338298,21265,196665344,37.507511638901924,3494.083396473078,34892,292864000,55.8542733823778,2407.6320637108793,11547,74817536,14.269009197237942,719.4070154152594,9095,37253120,7.104819809968197,1450.950884002199,20642,112070656,21.37382900720614,1041.7300211704292,2080,21381120,4.077752546237932,672.3181413461538,2119,8679424,1.655317556605015,689.2741009910335,4199,30060544,5.733070102842946,680.8748640152418,0,0,0,0,10051,150732800,28.747374272328713,5934.206876529698,10051,150732800,28.747374272328713,5934.206876529698,
271,6699.18363903765,12955,90181632,17.199712270682664,737.7679040524895,20543,186249216,35.522011021493,2014.5505716302391,33498,276430848,52.72172329217567,1520.7682724341753,10951,70029312,13.356201148742404,733.2036277965483,8890,36413440,6.944880868709129,1475.883831158605,19841,106442752,20.301082017451535,1065.9704746232549,2004,20152320,3.84351112194026,762.7097150698603,2091,8564736,1.6334922268246106,944.038818747011,4095,28717056,5.477003348764871,855.3004735042734,0,0,0,0,9562,141271040,26.943637925959262,2749.458268563062,9562,141271040,26.943637925959262,2749.458268563062,
276,6756.645001536161,13362,91734016,17.493884549890943,4323.477654168538,20427,181518336,34.61595765819642,12630.001844372644,33789,273252352,52.109842208087365,9345.152448725916,11275,70828032,13.507066067008134,4995.438689135255,8944,36634624,6.986305742731942,8361.32849541592,20219,107462656,20.493371809740076,6484.360912161828,2087,20905984,3.986818482882808,693.2137973167225,2092,8568832,1.6340956634386432,1036.5240286806884,4179,29474816,5.620914146321451,865.0742912179948,0,0,0,0,9391,136314880,25.995556252025832,19278.12984176339,9391,136314880,25.995556252025832,19278.12984176339,
281,6766.471682700667,13266,94535680,18.029309393648244,2390.6624234132364,20570,189657088,36.17032551360896,11920.973970199319,33836,284192768,54.1996349072572,8184.4474014658945,11192,72970240,13.916470833962023,2648.8415110793426,8905,36474880,6.9562825021853385,5254.821738012353,20097,109445120,20.872753336147362,3803.5538522665074,2074,21565440,4.112838559686222,997.4414257473481,2076,8503296,1.6217004463264193,1595.5277687861271,4150,30068736,5.734539006012642,1296.6287144578314,0,0,0,0,9589,144678912,27.592342565097198,20347.05718448222,9589,144678912,27.592342565097198,20347.05718448222,
286,6691.477223105804,13119,90353664,17.192682716161784,6025.589328531138,20418,184147968,35.040057552618045,43497.64319575864,33537,274501632,52.23274026877983,28839.329253421594,11139,70766592,13.465614002771074,6789.02052877278,8805,36065280,6.862576332372479,11811.564464281657,19944,106831872,20.328190335143553,9006.404170577618,1980,19587072,3.7270687133907088,1730.7104702020201,2176,8912896,1.6959643497152201,2266.834106617647,4156,28499968,5.423033063105929,2011.4142798363812,0,0,0,0,9437,139169792,26.481516870530346,82568.7636586839,9437,139169792,26.481516870530346,82568.7636586839,
291,6802.565010994648,13460,91467776,17.443952571108916,1227.946794947994,20557,185405440,35.3589410743471,6321.265886705259,34017,276873216,52.80289364545602,4305.9184141164715,11346,70430720,13.431945029788986,1190.919401374934,8826,36151296,6.894466230469182,2497.1982851801495,20172,106582016,20.32641126025817,1762.4649808149911,2114,21037056,4.012007541319932,1426.6756537369915,2091,8564736,1.633393257184575,1800.6941152558586,4205,29601792,5.645400798504507,1612.662004042806,0,0,0,0,9640,140689408,26.831081586693344,10802.981262759335,9640,140689408,26.831081586693344,10802.981262759335,
296,6755.910477536254,13312,92213248,17.587006923617526,1062.4665785757213,20470,186507264,35.57086009239108,4985.32400346849,33782,278720512,53.15786701600861,3439.498473891422,11218,70770688,13.497459495680877,978.2214807452309,8815,36106240,6.886219785532292,2583.8354559273967,20033,106876928,20.38367928121317,1684.7301010832127,2094,21442560,4.0895474279366475,1513.7853500477556,2025,8294400,1.5819166268522848,1834.6281274074074,4119,29736960,5.671464054788932,1671.5194175770819,0,0,0,0,9630,142106624,27.102723680006505,7846.100815057112,9630,142106624,27.102723680006505,7846.100815057112,
301,6816.113975810003,13438,92700672,17.67635893734095,624.5098912784641,20652,186380288,35.53938497374626,1885.0176779004455,34090,279080960,53.21574391108721,1388.1357877090056,11265,70340608,13.412694946578126,628.5707138038172,8891,36417536,6.944172291971475,1500.7357018333146,20156,106758144,20.3568672385496,1013.2908422306014,2173,22360064,4.263663990762825,603.4582733548091,2153,8818688,1.6815659593537942,969.6623766836972,4326,31178752,5.9452299501166195,785.7138060564031,0,0,0,0,9608,141144064,26.913646722420992,2445.739057243963,9608,141144064,26.913646722420992,2445.739057243963,
306,6082.950293742312,12365,87105536,16.551345621458914,47828.114524625955,18165,160067584,30.415218449214375,64960.280700412884,30530,247173120,46.96656407067329,58021.55699377661,10384,66461696,12.628709397808349,49754.52753784668,7954,32579584,6.190604865658055,55202.76069160171,18338,99041280,18.819314263466403,52117.666729959645,1981,20643840,3.922636223650566,37730.248432105,1873,7671808,1.4577574696225217,46987.2606422851,3854,28315648,5.380393693273088,42229.05068162948,0,0,0,0,8338,119816192,22.766856113933798,78305.78090657231,8338,119816192,22.766856113933798,78305.78090657231,
311,7430.661979947076,14408,99713024,19.017373039498125,1583.0416055663522,22748,207028224,39.48464109876738,11221.72142790575,37156,306741248,58.50201413826551,7484.125914926257,12219,77987840,14.873923047652164,1394.7730620345365,9766,40001536,7.629135109420748,2676.2023908457913,21985,117989376,22.50305815707291,1963.9992992494883,2189,21725184,4.14344999184596,2633.956787574235,2280,9338880,1.7811210372188515,3025.463771929825,4469,31064064,5.924571029064811,2833.6963096889685,0,0,0,0,10702,157687808,30.074384952127783,20766.012810035507,10702,157687808,30.074384952127783,20766.012810035507,
316,6798.216276597983,13357,92991488,17.73519593158949,2663.997093059819,20637,186769408,35.620378984654785,18361.179298444542,33994,279760896,53.35557491624427,12193.406670412425,11216,71163904,13.572272127711571,2182.993512214693,8990,36823040,7.022834489934789,3222.625626585095,20206,107986944,20.59510661764636,2645.543878847867,2141,21827584,4.162923803877919,5183.817813638487,2161,8851456,1.68813629952715,6682.480888940306,4302,30679040,5.851060103405069,5936.632993956299,0,0,0,0,9486,141094912,26.909408195192846,35368.69192473118,9486,141094912,26.909408195192846,35368.69192473118,
321,6663.429710991257,13211,91213824,17.394079275876656,4364.602182575127,20113,180375552,34.39683277523824,26949.60311002834,33324,271589376,51.790912051114894,17995.982678730044,11178,70127616,13.373031177075047,4263.692677133655,8761,35885056,6.843124008080982,7873.630858349503,19939,106012672,20.21615518515603,5849.863919705101,2033,21086208,4.021048098801608,4919.430737333989,2074,8495104,1.619979362260011,4654.481121986499,4107,29581312,5.641027461061619,4785.6334394935475,0,0,0,0,9278,135995392,25.933729404897242,49946.44250431127,9278,135995392,25.933729404897242,49946.44250431127,
326,6875.8318776595925,13750,94810112,18.083151595243713,1254.5738122181817,20630,188907520,36.03036901424116,7460.378507464857,34380,283717632,54.11352060948487,4978.41764185573,11625,73609216,14.039500467366173,1362.2302869677421,8871,36335616,6.930299295865857,2739.822232442791,20496,109944832,20.96979976323203,1958.4743418227947,2125,21200896,4.043651127877542,665.629568,2061,8441856,1.6101168807101263,1029.7114740417273,4186,29642752,5.653768008587669,844.8872861920688,0,0,0,0,9698,144130048,27.489952837665175,13145.020647246854,9698,144130048,27.489952837665175,13145.020647246854,
331,6698.343823230223,13174,93458432,17.809147709064018,4647.180009336572,20349,184328192,35.12500614468593,19272.67326669615,33523,277786624,52.934153853749955,13525.089572741103,11101,71692288,13.66145910293849,5168.588521574633,8869,36327424,6.922440769237357,8308.107452136655,19970,108019712,20.58389987217585,6562.899658037055,2073,21766144,4.147688606125529,1855.0160467920887,2086,8544256,1.6281668107598521,2285.538086289549,4159,30310400,5.775855416885381,2070.9499189709063,0,0,0,0,9394,139456512,26.574398564688725,33396.571307536724,9394,139456512,26.574398564688725,33396.571307536724,
336,6723.131264341728,13276,91922432,17.53211170993715,3442.1546962940647,20341,188297216,35.913408226429056,14251.712198613637,33617,280219648,53.4455199363662,9982.809994348097,11206,71389184,13.615861999487327,3998.329825004462,8789,35999744,6.866131798352982,6838.532759813403,19995,107388928,20.48199379784031,5246.769114528632,2070,20533248,3.9162497104498235,431.28585942028985,2012,8241152,1.5718121718382296,965.0678896620278,4082,28774400,5.488061882288053,694.3846945124939,0,0,0,0,9540,144056320,27.475464256237842,23883.490231865828,9540,144056320,27.475464256237842,23883.490231865828,
341,6689.678056633806,13351,93601792,17.851198516507296,3409.6565621301775,20101,181329920,34.582205422972955,8915.62650873091,33452,274931712,52.43340393948025,6718.143405865119,11220,72134656,13.75710909654341,3862.998753921569,8814,36102144,6.885194456699427,6277.174836623553,20034,108236800,20.642303553242837,4925.120546520915,2131,21467136,4.094089419963887,1022.7492923510089,2067,8466432,1.614669496482609,1200.119435413643,4198,29933568,5.708758916446496,1110.0823284897572,0,0,0,0,9220,136761344,26.082341469790922,13167.607653904555,9220,136761344,26.082341469790922,13167.607653904555,
346,6788.194771924896,13380,91361280,17.424741062657525,1941.6909779521675,20563,183934976,35.080718321439086,11139.788588775957,33943,275296256,52.50545938409661,7513.988098753794,11297,70873088,13.517161829507426,1780.1641280871027,8986,36806656,7.01989344044118,3614.4383071444468,20283,107679744,20.537055269948606,2592.8046533057236,2083,20488192,3.907579233150098,2817.720177628421,2065,8458240,1.613184949311266,2429.141778692494,4148,28946432,5.520764182461364,2624.2740846190936,0,0,0,0,9512,138670080,26.44763993168664,20140.028632253994,9512,138670080,26.44763993168664,20140.028632253994,
351,6786.56214865523,13266,93569024,17.845723640309608,1688.7900355796774,20669,188628992,35.975803934667226,16206.587040301902,33935,282198016,53.821527574976834,10531.234305230588,11245,72114176,13.75380014057481,1382.817762916852,9054,37085184,7.072981169644685,3067.7349168323394,20299,109199360,20.826781310219495,2134.34443475048,2021,21454848,4.091923499734798,3391.2433785254825,2042,8364032,1.5952095812253642,3377.719983839373,4063,29818880,5.687133080960162,3384.4467327098205,0,0,0,0,9573,143179776,27.307613183797173,31369.619909328318,9573,143179776,27.307613183797173,31369.619909328318,
356,6808.888810201997,13328,91521024,17.45442688162133,1786.9225129801919,20720,187899904,35.83531949371182,6521.289817664092,34048,279420928,53.28974637533315,4668.034195106908,11341,72122368,13.754813306999122,1994.3912573847103,9117,37343232,7.121912364829112,4009.2073523088734,20458,109465600,20.876725671828233,2892.283443200704,1987,19398656,3.6996135746222083,602.7740327126321,2125,8704000,1.659982864457811,1121.0589002352942,4112,28102656,5.359596439080019,870.6133672178988,0,0,0,0,9478,141852672,27.053424264424898,10148.441805022156,9478,141852672,27.053424264424898,10148.441805022156,
361,4582.585664826468,9254,62898176,11.994220132148318,102452.52104960017,13664,121548800,23.178463299133977,115482.95767322891,22918,184446976,35.172683431282294,110221.43133955842,7820,49328128,9.406511660032704,103351.06728401534,6112,25034752,4.77394330865398,107359.85086305629,13932,74362880,14.180454968686684,105109.72973270169,1434,13570048,2.5877084721156147,97552.4990460251,1425,5836800,1.1130348846256417,95064.26553473684,2859,19406848,3.700743356741256,96312.29871248688,0,0,0,0,6127,90677248,17.291485105854353,128335.0982185409,6127,90677248,17.291485105854353,128335.0982185409,
366,8870.592132600194,17449,121663488,23.200217357600888,10082.695545991175,26914,244183040,46.563679014691346,41748.4549855094,44363,365846528,69.76389637229224,29293.575097761648,14760,93827072,17.892043867978437,10638.547323170731,11513,47157248,8.992495789585531,13651.219716668114,26273,140984320,26.88453965756397,11958.720020096676,2689,27836416,5.30817348962245,7031.608810710301,2668,10928128,2.0839033064026924,7558.229276986507,5357,38764544,7.392076796025142,7293.886840209072,0,0,0,0,12733,186097664,35.487279918703116,74317.60536959083,12733,186097664,35.487279918703116,74317.60536959083,
371,6772.746298536286,13296,91078656,17.36763434472205,746.749824232852,20576,190701568,36.36455836578383,3107.93432654549,33872,281780224,53.73219271050587,2181.082970181861,11241,69386240,13.231144351483698,749.3238143403612,8845,36229120,6.9084694090243985,1553.277088976823,20086,105615360,20.139613760508094,1103.3498381459722,2055,21692416,4.136489993238351,732.6699104622871,2125,8704000,1.6597509886011133,1024.112561882353,4180,30396416,5.796240981839464,880.8315454545454,0,0,0,0,9606,145768448,27.796337968158316,5000.404086716635,9606,145768448,27.796337968158316,5000.404086716635,
376,6282.352282812358,12809,87273472,16.205390359855734,11266.45540791631,19457,174776320,32.45337244356522,40263.82972770725,32266,262049792,48.658762803420956,28752.41313865989,10794,67768320,12.58357269929193,10594.279399203262,8435,34549760,6.415378405471587,11203.960326970953,19229,102318080,18.998951104763517,10861.722252483229,2015,19505152,3.6218176605638055,14867.183863523573,2060,8437760,1.56676698462021,16913.573265048544,4075,27942912,5.188584645184015,15901.677646871167,0,0,0,0,8962,131788800,24.471227053473424,72982.14335282304,8962,131788800,24.471227053473424,72982.14335282304,
381,7281.366764289157,14494,99852288,19.04365633795672,22116.68063081275,21916,194117632,37.021780341637744,41966.486147745934,36410,293969920,56.06543667959446,34064.7261597638,12254,76496896,14.589356213293941,23213.567762444916,9569,39194624,7.475131163258178,27809.06770864249,21823,115691520,22.06448737655212,25228.613310039866,2240,23355392,4.454300124662779,16116.12040267857,2277,9326592,1.778751558024754,15181.379993412385,4517,32681984,6.233051682687533,15644.92183905247,0,0,0,0,10070,145596416,27.76789762035481,61476.12107894736,10070,145596416,27.76789762035481,61476.12107894736,
386,6694.834389738109,13142,93143040,17.764654857986482,997.1462365697763,20334,184233984,35.13792483981416,4977.578461689781,33476,277377024,52.90257969780064,3414.941339496953,11075,71974912,13.727375337050944,988.5100239277652,8722,35725312,6.813690398916363,2319.537247878927,19797,107700224,20.541065735967305,1574.9230889023588,2067,21168128,4.037279520935538,1043.419122399613,2095,8581120,1.636629372360672,2177.633628639618,4162,29749248,5.67390889329621,1614.341609322441,0,0,0,0,9517,139927552,26.687605068537124,8029.939488494273,9517,139927552,26.687605068537124,8029.939488494273,
391,6728.447021862424,13306,90800128,17.311152488320385,1005.8238816323463,20351,182390784,34.77302008085612,3805.6183921183238,33657,273190912,52.0841725691765,2698.744168137386,11217,69971968,13.340238991247617,1110.8001939021128,8977,36769792,7.010204614203,2548.804205079648,20194,106741760,20.350443605450614,1750.0475945330297,2089,20828160,3.97091349707277,442.1478190521781,2055,8417280,1.6047644516193789,817.8084749391727,4144,29245440,5.575677948692149,628.437068050193,0,0,0,0,9319,137203712,26.15805101503374,5675.172028436527,9319,137203712,26.15805101503374,5675.172028436527,
396,6566.977781583564,13019,90947584,17.15403907735625,32242.60406436746,20185,180924416,34.12498018761948,36000.691278969534,33204,271872000,51.27901926497573,34527.17792374413,10976,69095424,13.032403404608294,32436.15952223032,8774,35938304,6.778487608751744,34066.373972190566,19750,105033728,19.810891013360038,33160.38745053165,2043,21852160,4.121635672747955,31202.72902496329,2039,8351744,1.5752605692095745,32493.29641490927,4082,30203904,5.696896241957529,31847.380398824105,0,0,0,0,9372,136634368,25.77123200965816,38574.66462270593,9372,136634368,25.77123200965816,38574.66462270593,
401,6876.072512114767,13597,96501760,18.405908739727238,2928.042499154225,20784,188055552,35.86808497701006,3423.5246274056967,34381,284557312,54.273993716737294,3227.5713247724034,11477,74649600,14.238017265769479,2686.1115871743486,9006,36888576,7.035807050508637,3097.1085005551854,20483,111538176,21.273824316278116,2866.8194035053457,2120,21852160,4.167891473957759,4237.778856132075,2138,8757248,1.6702815316441781,3789.770006548176,4258,30609408,5.838173005601938,4012.8274891968063,0,0,0,0,9640,142409728,27.16199639485724,3647.2456873443984,9640,142409728,27.16199639485724,3647.2456873443984,
406,6743.822325908238,13233,89784320,17.12454883321153,23492.615526335674,20487,188985344,36.04514409742458,47269.91281661542,33720,278769664,53.16969293063612,37938.804422716494,11169,69885952,13.329336322639378,24402.473936252125,8813,36098048,6.884974857075421,28586.89728696244,19982,105984000,20.214311179714798,26248.00106015414,2064,19898368,3.795212510572154,18569.06485755814,2126,8708096,1.660893741761301,20846.14123565381,4190,28606464,5.456106252333455,19724.450151073986,0,0,0,0,9548,144179200,27.49927549858786,70398.35377220361,9548,144179200,27.49927549858786,70398.35377220361,
411,6796.938380404188,13268,92659712,17.672757261434803,2468.2090991860114,20718,184381440,35.16661515884925,11250.13150863983,33986,277041152,52.83937242028405,7821.703728711822,11269,70680576,13.480731115874766,2355.11109947644,9025,36966400,7.050509870234688,5141.160259390582,20294,107646976,20.531240986109452,3594.1026077165666,1999,21979136,4.192026145560037,3105.778563281641,2107,8630272,1.6460303929733502,3749.169894162316,4106,30609408,5.838056538533387,3435.9357805650266,0,0,0,0,9586,138784768,26.470074895641208,18650.297547256414,9586,138784768,26.470074895641208,18650.297547256414,
416,6703.02586456385,13164,91414528,17.43132383298812,2834.4305952597997,20360,184086528,35.102427951697514,14596.09132740668,33524,275501056,52.533751784685634,9977.594075349003,11067,69414912,13.236340397779806,3200.3583973976683,8718,35708928,6.809135279863359,5405.30759096123,19785,105123840,20.045475677643164,4171.940255850392,2097,21999616,4.194983435208316,903.2322231759657,2092,8568832,1.6339425333188973,1127.3477117590824,4189,30568448,5.828925968527213,1015.156215087133,0,0,0,0,9550,139808768,26.659350138515258,25936.60067382199,9550,139808768,26.659350138515258,25936.60067382199,
421,6748.032692502346,13252,90767360,17.306941422320357,2428.974633791126,20499,186499072,35.56045382856907,7402.288081369823,33751,277266432,52.86739525088942,5449.565204793932,11169,71008256,13.539401466486721,2702.694061599069,8906,36478976,6.955578533717739,4656.116248147317,20075,107487232,20.49498000020446,3569.3031770859275,2083,19759104,3.7675399558336373,961.2971065770524,2068,8470528,1.6151062663067914,951.3648945841393,4151,28229632,5.382646222140429,956.3489460370995,0,0,0,0,9525,141549568,26.989769028544536,11370.573172913386,9525,141549568,26.989769028544536,11370.573172913386,
426,6684.0743603818555,13124,91090944,17.372852538452666,4622.010196738799,20299,181760000,34.66524265451851,11684.491014237154,33423,272850944,52.03809519297117,8911.310921221913,11082,70586368,13.462222572739547,4931.478512994045,8917,36524032,6.965858450711921,7795.681925423349,19999,107110400,20.42808102345147,6208.547457872894,2042,20504576,3.9106299657131185,2942.51564201763,2024,8290304,1.581125659329475,2862.9707420948616,4066,28794880,5.491755625042593,2902.9192629119525,0,0,0,0,9358,136945664,26.118258544477108,17298.00540574909,9358,136945664,26.118258544477108,17298.00540574909,
431,5384.38506422124,11104,77836288,13.907422918251905,32917.27401783141,17635,158380032,28.29860137767965,61481.26179977318,28739,236216320,42.206024295931556,50444.88195598316,9392,59748352,10.675555339080173,32881.50306377768,7566,30990336,5.537207903988524,35985.98808379593,16958,90738688,16.212763243068697,34266.60352736172,1712,18087936,3.2318675791717313,33113.512803154204,1820,7454720,1.3319744098941466,33129.95726043956,3532,25542656,4.563841989065878,33121.98644762174,0,0,0,0,8249,119934976,21.42941906379698,91120.80782919141,8249,119934976,21.42941906379698,91120.80782919141,
436,8285.141246762441,16173,110866432,21.144412553528987,13187.19002473258,25256,226648064,43.22625057217176,34007.95996381058,41429,337514496,64.37066312570074,25879.974440995436,13756,86740992,16.543215895595498,14117.309607225938,11151,45674496,8.711026134569835,17925.66198744507,24907,132415488,25.254242030165333,15822.329777933914,2417,24125440,4.601196657933489,7893.551225899876,2558,10477568,1.998278616467549,8744.285757232214,4975,34603008,6.599475274401038,8330.974126633166,0,0,0,0,11547,170496000,32.51694582113437,55135.368239109725,11547,170496000,32.51694582113437,55135.368239109725,
441,6761.150226883858,13468,91291648,17.411856764222673,513.3886926046926,20339,186388480,35.549467967334564,568.9256454102955,33807,277680128,52.961324731557234,546.8008878043008,11448,70680576,13.480751988667732,301.48780223619843,8660,35471360,6.765375070807984,439.42982921478057,20108,106151936,20.246127059475718,360.8958962104635,2020,20611072,3.9311047755549393,1714.3002732673267,2089,8556544,1.6319709610759674,1482.8314576352323,4109,29167616,5.563075736630907,1596.6224061815526,0,0,0,0,9590,142360576,27.15212193545061,486.78638852971847,9590,142360576,27.15212193545061,486.78638852971847,
446,6796.060387368395,13333,93368320,17.80717984567451,2409.852209930248,20650,187650048,35.78856460933917,32233.787258450364,33983,281018368,53.59574445501368,20532.56823711856,11254,72351744,13.798904355955013,619.8370799715657,9025,36966400,7.050221456776155,1289.695805429363,20279,109318144,20.84912581273117,917.9521249568519,2079,21016576,4.008275489719496,12099.52526070226,2041,8359936,1.5944046529950284,16550.750163645273,4120,29376512,5.602680142714524,14304.61021868932,0,0,0,0,9584,142323712,27.143938499567984,64712.86739972872,9584,142323712,27.143938499567984,64712.86739972872,
451,6714.40549241953,13365,93147136,17.76536243902375,1969.1580095024317,20209,182501376,34.807329881409885,5485.327408134989,33574,275648512,52.57269232043363,4085.6251381426105,11274,72003584,13.732786874614066,2169.8524840340606,8711,35680256,6.805068915453845,3803.125147973826,19985,107683840,20.537855790067912,2881.7583221916434,2091,21143552,4.032575564409682,887.0779014825442,2070,8478720,1.6170924870840842,823.200706763285,4161,29622272,5.649668051493767,855.3004938716655,0,0,0,0,9428,138342400,26.385168478871954,8063.208842172253,9428,138342400,26.385168478871954,8063.208842172253,
456,6751.713593659701,13289,91258880,17.405511661676414,10598.516369403265,20471,187801600,35.818793073961565,17505.923280836305,33760,279060480,53.22430473563798,14786.950222600712,11242,71528448,13.642390042542875,10412.992623109767,8928,36569088,6.974704134445558,11644.751865031361,20170,108097536,20.61709417698843,10958.215553792761,2047,19730432,3.763121619133541,11617.401545676601,2107,8630272,1.6460239259942642,12841.211108685335,4154,28360704,5.409145545127805,12238.144624458353,0,0,0,0,9436,142602240,27.19806501352174,24093.15165589233,9436,142602240,27.19806501352174,24093.15165589233,
461,6771.587484962212,13285,92430336,17.62653130740532,7284.317964471208,20579,184291328,35.144488306039506,16851.379886194663,33864,276721664,52.77101961344483,13098.178326128042,11218,71909376,13.713169530834344,8158.229118024604,8968,36732928,7.004995691075552,11701.231896855486,20186,108642304,20.718165221909896,9732.27295635589,2067,20520960,3.9133617765709765,2541.436822447992,2187,8957952,1.7082878653414622,4145.11292866941,4254,29478912,5.621649641912438,3365.8937204983545,0,0,0,0,9424,138600448,26.431204749622495,24701.033218590834,9424,138600448,26.431204749622495,24701.033218590834,
466,6742.223742090045,13324,93380608,17.810471891519622,299.7165151606124,20388,182591488,34.82565207387322,560.2080238865999,33712,275972096,52.63612396539285,457.25391667655435,11266,72736768,13.873074824528707,280.7788506124623,8814,36102144,6.8857574897733995,522.9427789879737,20080,108838912,20.758832314302108,387.07530801792825,2058,20643840,3.937397066990916,403.3859655004859,2112,8650752,1.649956866167622,512.7252959280303,4170,29294592,5.587353933158538,458.7635832134293,0,0,0,0,9462,137838592,26.289937717932204,605.519732826041,9462,137838592,26.289937717932204,605.519732826041,
471,6711.596608882058,13158,92147712,17.574724945761748,1812.4098343973249,20402,181567488,34.62916866229838,7919.9667388491325,33560,273715200,52.203893608060135,5525.353099135876,11076,71143424,13.56871572133777,1587.0192831347056,8947,36646912,6.9894236604760795,2192.5463441376996,20023,107790336,20.55813938181385,1857.590656794686,2082,21004288,4.006009224423979,3011.4615854947165,2028,8306688,1.58427977908187,4227.599961045365,4110,29310976,5.590289003505848,3611.541543065693,0,0,0,0,9427,136613888,26.055465222740438,14150.087678370637,9427,136613888,26.055465222740438,14150.087678370637,
476,6730.065573366217,13270,91013120,17.355933693236796,635.6702188394876,20387,183812096,35.05242486128238,1518.3034001569627,33657,274825216,52.40835855451918,1170.3061836467898,11168,69918720,13.33329379583943,474.8433407055874,8865,36311040,6.92440828940343,1009.7835147208123,20033,106229760,20.257702085242858,711.5649821294863,2102,21094400,4.022639897397368,1490.1490842055184,2040,8355840,1.5934340564447824,1213.5341014705882,4142,29450240,5.61607395384215,1353.911864316755,0,0,0,0,9482,139145216,26.53458251543417,2059.302994515925,9482,139145216,26.53458251543417,2059.302994515925,
481,6683.037912403517,13335,92307456,17.604769322708485,458.4228441694788,20083,181850112,34.68223924477674,2530.9787607429166,33418,274157568,52.28700856748522,1703.9534107068046,11313,72196096,13.769154423236587,446.8986398833201,8675,35532800,6.776773778598513,1300.3139278386168,19988,107728896,20.5459282018351,817.289755703422,2022,20111360,3.835614899471896,522.9002542037587,2092,8568832,1.634237549836091,855.4460372848948,4114,28680192,5.469852449307988,692.002290714633,0,0,0,0,9316,137748480,26.271227916342134,4053.2234884070417,9316,137748480,26.271227916342134,4053.2234884070417,
486,6731.678753519196,13378,92053504,17.556974653078395,3669.0646523396617,20282,183345152,34.96864374037088,7934.254184794399,33660,275398656,52.52561839344927,6239.075766339869,11239,70443008,13.435296346161886,3593.9003770798113,8855,36270080,6.917638629216392,5832.673173800113,20094,106713088,20.35293497537828,4580.480108091968,2139,21610496,4.121678306916508,4064.002141654979,2098,8593408,1.6389842850475427,3606.7782416587224,4237,30203904,5.760662591964051,3837.6023913146096,0,0,0,0,9329,138481664,26.412020826106943,10902.261943509488,9329,138481664,26.412020826106943,10902.261943509488,
491,6713.992795891129,13171,89653248,17.09845363979065,576.5985319262015,20402,183296000,34.957775967682366,7187.5562097833545,33573,272949248,52.05622960747302,4594.016056235665,11092,68997120,13.158966171522,404.71666056617386,8861,36294656,6.922030231276725,593.3810897189933,19953,105291776,20.080996402798725,488.50132987520675,2079,20656128,3.939487468268652,1493.632546897547,2052,8404992,1.6029800287303737,1385.6776349902534,4131,29061120,5.542467496999026,1440.0078847736625,0,0,0,0,9489,138596352,26.43276570767527,14599.974860259248,9489,138596352,26.43276570767527,14599.974860259248,
496,6797.961558671312,13347,93270016,17.788696450233743,576.551779650858,20645,186810368,35.62895207510696,585.3973834826835,33992,280080384,53.41764852534071,581.924146416804,11267,72835072,13.891291567259078,457.15239691133394,8928,36569088,6.974550169412273,555.5383482302867,20195,109404160,20.86584173667135,500.6478053478584,2080,20434944,3.8974048829746675,1223.317570673077,2081,8523776,1.6256764003748814,730.9617438731378,4161,28958720,5.523081283349549,977.0804941119923,0,0,0,0,9636,141717504,27.02872550531981,581.6263200498132,9636,141717504,27.02872550531981,581.6263200498132,
501,6334.033494683772,12636,87879680,16.753872177839515,3102.7254756251978,19049,169709568,32.35437827753086,51060.64740317077,31685,257589248,49.108250455370374,31934.994839608647,10633,67338240,12.837737525224034,2375.7817799304053,8351,34205696,6.52116460298941,4301.489445335888,18984,101543936,19.358902128213444,3222.8943333333336,2003,20541440,3.916134652615482,6961.733122316526,1996,8175616,1.5586450182692926,12291.930973446895,3999,28717056,5.474779670884775,9622.166958489623,0,0,0,0,8702,127328256,24.27456865627216,104826.22843047576,8702,127328256,24.27456865627216,104826.22843047576,
506,7104.094216908133,13859,96264192,18.35963036775634,518.2018872213002,21664,196288512,37.436397178266496,4517.708087287666,35523,292552704,55.796027546022835,2957.3343455789204,11720,74600448,14.227893280909973,435.6849722696246,9263,37941248,7.236203561251253,1045.0916603692108,20983,112541696,21.464096842161226,704.709141924415,2139,21663744,4.131737086846365,970.3282281439925,2158,8839168,1.6858174765389402,808.3610528266914,4297,30502912,5.817554563385305,888.9865562020015,0,0,0,0,10243,149508096,28.5143761404763,8439.568563994924,10243,149508096,28.5143761404763,8439.568563994924,
511,5735.827939691405,11428,80039936,15.204451921695632,29593.881270651033,17368,154198016,29.291581651100444,29430.673944438047,28796,234237952,44.49603357279608,29495.44451409918,9654,61894656,11.757559643249717,28919.01369598094,7753,31756288,6.032450527040901,28670.68265780988,17407,93650944,17.790010170290618,28808.40816148676,1774,18145280,3.4468922784459166,33266.4695264938,1744,7143424,1.3569706847877379,36507.94896559633,3518,25288704,4.803862963233654,34873.388270608295,0,0,0,0,7871,115298304,21.902160439271807,28611.13955342396,7871,115298304,21.902160439271807,28611.13955342396,
516,7808.307958789105,15370,105869312,20.192730726167294,6185.868587963565,23672,214929408,40.99404802855946,41961.84597275261,39042,320798720,61.18677875472676,27877.609191742227,13127,83243008,15.877156596428906,6714.757946979508,10227,41889792,7.989749570027969,10083.02900234673,23354,125132800,23.866906166456875,8189.764715980132,2243,22626304,4.315574129738389,3090.5807521176994,2463,10088448,1.924196068346425,4533.131253349573,4706,32714752,6.2397701980848135,3845.574777730557,0,0,0,0,10982,162951168,31.08010239018507,80043.39628328173,10982,162951168,31.08010239018507,80043.39628328173,
521,6730.86833748445,13225,91213824,17.397315941102875,243.56032257088847,20430,182939648,34.89228622198921,356.2637465491924,33655,274153472,52.289602163092084,311.97603945921855,11138,70090752,13.36848849899647,193.1269259292512,8987,36810752,7.020956413071604,322.8280823411595,20125,106901504,20.389444912068075,251.0461454409938,2087,21123072,4.0288274421064045,512.7156516530905,2039,8351744,1.5929375905477912,380.7701373222168,4126,29474816,5.621765032654196,447.5103914202618,0,0,0,0,9404,137777152,26.278392218369817,382.903238621863,9404,137777152,26.278392218369817,382.903238621863,
526,6740.6667859225045,13262,90451968,17.251490950147264,1914.5580213391645,20443,189874176,36.21383482701746,8945.212783153158,33705,280326144,53.46532577716472,6178.8415192108,11152,69599232,13.274343804052995,2006.07156375538,8753,35852288,6.837943227217271,3768.2240703758707,19905,105451520,20.112287031270267,2780.958320371766,2110,20852736,3.977147146094268,1430.8807582938389,2044,8372224,1.5967960649414032,1594.1374285714287,4154,29224960,5.5739432110356715,1511.212157920077,0,0,0,0,9646,145649664,27.779095534858786,15200.63266991499,9646,145649664,27.779095534858786,15200.63266991499,
531,6749.747759298566,13178,90750976,17.307189749223568,1906.732018667476,20575,187572224,35.77204582848638,6985.588323742406,33753,278323200,53.079235577709944,5002.678111664148,11196,71135232,13.566255839265468,2074.134903179707,8971,36745216,7.007708938449388,3958.491978486233,20167,107880448,20.573964777714856,2912.3640558833736,1982,19615744,3.7409339099581,961.0999828456105,2073,8491008,1.6193267895892967,1083.0452334780512,4055,28106752,5.360260699547397,1023.4409210850802,0,0,0,0,9531,142336000,27.14501010044769,11118.633454306997,9531,142336000,27.14501010044769,11118.633454306997,
536,6773.5833388086085,13290,92233728,17.59162481077048,2854.626692626035,20579,185192448,35.32152644859071,6488.171548471743,33869,277426176,52.91315125936119,5062.389531459447,11199,71041024,13.549566600852792,3261.578035717475,8888,36405248,6.943527902927792,5067.649363411341,20087,107446272,20.493094503780583,4060.719866779509,2091,21192704,4.042058209917686,675.072368723099,2117,8671232,1.6538533495159917,781.4416414737836,4208,29863936,5.695911559433678,728.5856173954372,0,0,0,0,9574,140115968,26.724145196146928,9068.780321600167,9574,140115968,26.724145196146928,9068.780321600167,
541,6792.991245627565,13515,92090368,17.561718793171536,790.5561993340732,20456,184012800,35.091412035014514,2774.5011665037155,33971,276103168,52.65313082818605,1985.209822966648,11442,72224768,13.773330404305195,720.2084304317427,8968,36732928,7.00500351986667,1590.0448938447814,20410,108957696,20.778333924171868,1102.4080092601666,2073,19865600,3.7883883888663417,1178.8433058369515,2038,8347648,1.5919042343318772,1250.6944106967615,4111,28213248,5.380292623198218,1214.462997324252,0,0,0,0,9450,138932224,26.494504280815967,4227.170163492063,9450,138932224,26.494504280815967,4227.170163492063,
546,6509.741806615149,12969,90652672,17.289408071181384,3057.98881486622,19582,171036672,32.62036023984823,24751.867745072002,32551,261689344,49.909768311029616,16108.572121409481,10965,69148672,13.188134242620826,3109.590696124031,8691,35598336,6.789365875051392,6098.342382809803,19656,104747008,19.977500117672218,4431.082398860399,2004,21504000,4.101273828560558,2775.646186127745,2030,8314880,1.585825880376749,3575.5123054187193,4034,29818880,5.687099708937307,3178.156900594943,0,0,0,0,8861,127123456,24.24516848442009,47898.8929641124,8861,127123456,24.24516848442009,47898.8929641124,
551,7009.003216122533,13673,96800768,18.462236091737502,403.55060081913257,21374,196870144,37.54787439230192,3883.467904369795,35047,293670912,56.01011048403943,2525.8364582703225,11511,73347072,13.98905182138296,367.9376749196421,9122,37363712,7.126159083858567,602.4296295768472,20633,110710784,21.115210905241526,471.60828076382495,2162,23453696,4.473184270354544,593.1622520814061,2121,8687616,1.6569374497768055,549.3671305987742,4283,32141312,6.13012172013135,571.4743107634836,0,0,0,0,10131,150818816,28.76477785866655,7535.748911558582,10131,150818816,28.76477785866655,7535.748911558582,
556,6718.873778521431,13245,93347840,17.803823070978435,2115.3065550773877,20351,186904576,35.6474879575172,16353.582536189868,33596,280252416,53.45131102849563,10740.236739969043,11118,71430144,13.62355728542312,1478.8440737542724,8798,36036608,6.873103790191674,2588.8713825869513,19916,107466752,20.496661075614796,1969.204601124724,2127,21917696,4.180265785555314,5442.147113305125,2092,8568832,1.6342956500433032,7802.703741395794,4219,30486528,5.814561435598617,6612.63406897369,0,0,0,0,9461,142299136,27.14008851728222,31044.45740862488,9461,142299136,27.14008851728222,31044.45740862488,
561,6684.601327702976,13194,91271168,17.407555556423592,3530.9296408973773,20231,182145024,34.73933438220171,10400.86114453067,33425,273416192,52.14688993862531,7689.062303575169,11164,70811648,13.505444529886061,3524.9689519885346,8687,35581952,6.7863140115178275,5929.48322953839,19851,106393600,20.291758541403887,4577.2089161755075,2030,20459520,3.902111026537533,3563.710493596059,2054,8413184,1.6045918015031218,6390.0004440116845,4084,28872704,5.5067028280406545,4985.159944662096,0,0,0,0,9490,138149888,26.348428569180765,15361.9957943098,9490,138149888,26.348428569180765,15361.9957943098,
566,6698.468889844791,13449,92024832,17.549380344085716,2665.594197263737,20049,178909184,34.118457473152624,12089.669510000498,33498,270934016,51.66783781723834,8306.029027553883,11348,71327744,13.602390586723136,3076.395127335213,8821,36130816,6.890242756717858,6161.65727196463,20169,107458560,20.492633343440993,4425.74796474788,2101,20697088,3.946989757362582,446.7608062827225,2057,8425472,1.6067599309113063,1134.6946315021876,4158,29122560,5.553749688273888,787.0878573833573,0,0,0,0,9171,134352896,25.62145478552346,20248.581218296804,9171,134352896,25.62145478552346,20248.581218296804,
571,6795.9903341838035,13393,91234304,17.401025653997138,521.7237552452774,20588,186122240,35.498904809088174,1233.3104430250633,33981,277356544,52.89993046308531,952.8513479591536,11360,71262208,13.591768174923327,418.82339154929576,8876,36356096,6.934161071423121,1034.6603631140154,20236,107618304,20.525929246346447,688.9444114943665,2033,19972096,3.80925747907381,1096.7105391047714,2156,8830976,1.6843230362762787,1019.0472495361781,4189,28803072,5.4935805153500885,1056.7386956314156,0,0,0,0,9556,140935168,26.880420701388772,1466.1661938049392,9556,140935168,26.880420701388772,1466.1661938049392,
577,6333.667815285362,13087,89370624,16.263112005650584,4882.639569572859,20106,183218176,33.34090760918265,11448.880785287975,33193,272588800,49.604019614833234,8860.009674208417,10991,68825088,12.524362758648277,4816.1476347921025,8699,35631104,6.483927372343115,6945.718178756179,19690,104456192,19.00829013099139,5756.98735860843,2096,20545536,3.7387492470023065,5231.309824904581,2089,8556544,1.5570668215685444,4589.146824317856,4185,29102080,5.295816068570851,4910.765378494624,0,0,0,0,9318,139030528,25.29991341527099,17190.77773298991,9318,139030528,25.29991341527099,17190.77773298991,
582,7232.990527386862,14303,97533952,18.60207190322583,10800.664095784101,21864,196956160,37.56427966851226,34091.82864763995,36167,294490112,56.16635157173809,24880.848290264606,12026,74219520,14.15544863457299,11557.291526193249,9527,39022592,7.442547413994308,15678.379868374095,21553,113242112,21.597996048567296,13378.922326358279,2277,23314432,4.446623268652839,6804.528180939833,2229,9129984,1.741307671438366,7439.049398384926,4506,32444416,6.1879309400912055,7118.409182645362,0,0,0,0,10108,148803584,28.380424583079588,57324.31494232291,10108,148803584,28.380424583079588,57324.31494232291,
587,6681.187877378255,13219,93581312,17.84277693655704,4884.831953627355,20199,179671040,34.257163317813045,16572.075359077182,33418,273252352,52.09994025437008,11949.007833293434,11161,72687616,13.859058936234133,5418.944673685154,8975,36761600,7.009188208762614,9791.200262172702,20136,109449216,20.868247144996747,7367.742543504172,2058,20893696,3.9837180003229076,1988.2177317784256,1992,8159232,1.5556883467248053,4314.592099899598,4050,29052928,5.539406347047713,3132.449272839506,0,0,0,0,9232,134750208,25.692286762325626,25808.997006282498,9232,134750208,25.692286762325626,25808.997006282498,
592,6774.079804863625,13290,93077504,17.75176180670734,4004.557150940557,20583,187211776,35.70507063621571,13697.332033619978,33873,280289280,53.456832442923044,9894.392282466863,11202,71237632,13.586456668819489,4309.495757454027,9013,36917248,7.040865567851314,7945.8060177521365,20215,108154880,20.627322236670803,5930.770275191689,2088,21839872,4.165305137887851,2368.579052203065,2043,8368128,1.5959711921802102,2546.075910425844,4131,30208000,5.761276330068061,2456.3607228274022,0,0,0,0,9527,141926400,27.06823387618418,21529.86276110003,9527,141926400,27.06823387618418,21529.86276110003,
597,6747.3781400390035,13491,96083968,18.32487362100749,3212.8669825068564,20249,181620736,34.638213881366404,9161.645692577411,33740,277704704,52.963087502373895,6783.0157703023115,11298,72654848,13.856535437353179,3738.097135864755,8805,36065280,6.878272326411926,6749.250625553663,20103,108720128,20.734807763765104,5056.965288713127,2193,23429120,4.468338183654312,506.96170542635656,1993,8163328,1.556887762241791,1088.6664064224785,4186,31592448,6.025225945896103,783.9176225513617,0,0,0,0,9451,137392128,26.20305379271269,13111.554303565761,9451,137392128,26.20305379271269,13111.554303565761,
