5,6195.364496848454,12327,85950464,16.393126851347624,1112.081175387361,18651,167243776,31.89800621746926,3872.8500196772293,30978,253194240,48.29113306881688,2774.2640056168893,10445,65884160,12.565928583869928,1175.9753370990904,8082,33103872,6.313822493928303,2524.7456252165307,18527,98988032,18.87975107779823,1764.3469821881577,1882,20066304,3.8271982674776983,757.471972901169,1914,7839744,1.495255661145604,1274.0523474399163,3796,27906048,5.322453928623302,1017.9395273972603,0,0,0,0,8655,126300160,24.08892806239535,5706.411944656268,8655,126300160,24.08892806239535,5706.411944656268,
10,6202.849439375384,12142,84156416,16.04910304236499,39019.31999126997,18877,169549824,32.334107433839016,66532.36929024738,31019,253706240,48.383210476204006,55762.72988897128,10268,65544192,12.499646981598588,39891.59778992988,8218,33660928,6.419328764827971,46487.53025091263,18486,99205120,18.918975746426558,42823.83694195607,1874,18612224,3.549456060766403,34239.94515848452,1968,8060928,1.5372644206840407,36638.10458892276,3842,26673152,5.086720481450444,35468.362066111404,0,0,0,0,8691,127827968,24.377514248327003,92255.57722460017,8691,127827968,24.377514248327003,92255.57722460017,
15,6281.056300351248,12415,86380544,16.459681515383867,2197.6253387031816,19021,173432832,33.0473628301192,32303.847877661534,31436,259813376,49.50704434550306,20414.01606632523,10463,66576384,12.686028894260012,1526.7139506833605,8304,34013184,6.481160572039814,2984.35862066474,18767,100589568,19.167189466299824,2171.6908430756116,1952,19804160,3.773652621123856,5793.806615778688,1864,7634944,1.4548269877507483,11608.851885729615,3816,27439104,5.228479608874604,8634.279462526207,0,0,0,0,8853,131784704,25.111375270328633,64162.484647012316,8853,131784704,25.111375270328633,64162.484647012316,
20,6298.174714695056,12354,84684800,16.150740298042916,3853.782374453618,19140,171188224,32.64832116161575,34286.79044404389,31494,255873024,48.79906145965867,22348.980648790242,10371,64786432,12.355804560780886,4309.267930575644,8342,34168832,6.516540535249045,7367.266374011028,18713,98955264,18.872345096029928,5672.4819002832255,1983,19898368,3.7949357372620307,1471.6135885022693,1914,7839744,1.495164059514106,1797.2073124346916,3897,27738112,5.290099796776136,1631.5279810110342,0,0,0,0,8884,129179648,24.6366165668526,66563.66256314723,8884,129179648,24.6366165668526,66563.66256314723,
25,6278.051693799218,12478,86163456,16.432939796337006,925.7317598172783,18915,169537536,32.333894804629445,4263.747249748876,31393,255700992,48.766834600966455,2936.962384225783,10539,66867200,12.752792459364976,953.595178100389,8257,33820672,6.450217907318628,2434.5860759355696,18796,100687872,19.203010366683603,1604.187955469249,1939,19296256,3.6801473369720306,774.286393501805,1896,7766016,1.4811206433663702,1131.3106793248944,3835,27062272,5.161267980338401,950.7969661016949,0,0,0,0,8762,127950848,24.402556253944446,6665.308942250628,8762,127950848,24.402556253944446,6665.308942250628,
30,6145.498164652611,12224,84758528,16.16087903220826,33402.46607796139,18514,168079360,32.04763306850945,68337.88571081344,30738,252837888,48.20851210071771,54444.64055524107,10326,65732608,12.533213488081872,34034.51064274646,8041,32935936,6.2798834532444126,37136.51294291755,18367,98668544,18.813096941326286,35392.55498834867,1898,19025920,3.627665544126389,29963.850600632242,1817,7442432,1.4190459189833475,35074.77245019262,3715,26468352,5.0467114631097365,32463.593534858683,0,0,0,0,8656,127700992,24.34870369628169,104304.76593507394,8656,127700992,24.34870369628169,104304.76593507394,
35,6296.06462893604,12304,82817024,15.7937473613995,1055.6460346228869,19181,175804416,33.52705032388486,7129.76564454408,31485,258621440,49.32079768528436,4756.064908305542,10364,63713280,12.150538612521354,1136.4280458317253,8255,33812480,6.448260768007957,2966.326330466384,18619,97525760,18.59879938052931,1947.7396275310168,1940,19103744,3.643208748878148,624.0868778350515,1972,8077312,1.54039615196992,1337.1093422920892,3912,27181056,5.183604900848068,983.5143573619631,0,0,0,0,8954,133914624,25.538393403906984,12243.939172101853,8954,133914624,25.538393403906984,12243.939172101853,
40,6203.784605391145,12185,85749760,16.35226514830072,3991.5755858842836,18840,170131456,32.443643907323555,5385.039008174098,31025,255881216,48.79590905562428,4837.7593369218375,10257,65576960,12.505362551912802,3889.593161548211,8219,33665024,6.419836028367977,4773.79023214503,18476,99241984,18.925198580280778,4282.925902576315,1928,20172800,3.846902596387917,4534.1241991701245,1965,8048640,1.5348555536857373,5281.961519592875,3893,28221440,5.381758150073654,4911.596671461598,0,0,0,0,8656,128417792,24.488952325269842,5988.828397643253,8656,128417792,24.488952325269842,5988.828397643253,
45,6255.956588198266,12245,85237760,16.255620959446862,609.947529358922,19039,171094016,32.62919476679745,1761.4913294815904,31284,256331776,48.884815726244305,1310.7608016557986,10321,65630208,12.51628133749241,622.9247040984401,8255,33812480,6.44834940029956,1608.4025602665051,18576,99442688,18.96463073779197,1060.8618112618433,1924,19607552,3.739339621954451,540.3334854469855,1910,7823360,1.4919863542788805,943.0722130890052,3834,27430912,5.2313259762333315,740.9675412102242,0,0,0,0,8874,129458176,24.688859012219005,2080.0543565472167,8874,129458176,24.688859012219005,2080.0543565472167,
50,4534.559483123327,9012,62722048,11.96106417106738,98386.22749256546,13665,121708544,23.209760385234514,104866.20521931944,22677,184430592,35.17082455630189,102291.01629338096,7584,48578560,9.26390786056678,98296.59047956223,5982,24502272,4.672571401510159,99376.22474088935,13566,73080832,13.93647926207694,98772.66096100544,1428,14143488,2.6971563105005982,98862.28288935575,1463,5992448,1.1427569308608094,97420.86928298017,2891,20135936,3.8399132413614074,98132.85082220685,0,0,0,0,6220,91213824,17.394432052863543,111897.328964791,6220,91213824,17.394432052863543,111897.328964791,
55,7765.777867547913,15237,104964096,20.015100763909064,11250.844022248475,23602,209313792,39.91304453435109,58192.28460037285,38839,314277888,59.928145298260155,39776.60113558537,12922,80736256,15.395209988192132,12347.741924547283,10529,43126784,8.223639894763075,16527.814258809005,23451,123863040,23.618849882955207,14224.505457336574,2315,24227840,4.619890775716932,5128.116292872571,2400,9830400,1.8745118954726354,7042.545399583333,4715,34058240,6.494402671189568,6102.587100106045,0,0,0,0,10673,156356608,29.81489274411538,110796.48045048253,10673,156356608,29.81489274411538,110796.48045048253,
60,6439.515897573921,12566,84021248,16.025074246159363,2480.454979229667,19633,176988160,33.75632321827846,47187.93009988285,32199,261009408,49.78139746443782,29740.36550576105,10627,66326528,12.650223139865382,2395.651795991343,8449,34607104,6.600490045619874,4890.023628713457,19076,100933632,19.250713185485257,3500.440410725519,1939,17694720,3.374851106293982,2945.23240484786,2001,8196096,1.5632122832625597,3811.2757911044478,3940,25890816,4.938063389556541,3385.0681449238577,0,0,0,0,9183,134184960,25.59262088939603,95556.83972057063,9183,134184960,25.59262088939603,95556.83972057063,
65,6273.715910252917,12358,86335488,16.465392103765772,892.2184725683768,19014,169799680,32.38318766778679,3623.6725059429896,31372,256135168,48.848579771552565,2547.703203876068,10391,66174976,12.620498853232744,750.959322490617,8281,33918976,6.468825885344167,1777.6074224127522,18672,100093952,19.089324738576913,1206.2759953406169,1967,20160512,3.844893250533026,1638.4430930350788,1976,8093696,1.5435816869267085,1504.166890182186,3943,28254208,5.388474937459735,1571.1517471468426,0,0,0,0,8757,127787008,24.37078009551592,5847.654240950097,8757,127787008,24.37078009551592,5847.654240950097,
70,6261.5001108067145,12310,85966848,16.39504241790167,2937.6938107229894,19001,172974080,32.98850015761328,8460.082911952002,31311,258940928,49.38354257551495,6288.941465299735,10458,66641920,12.709516873416247,2657.459326831134,8287,33943552,6.473495164720371,3766.0083167611924,18745,100585472,19.183012038136617,3147.539107015204,1852,19324928,3.685525544485424,4520.141020518358,1964,8044544,1.5342035119477264,4618.620227087576,3816,27369472,5.219729056433151,4570.825811320755,0,0,0,0,8750,130985984,24.980801480945185,13768.017641485714,8750,130985984,24.980801480945185,13768.017641485714,
75,6265.736587763943,12270,83030016,15.83453676666809,825.0368234718826,19063,174264320,33.233701679142314,2722.6998565808112,31333,257294336,49.06823844581041,1979.5751823955575,10350,63176704,12.048339750830676,743.2052615458938,8206,33611776,6.410054200941165,1267.2093001462345,18556,96788480,18.45839395177184,974.9350061435654,1920,19853312,3.7861970158374145,1266.1600869791666,1954,8003584,1.526352170197299,589.1750138178096,3874,27856896,5.312549186034714,924.6967847186371,0,0,0,0,8903,132648960,25.297295308003854,4532.5013896439405,8903,132648960,25.297295308003854,4532.5013896439405,
80,6192.505768683594,12135,83247104,15.876857848922848,2488.547852987227,18830,170205184,32.46147171098898,40898.64467684546,30965,253452288,48.33832955991183,25845.955351558212,10218,63950848,12.196682818108266,1028.0955953219807,8203,33599488,6.40808231326088,2214.734881141046,18421,97550336,18.60476513136915,1556.5143598610282,1917,19296256,3.680175030814581,10273.05550495566,1954,8003584,1.526440672938164,12828.973486693962,3871,27299840,5.206615703752744,11563.229552053734,0,0,0,0,8673,128602112,24.526948724789936,83810.23807702065,8673,128602112,24.526948724789936,83810.23807702065,
85,6150.327320534936,12221,86274048,16.30469761330936,1216.6742024384257,18815,171175936,32.350074441333696,7839.725565081052,31036,257449984,48.654772054643054,5231.776386615544,10277,66600960,12.586734235028734,1303.902196555415,8107,33206272,6.2755630038977825,3063.972947206118,18384,99807232,18.862297238926516,2080.06046328329,1944,19673088,3.717963378280628,755.5414372427983,1960,8028160,1.5172201168915325,1418.4878035714287,3904,27701248,5.23518349517216,1088.3731170594262,0,0,0,0,8748,129941504,24.557291320544376,13704.22630647005,8748,129941504,24.557291320544376,13704.22630647005,
90,5729.881115323204,11526,80322560,15.093461016953235,35391.79600997744,17554,158629888,29.808238565250633,50303.407691580265,29080,238952448,44.90169958220387,44393.11758696698,9705,62283776,11.703782163375363,37185.13175177743,7558,30957568,5.817255398578917,41501.495420878535,17263,93241344,17.52103756195428,39074.90042530267,1821,18038784,3.389678853577871,25834.232377814387,1890,7741440,1.4546986905681598,27298.367434391537,3711,25780224,4.844377544146031,26579.911509296686,0,0,0,0,8106,119930880,22.536284476103557,63874.14282950901,8106,119930880,22.536284476103557,63874.14282950901,
95,6929.000788455732,13504,93368320,17.808081760526154,32819.72829939277,21142,190521344,36.338017767453984,40923.36855756314,34646,283889664,54.146099527980134,37764.80600932286,11412,72364032,13.80194693850474,34325.40611435331,9203,37695488,7.189637045059101,37163.77536042595,20615,110059520,20.991583983563842,35592.51803148193,2092,21004288,4.006134822021413,24606.155056405354,2137,8753152,1.6694832516887208,26753.348634066446,4229,29757440,5.675618073710134,25691.175788366047,0,0,0,0,9802,144072704,27.478897470706162,47542.51452468884,9802,144072704,27.478897470706162,47542.51452468884,
100,6185.13978477809,12296,84652032,16.14489246344443,1509.513322869226,18632,166871040,31.825756953632656,25502.16045861958,30928,251523072,47.970649417077084,15963.438614944387,10346,64749568,12.349081146858738,859.6600267736322,8153,33394688,6.369057350097375,1696.335554642463,18499,98144256,18.718138496956115,1228.4051253581276,1950,19902464,3.7958113165856915,4957.401631282051,1862,7626752,1.4545792697021112,8044.134403329754,3812,27529216,5.250390586287803,6465.139412381952,0,0,0,0,8617,125849600,24.00212033383317,51798.52055576187,8617,125849600,24.00212033383317,51798.52055576187,
105,6283.008647727156,12496,86962176,16.585685670762352,680.6942379961588,18921,172269568,32.85576599976087,1746.8142970773215,31417,259231744,49.44145167052322,1322.7688357577108,10555,67391488,12.853105663466298,632.118418190431,8175,33484800,6.38632096267167,1552.5960785321101,18730,100876288,19.23942662613797,1033.875218686599,1941,19570688,3.732580007296054,944.8455919629057,1880,7700480,1.4686585210792342,1220.8482457446808,3821,27271168,5.201238528375288,1080.6438094739597,0,0,0,0,8866,131084288,25.000786516009963,2037.4245060906835,8866,131084288,25.000786516009963,2037.4245060906835,
110,6192.20290197389,12352,85897216,16.382014074975988,2384.049279630829,18612,164286464,31.33213497368804,11578.47345959596,30964,250183680,47.71414904866403,7910.680943418163,10464,66424832,12.668309677835373,2202.926102828746,8121,33263616,6.3439195223346525,4740.259956655585,18585,99688448,19.012229200170026,3311.652937745494,1888,19472384,3.7137043971406154,3387.901462923729,1975,8089600,1.542819979880672,4051.560013670886,3863,27561984,5.256524377021288,3727.2039836914314,0,0,0,0,8516,122933248,23.445395471472715,19845.12281528887,8516,122933248,23.445395471472715,19845.12281528887,
115,6202.965247117206,12224,86790144,16.551678837613448,26075.604516770287,18795,169058304,32.24097372899417,48291.7290273477,31019,255848448,48.79265256660762,39536.775417711724,10312,67043328,12.785779376754775,27942.075061675718,8147,33370112,6.36398732786053,34137.64833312876,18459,100413440,19.149766704615306,30676.531719269733,1912,19746816,3.7658994608586736,16009.15877458159,1894,7757824,1.4794884005115803,16984.760619852164,3806,27504640,5.245387861370254,16494.652703888598,0,0,0,0,8754,127930368,24.39749800062206,68237.89004854923,8754,127930368,24.39749800062206,68237.89004854923,
120,6449.92569040612,12481,85032960,16.218563145933995,2231.227399807708,19769,179687424,34.27226139927642,5993.443333906622,32250,264720384,50.49082454521041,4537.436602945737,10535,65486848,12.49048109716728,2482.775476032273,8566,35086336,6.692110400196079,3404.0755512491246,19101,100573184,19.182591497363358,2895.9400456520602,1946,19546112,3.728082048766716,869.429361253854,1988,8142848,1.5531071066530242,786.6180523138834,3934,27688960,5.28118915541974,827.5816535332995,0,0,0,0,9215,136458240,26.027043892427315,9523.741010092243,9215,136458240,26.027043892427315,9523.741010092243,
125,6199.917555895355,12462,87216128,16.633861892690366,1193.5885621890548,18540,168181760,32.0756290477559,3943.0242075512406,31002,255397888,48.709490940446265,2837.8223814592607,10565,68050944,12.978677569396408,1316.7677749171792,8058,33005568,6.294822670891794,2594.8825784313726,18623,101056512,19.2735002402882,1869.7962390055307,1897,19165184,3.6551843232939567,507.5641117554033,1843,7548928,1.439731717852268,741.9352989690722,3740,26714112,5.094916041146225,623.057720855615,0,0,0,0,8639,127627264,24.341074659011838,5883.402967357333,8639,127627264,24.341074659011838,5883.402967357333,
130,6283.86441492496,12444,86409216,16.479845393113422,5450.69800032144,18978,172077056,32.81829658750891,15213.861680735588,31422,258486272,49.29814198062234,11347.372951849024,10480,66244608,12.634079424669293,6355.642471087786,8331,34123776,6.508039058116607,10915.969532589124,18811,100368384,19.1421184827859,8375.316318802828,1964,20164608,3.8457659684441308,621.8700707739307,1861,7622656,1.4537823415142246,1265.816455668995,3825,27787264,5.299548309958356,935.1731354248367,0,0,0,0,8786,130330624,24.856475187878083,22243.57391042568,8786,130330624,24.856475187878083,22243.57391042568,
135,6215.072439791021,12101,83763200,15.975206460574801,8308.566015205355,18977,171126784,32.63707338466282,11481.729324550772,31078,254889984,48.612279845237616,10246.178478087393,10227,64311296,12.26536511674743,8073.738690525081,8353,34213888,6.525227362600553,9292.274144738418,18580,98525184,18.790592479347982,8621.55497949408,1874,19451904,3.7098413438273705,9590.091655282818,1889,7737344,1.4756559904169095,8546.091355214397,3763,27189248,5.18549733424428,9066.010718044114,0,0,0,0,8735,129175552,24.636190031645356,14210.285620034345,8735,129175552,24.636190031645356,14210.285620034345,
140,6288.507658598266,12352,84934656,16.19924692616905,4094.9559346664505,19092,170840064,32.583641495157444,15265.250150953278,31444,255774720,48.7828884213265,10877.275524328965,10470,66187264,12.623631900075504,4644.074718911174,8255,33812480,6.4489189513660055,7950.278260448214,18725,99999744,19.07255085144151,6101.629337623498,1882,18747392,3.575615026093544,1040.0815079702445,1956,8011776,1.5280539635217332,1713.2270465235174,3838,26759168,5.103668989615278,1383.1436948931737,0,0,0,0,8881,129015808,24.60666858026971,25049.379207183876,8881,129015808,24.60666858026971,25049.379207183876,
145,6254.665765229262,12180,84332544,16.08378247302061,3693.6298945812805,19096,175411200,33.45417380188972,13598.61346889401,31276,259743744,49.53795627491033,9741.256392057809,10322,66170880,12.6200158264922,3810.3926236194534,8202,33595392,6.407265231129002,6969.337110826627,18524,99766272,19.027281057621202,5209.100391060246,1858,18161664,3.463766646528407,3044.9620317545746,1951,7991296,1.5240885718035457,3533.8902603792926,3809,26152960,4.987855218331953,3295.394946967708,0,0,0,0,8943,133824512,25.522819998957175,21874.315097953706,8943,133824512,25.522819998957175,21874.315097953706,
150,6087.819229513363,11989,83845120,15.991712645283053,24578.898465760278,18451,168591360,32.155295187095774,39823.81335477752,30440,252436480,48.147007832378826,33819.50045712878,10104,63864832,12.180888303138904,25045.761026326207,8140,33341440,6.359186171597658,28940.368939680593,18244,97206272,18.540074474736564,26783.43414706205,1885,19980288,3.8108243421441492,22076.416072148542,1846,7561216,1.4421446772443829,26730.434907367282,3731,27541504,5.252969019388532,24379.101349504155,0,0,0,0,8465,127688704,24.353964338253732,53144.736467926756,8465,127688704,24.353964338253732,53144.736467926756,
155,6471.815501866038,12806,88465408,16.871913723235235,717.0701010463846,19556,174702592,33.31886582662418,11179.20564205359,32362,263168000,50.19077954985942,7039.223325196218,10750,67399680,12.85430782090174,689.6557060465117,8386,34349056,6.5509708529979935,1800.0453441450036,19136,101748736,19.405278673899733,1176.2635397157192,2056,21065728,4.017605902333494,860.4089854085603,1963,8040448,1.5334552569085453,1143.763248599083,4019,29106176,5.55106115924204,998.8076961930828,0,0,0,0,9207,132313088,25.23443971671765,21861.644186271315,9207,132313088,25.23443971671765,21861.644186271315,
160,6301.2659435246,12388,86790144,16.55092753322925,878.969037697772,19124,172605440,32.91595102412953,3593.8039648086174,31512,259395584,49.466878557358775,2526.5478377126174,10407,67309568,12.835971124336034,870.8519182281157,8341,34164736,6.5152336851510295,2297.7930318906606,18748,101474304,19.351204809487065,1505.6991461489226,1981,19480576,3.7149564088932134,921.6115729429581,1845,7557120,1.4411468827602985,1420.2913566395664,3826,27037696,5.156103291653512,1162.088363565081,0,0,0,0,8938,130883584,24.9595704562182,5251.910694898187,8938,130883584,24.9595704562182,5251.910694898187,
165,6310.5570001607,12437,84897792,16.191832086625883,5375.67665506151,19118,172498944,32.89925297902072,16014.55477947484,31555,257396736,49.09108506564661,11821.376923878941,10448,64987136,12.394442412621522,5837.321208269525,8309,34033664,6.4909505865670125,9176.983287399205,18757,99020800,18.885392999188536,7316.729014181373,1989,19910656,3.797389674004363,2950.708182503771,2022,8282112,1.5795766140376097,3650.0056488625123,4011,28192768,5.376966288041973,3303.2336068312143,0,0,0,0,8787,130183168,24.8287257784161,25325.41171241607,8787,130183168,24.8287257784161,25325.41171241607,
170,6263.2118699869825,12412,86401024,16.477614042732455,1212.1983143731873,18908,173670400,33.1208322466984,2696.119048709541,31320,260071424,49.59844628943085,2108.0467576947635,10492,67325952,12.839790557523152,1233.5584039268015,8150,33382400,6.3663863870422635,2548.8589079754597,18642,100708352,19.206176944565414,1808.5878593498553,1920,19075072,3.6378234852093034,1095.474325,1903,7794688,1.4865316925817702,1200.3740982658958,3823,26869760,5.124355177791074,1147.6909790740256,0,0,0,0,8855,132493312,25.26791416707437,3153.100729983061,8855,132493312,25.26791416707437,3153.100729983061,
175,6142.7116961155325,12113,83390464,15.860314425314941,3965.5353462395774,18688,168251392,32.00030137279148,53986.79969279752,30801,251641856,47.86061579810642,34315.11451926886,10249,65363968,12.431794174526049,3565.2739282856865,8240,33751040,6.419224464099176,5646.2172418689315,18489,99115008,18.851018638625224,4492.688764346368,1864,18026496,3.428520250788892,6166.328947424892,1913,7835648,1.4902883980366168,9101.51862362781,3777,25862144,4.918808648825509,7652.963273762245,0,0,0,0,8535,126664704,24.090788510655692,110716.96279543059,8535,126664704,24.090788510655692,110716.96279543059,
180,6358.966459326022,12482,87883776,16.76188439968116,1149.9932270469476,19314,174505984,33.28315263627965,4279.0612610541575,31796,262389760,50.04503703596081,3050.69834746509,10590,68902912,13.141704855119151,1228.5464836638337,8313,34050048,6.494292739305998,2447.965920004812,18903,102952960,19.63599759442515,1764.8123554462254,1892,18980864,3.620179544562011,710.3108868921777,1950,7987200,1.5233815519844456,1128.460741025641,3842,26968064,5.143561096546456,922.5420726184279,0,0,0,0,9051,132468736,25.26547834498921,6639.636510661805,9051,132468736,25.26547834498921,6639.636510661805,
185,6181.958670080684,12023,83812352,15.98324517669302,19286.741975297347,18892,171581440,32.721050750252694,32639.50162449714,30915,255393792,48.70429592694571,27446.545801682034,10148,63516672,12.112803389452578,20404.05746442649,8124,33275904,6.345806070543158,24340.019974273757,18272,96792576,18.458609459995735,22154.044298380035,1875,20295680,3.8704417872404413,13239.532597333333,1933,7917568,1.5099019121565638,12731.628367304707,3808,28213248,5.380343699397005,12981.712514180672,0,0,0,0,8835,130387968,24.86534276755297,44626.70116411997,8835,130387968,24.86534276755297,44626.70116411997,
190,6273.094487486926,12552,86937600,16.578581031765736,714.6729820745697,18820,170651648,32.54244624388485,2428.2734963868224,31372,257589248,49.12102727565058,1742.6585003506311,10705,67674112,12.9051267753514,682.8029475011676,8130,33300480,6.3502409323088544,1719.8492858548586,18835,100974592,19.255367707660255,1130.4369655959651,1847,19263488,3.6734542564143347,899.3880443963184,1938,7938048,1.5137474694728854,1095.9057925696595,3785,27201536,5.1872017258872205,1000.0092850726552,0,0,0,0,8752,129413120,24.678457842103104,3381.383350319927,8752,129413120,24.678457842103104,3381.383350319927,
195,5998.429902977122,11798,81707008,15.576143198348621,43462.14495753518,18210,162643968,31.00548897734244,73028.33625788029,30008,244350976,46.58163217569106,61404.03857188083,9976,62652416,11.943687906654326,44796.29506074579,8081,33099776,6.309946520245398,50834.125054943695,18057,95752192,18.253634426899726,47498.38866339924,1822,19054592,3.6324552916942943,36157.270407793636,1913,7835648,1.4937418256687844,35992.103927861994,3735,26890240,5.126197117363079,36072.67509959839,0,0,0,0,8216,121708544,23.20180063142826,103481.32228249757,8216,121708544,23.20180063142826,103481.32228249757,
200,6507.117763672177,12753,87728128,16.730544169475394,3075.5172864424057,19787,179863552,34.30159938229543,15487.033200788397,32540,267591680,51.032143551770815,10622.741176951444,10771,67989504,12.966210788548045,2950.855201281218,8546,35004416,6.675657413032809,6100.245851626492,19317,102993920,19.641868201580856,4344.171580524926,1982,19738624,3.7643333809273467,3752.9821296670034,2068,8470528,1.6154059829337526,3981.8928824951645,4050,28209152,5.379739363861099,3869.86791654321,0,0,0,0,9173,136388608,26.010535986328865,26825.975189687124,9173,136388608,26.010535986328865,26825.975189687124,
205,5574.346195882885,11735,81526784,14.609499653808882,2540.192413634427,17931,162209792,29.067795683789154,12668.698827115051,29666,243736576,43.67729533759804,8662.158587035663,9917,62976000,11.285221924101263,2716.5125566199454,7904,32374784,5.801521566705456,5037.1612899797565,17821,95350784,17.086743490806718,3745.7705998541046,1818,18550784,3.324277729707618,1578.3844609460948,1749,7163904,1.2837628061953243,1370.6354882790167,3567,25714688,4.608040535902942,1476.5193212783852,0,0,0,0,8278,122671104,21.982511310888373,22342.53133172264,8278,122671104,21.982511310888373,22342.53133172264,
210,7014.224627174554,13769,94883840,18.095140004973413,3281.3139551165664,21307,192749568,36.758950932615534,35532.84438968414,35076,287633408,54.85409093758895,22872.583169660167,11598,73871360,14.087884739464515,3508.3862751336437,9197,37670912,7.184157246956205,6413.119580515386,20795,111542272,21.27204198642072,4793.062024573214,2171,21012480,4.007255265508897,2068.239442192538,2142,8773632,1.6732048301598554,5776.574755368814,4313,29786112,5.680460095668753,3909.939938557848,0,0,0,0,9968,146305024,27.901588855499476,68794.48550391253,9968,146305024,27.901588855499476,68794.48550391253,
215,6244.971048120428,12343,85078016,16.226748848179078,3403.714089119339,18883,166764544,31.806646411090608,6303.00358539427,31226,251842560,48.03339525926969,5156.973666335745,10481,65703936,12.53157182002025,3602.3390332983495,8264,33849344,6.456013310931198,5539.8654715634075,18745,99553280,18.987585130951448,4456.5251355028,1862,19374080,3.695177028158829,2285.6753995703543,1877,7688192,1.46635249087825,2770.8541518380393,3739,27062272,5.161529519037079,2529.2379879646965,0,0,0,0,8742,125227008,23.88428060928116,7782.8043014184395,8742,125227008,23.88428060928116,7782.8043014184395,
220,6215.752634335736,12243,83337216,15.89365718831876,1427.90026578453,18839,173047808,33.00281278345085,6585.18372217209,31082,256385024,48.89646997176961,4553.762920532785,10385,65052672,12.406520370828593,1584.7123966297545,8137,33329152,6.35636923922883,3869.6794556962022,18522,98381824,18.762889610057425,2588.5336340567974,1858,18284544,3.4871368174901676,551.4234203444564,1890,7741440,1.476408733211563,1133.52056984127,3748,26025984,4.96354555070173,844.9569348986125,0,0,0,0,8812,131977216,25.17003481101046,10261.954214026327,8812,131977216,25.17003481101046,10261.954214026327,
225,6277.115083001806,12353,86769664,16.549248832905324,2696.703734477455,19034,171302912,32.671954526518434,6594.28828927183,31387,258072576,49.221203359423754,5060.313649918757,10454,66793472,12.739265517286023,2677.7678986990622,8258,33824768,6.451269678159562,4926.9333297408575,18712,100618240,19.190535195445587,3670.3720099401457,1899,19976192,3.809983315619301,2800.945560294892,1905,7802880,1.488213700277787,3643.6668803149605,3804,27779072,5.298197015897088,3222.970827024185,0,0,0,0,8871,129675264,24.732471148081082,8780.056640063127,8871,129675264,24.732471148081082,8780.056640063127,
230,6250.960401209784,12411,85274624,16.263700005297125,3163.4287018773666,18846,170139648,32.44928050434853,27125.09298179985,31257,255414272,48.712980509645654,17610.801291038806,10453,66134016,12.613175478434478,3044.2198976370423,8288,33947648,6.474544677645544,5077.517921090734,18741,100081664,19.08772015608002,3943.4234629955713,1958,19140608,3.650524526862648,3799.838114913177,1908,7815168,1.4905201791684,3986.056791928721,3866,26955776,5.141044706031048,3891.743245732023,0,0,0,0,8650,128376832,24.484215647534587,53353.94652554914,8650,128376832,24.484215647534587,53353.94652554914,
235,6230.045974471582,12186,83828736,15.987640751083287,39752.784769489575,18967,171630592,32.73302661740897,53824.70211193125,31153,255459328,48.72066736849225,48320.24396231502,10225,63762432,12.16063732884362,40382.25022474328,8212,33636352,6.415054522031464,43338.43381600098,18437,97398784,18.575691850875085,41698.96008271411,1961,20066304,3.8270034222396667,36470.64082253952,1920,7864320,1.499866619861229,35390.1874421875,3881,27930624,5.326870042100896,35936.12124246328,0,0,0,0,8835,130129920,24.818105475516273,67577.67363565364,8835,130129920,24.818105475516273,67577.67363565364,
240,6259.3489237754175,12331,88215552,16.824568797544348,731.5401731408645,18968,170954752,32.60468161318236,2212.534487663433,31299,259170304,49.4292504107267,1629.0608657465095,10341,67670016,12.906101179562157,715.2199633497727,8169,33460224,6.38157136588846,1818.8664567266496,18510,101130240,19.287672545450615,1202.2911791464073,1990,20545536,3.918467617982191,816.3478562814071,1878,7692288,1.4670817756320882,1101.4754627263046,3868,28237824,5.385549393614279,954.7836486556361,0,0,0,0,8921,129802240,24.756028471661807,2806.9121351866384,8921,129802240,24.756028471661807,2806.9121351866384,
245,6300.554825706069,12445,86392832,16.476437819357873,30386.415030373642,19061,172879872,32.97084254891133,55132.49251308955,31506,259272704,49.4472803682692,45357.689800196786,10522,66048000,12.596366387120504,31477.86210406767,8266,33857536,6.457151290290734,36365.99214747157,18788,99905536,19.05351767741124,33628.45199861614,1923,20344832,3.8800714322373673,24414.388972438897,1931,7909376,1.5084392864204461,22861.28087105127,3854,28254208,5.388510718657813,23636.222977685524,0,0,0,0,8864,131112960,25.005251972200146,79663.13349943592,8864,131112960,25.005251972200146,79663.13349943592,
250,6171.026002766219,12178,82735104,15.778489742391155,1326.5925316143866,18681,169238528,32.27563934730025,4826.051948129115,30859,251973632,48.0541290896914,3445.04748348942,10317,63959040,12.197688862193072,1274.7287471164097,8203,33599488,6.407790056776803,2987.9062716079484,18520,97558528,18.605478918969876,2033.540584773218,1861,18776064,3.5808008801980815,1614.114651262762,1889,7737344,1.4755961742352042,1735.5933467443092,3750,26513408,5.056397054433286,1675.3075194666667,0,0,0,0,8589,127901696,24.39225311628824,7261.281344161136,8589,127901696,24.39225311628824,7261.281344161136,
255,4205.104201376048,9004,62627840,11.225369576405608,98065.8201446024,13370,118296576,21.203394292751497,105956.54687688856,22374,180924416,32.42876386915711,102781.0707216412,7591,48152576,8.63083353435084,98948.16427967329,5977,24481792,4.388099016231283,103634.83119692153,13568,72634368,13.018932550582123,101012.74330122347,1413,14475264,2.594536042054769,93325.64015215854,1372,5619712,1.0072731889358075,93493.05437317785,2785,20094976,3.6018092309905767,93408.11494973069,0,0,0,0,6021,88195072,15.808022087584407,111101.34115263246,6021,88195072,15.808022087584407,111101.34115263246,
260,6832.763538097265,13498,92557312,17.65277862933727,3581.244244999259,20668,186609664,35.5906952946841,91805.20904988387,34166,279166976,53.24347392402137,56950.46816899842,11498,71864320,13.70615573092545,2382.0270907114277,8917,36524032,6.965961279718566,4417.239321072109,20415,108388352,20.672117010644016,3270.980676708303,2000,20692992,3.9466228984118197,10475.543665,2073,8491008,1.6194278045145887,13373.110707670045,4073,29184000,5.566050702926408,11950.293598575989,0,0,0,0,9678,141594624,27.005306210450946,189121.624211614,9678,141594624,27.005306210450946,189121.624211614,
265,7804.1719293187025,15286,105717760,20.16347323862538,1689.9332670417375,23736,215306240,41.065206152202364,26051.873424292215,39022,321024000,61.22867939082774,16508.625583491365,12866,81145856,15.47689145022888,1561.824563656148,10265,42045440,8.019296892463755,3234.2577831466147,23131,123191296,23.496188342692633,2304.0115420863776,2420,24571904,4.6865817883964995,2371.026894214876,2322,9510912,1.8140094870239492,3197.8511184323856,4742,34082816,6.500591275420448,2775.8952722479967,0,0,0,0,11149,163749888,31.231899772714662,51820.09159189164,11149,163749888,31.231899772714662,51820.09159189164,
270,6203.019921369267,12081,82276352,15.692513183788263,1997.462425958116,18935,169074688,32.24750132923841,4631.002444045419,31016,251351040,47.940014513026675,3605.2158513670365,10247,63500288,12.11136714732262,2155.8175760710456,8293,33968128,6.478718167628619,4084.569044013023,18540,97468416,18.59008531495124,3018.554141531823,1834,18776064,3.5811460364656447,1112.6940381679387,1905,7802880,1.4882380452589556,1213.755321784777,3739,26578944,5.0693840817246,1164.184208077026,0,0,0,0,8737,127303680,24.280545116350837,5894.7575034909005,8737,127303680,24.280545116350837,5894.7575034909005,
275,6265.9694662109805,12301,84852736,16.183779576092103,2493.8557319730103,19030,172417024,32.88472762483207,5980.759648449815,31331,257269760,49.06850720092417,4611.751156011618,10373,65318912,12.458135397757328,2356.816844114528,8336,34144256,6.512260404822542,3795.482075455854,18709,99463168,18.97039580257987,2997.8299056603773,1928,19533824,3.725644178334777,3231.1505368257262,1923,7876608,1.5022884787036646,2367.6510624024963,3851,27410432,5.2279326570384415,2799.961367956375,0,0,0,0,8771,130396160,24.870178741305857,8849.81467745981,8771,130396160,24.870178741305857,8849.81467745981,
280,6233.37221862473,12314,83808256,15.98405930237182,1455.3124524930975,18855,169697280,32.36496637003395,5288.991170776982,31169,253505536,48.349025672405766,3774.4119498540213,10321,64364544,12.275720046794916,1551.213306462552,8328,34111488,6.505803522318192,3326.2709708213256,18649,98476032,18.78152356911311,2343.8928189715266,1993,19443712,3.708339255576904,958.6778745609633,1831,7499776,1.4303705870994967,1342.476853631895,3824,26943488,5.138709842676401,1142.4477309100419,0,0,0,0,8696,128086016,24.428792260616255,7999.616922838086,8696,128086016,24.428792260616255,7999.616922838086,
285,6169.4308138308015,12201,83914752,15.969826642524252,2018.4025294647981,18715,168345600,32.037871577475805,8281.23835949773,30916,252260352,48.00769822000006,5809.610077629706,10340,65765376,12.51581669216427,1970.1724170212767,8174,33480704,6.371716843656623,3846.3135885735255,18514,99246080,18.887533535820893,2798.4957364696984,1861,18149376,3.4540099503599824,2286.3763944116067,1857,7606272,1.4475505479166075,2014.886495422725,3718,25755648,4.90156049827659,2150.7774857450245,0,0,0,0,8684,127258624,24.21860418590257,13795.712160640258,8684,127258624,24.21860418590257,13795.712160640258,
290,6269.991757074702,12352,85430272,16.293470372367974,4058.2048154954664,19000,170651648,32.54709958881752,27016.828419894737,31352,256081920,48.84056996118549,17971.63453237433,10444,66080768,12.603085655531117,3423.664846610494,8195,33566720,6.401926916697298,5111.591473459426,18639,99647488,19.005012572228416,4165.794719834756,1908,19349504,3.690384716836856,7531.546238469602,1932,7913472,1.5092767300865382,8953.954842650104,3840,27262976,5.199661446923394,8247.195567447916,0,0,0,0,8873,129171456,24.635895942033677,51181.247277921786,8873,129171456,24.635895942033677,51181.247277921786,
295,6304.830302533769,12551,87617536,16.70967882238356,652.989692932834,18977,174460928,33.27171941853036,1200.1304499130526,31528,262078464,49.98139824091391,982.3188652626236,10552,67088384,12.794531785882862,476.3893122630781,8257,33820672,6.44999383088313,884.5144564611844,18809,100909056,19.24452561676599,655.5529741081398,1999,20529152,3.915147036500696,1585.1994062031017,1831,7499776,1.4302941388333548,1416.9010983069363,3830,28028928,5.345441175334051,1504.741390078329,0,0,0,0,8889,133140480,25.391431448813872,1448.6549409382383,8889,133140480,25.391431448813872,1448.6549409382383,
300,5759.828069145869,11546,80883712,15.133152962228294,3719.9753137017146,17813,160096256,29.953634308079966,6327.381795823275,29359,240979968,45.086787270308264,5301.968285738615,9764,62345216,11.66464380605038,3639.8729932404754,7764,31801344,5.949956935166885,5177.152705821742,17528,94146560,17.614600741217266,4320.808621291648,1782,18538496,3.4685091561779133,4158.87489674523,1797,7360512,1.377134545658796,4545.862294936004,3579,25899008,4.84564370183671,4353.179550153674,0,0,0,0,8252,120934400,22.626542827254287,7797.542871667474,8252,120934400,22.626542827254287,7797.542871667474,
305,5575.182962791588,11278,78102528,14.759694988241678,90317.84684403263,16857,148672512,28.0959014573216,101958.70425888355,28135,226775040,42.85559644556328,97292.43129194953,9451,58572800,11.068997185434027,91103.7018110253,7503,30732288,5.807740271490315,92843.53789417566,16954,89305088,16.876737456924342,91873.66701875665,1827,19529728,3.690697802807653,86252.64963929939,1748,7159808,1.3530494461635438,89185.64559038902,3575,26689536,5.043747248971197,87686.74108615385,0,0,0,0,7606,110780416,20.93511173966774,113885.91958716803,7606,110780416,20.93511173966774,113885.91958716803,
311,7301.8559183456155,14293,100261888,18.904552324337633,2888.7271252361293,22639,203415552,38.354354013042546,34171.2264661425,36932,303677440,57.258906337380175,22064.63155983971,12079,77963264,14.700108217233534,2748.3427135524466,9819,40218624,7.583291088841866,4060.7453690803545,21898,118181888,22.283399306075403,3336.8202765549368,2214,22298624,4.204444107104096,3654.6274453477868,2273,9310208,1.7554558147405603,5157.528752309723,4487,31608832,5.959899921844657,4415.958996657009,0,0,0,0,10547,153886720,29.01560710946012,68456.13675301033,10547,153886720,29.01560710946012,68456.13675301033,
316,6256.995163497934,12373,84414464,16.100254172759097,3988.2641474985858,18913,172867584,32.970795628469354,4533.331751810924,31286,257282048,49.071049801228455,4317.768194048456,10490,65789952,12.548026712739901,3906.6123194470924,8064,33030144,6.2997937623916425,4316.137365823412,18554,98820096,18.84782047513154,4084.601430904387,1883,18624512,3.5522274600191963,4443.138112586298,1944,7962624,1.518700282005128,4048.7029763374485,3827,26587136,5.070927742024324,4242.777019074993,0,0,0,0,8905,131874816,25.152301584072585,4835.810569118473,8905,131874816,25.152301584072585,4835.810569118473,
321,5816.23320158331,11537,79155200,15.07182890174415,3776.211098379128,17594,155729920,29.652312281723805,58573.688947084236,29131,234885120,44.72414118346796,36871.773395249045,9771,60895232,11.594974400115408,2994.4482386654386,7777,31854592,6.065387496448344,5620.871447859071,17548,92749824,17.660361896563753,4158.438055049009,1766,18259968,3.476854501628741,8101.581937712344,1788,7323648,1.3944853855792259,9548.500509507829,3554,25583616,4.8713398872079665,8829.51958722566,0,0,0,0,8029,116551680,22.192439399696237,120782.07088977456,8029,116551680,22.192439399696237,120782.07088977456,
326,6652.717295590897,12899,89452544,17.05791701791838,1144.1254132103263,20372,181731328,34.65477642066957,9401.12324366778,33271,271183872,51.712693438587955,6199.926555408614,10863,69238784,13.203307352483737,1190.174015925619,8834,36184064,6.900024677700032,2322.2150783337106,19697,105422848,20.10333203018377,1697.8884265116517,2036,20213760,3.8546096654346456,898.4348575638508,2035,8335360,1.5894894972967586,1272.319431941032,4071,28549120,5.444099162731404,1085.3312242692214,0,0,0,0,9503,137211904,26.165262245672782,17722.410257181942,9503,137211904,26.165262245672782,17722.410257181942,
331,6242.489045419612,12206,85221376,16.252836470955458,2523.0826344420775,19010,170684416,32.55176144290997,12696.325297422409,31216,255905792,48.80459791386543,8718.410127498719,10312,65269760,12.447801074914699,2799.943918832428,8275,33894400,6.464107555376161,6023.124844229607,18587,99164160,18.91190863029086,4234.9157893689135,1894,19951616,3.805035396040759,1015.6942687434002,1959,8024064,1.530294465375456,1669.7182976008166,3853,27975680,5.335329861416215,1348.222966519595,0,0,0,0,8776,128765952,24.557359422158353,21449.955295464904,8776,128765952,24.557359422158353,21449.955295464904,
336,6195.586165148987,12057,84267008,16.0705452681711,661.8595605872107,18925,170110976,32.441832281748596,2839.4299188903565,30982,254377984,48.5123775499197,1992.003483861597,10207,64458752,12.292916486910444,552.0758035661801,8182,33513472,6.391347950429005,1351.015156196529,18389,97972224,18.68426443733945,907.5558070041873,1850,19808256,3.777628781260654,1267.5691864864866,1899,7778304,1.4833988948746861,839.5361948393892,3749,27586560,5.26102767613534,1050.7554625233395,0,0,0,0,8844,128819200,24.567085436444906,4645.853230777929,8844,128819200,24.567085436444906,4645.853230777929,
341,6274.56558390223,12430,86630400,16.52071391823244,4766.01146468222,18948,172191744,32.837555196622866,14691.97821184294,31378,258822144,49.358269114855304,10759.931342469245,10507,67031040,12.783048854462121,5392.7298224992865,8168,33456128,6.3801981694620595,9474.756815866798,18675,100487168,19.163247023924182,7178.11116021419,1923,19599360,3.737665063770318,1341.7110041601666,1924,7880704,1.5028772377626105,1342.9343924116424,3847,27480064,5.240542301532929,1342.322857291396,0,0,0,0,8856,130854912,24.954479789398192,22404.01803466576,8856,130854912,24.954479789398192,22404.01803466576,
346,6273.263460744427,12512,87957504,16.775662542741834,1372.0376735933505,18856,170237952,32.46857067157661,4444.113395577005,31368,258195456,49.24423321431845,3218.7304756120884,10624,68390912,13.043831492789439,1200.4772861445783,8170,33464320,6.382470102179417,2672.4672056303552,18794,101855232,19.426301594968855,1840.3707437480048,1888,19566592,3.7318310499523957,2337.4283283898303,1921,7868416,1.500700742507547,2809.6507522123893,3809,27435008,5.232531792459943,2575.5851349435547,0,0,0,0,8765,128905216,24.58539982688965,6453.714320821449,8765,128905216,24.58539982688965,6453.714320821449,
351,5622.4056361234225,11345,79200256,14.516059671968799,13464.980925077127,17910,161714176,29.63945758735003,62317.32826744835,29255,240914432,44.15551725931883,43372.53658742095,9595,62353408,11.428319010466542,12178.768140072954,7882,32284672,5.917231192307513,13242.557489215935,17477,94638080,17.345550202774053,12658.52940630543,1750,16846848,3.0877406615022585,20517.10188057143,1773,7262208,1.3310391910633368,24894.656513818387,3523,24109056,4.418779852565596,22720.168688617654,0,0,0,0,8255,122167296,22.39118720397918,117212.26955069655,8255,122167296,22.39118720397918,117212.26955069655,
356,6901.64706633298,13553,95195136,18.15610279047794,41018.61479067365,20957,187883520,35.83410502987062,53227.74837634204,34510,283078656,53.990207820348566,48432.89507334107,11474,74223616,14.15630733041826,42104.029873888794,9048,37060608,7.068388539574219,45672.95470545977,20522,111284224,21.224695869992477,43677.542780820586,2079,20971520,3.9997954600596817,35028.20946849447,2156,8830976,1.6842888695095064,38890.152138682744,4235,29802496,5.684084329569188,36994.289373317595,0,0,0,0,9753,141991936,27.081427620786897,63405.912082128576,9753,141991936,27.081427620786897,63405.912082128576,
361,6248.987288222102,12397,85872640,16.37834874083587,1612.5347746228927,18849,171470848,32.70435551336094,4020.5683608679506,31246,257343488,49.082704254196805,3065.1695140177944,10424,65908736,12.570665852076795,1544.9562363775901,8280,33914880,6.468529815126211,2763.1365184782608,18704,99823616,19.039195667203007,2084.227661516253,1973,19963904,3.8076828887590763,1969.5741474911304,1830,7495680,1.4296388359518075,2353.651643169399,3803,27459584,5.237321724710884,2154.391874835656,0,0,0,0,8739,130060288,24.80618686228292,5561.018440782698,8739,130060288,24.80618686228292,5561.018440782698,
366,6258.774016574638,12189,86405120,16.4793471359711,2239.7014079908113,19107,170500096,32.51809925963181,7161.1192998377555,31296,256905216,48.99744639560291,5244.351576048058,10304,66564096,12.695229689815896,2529.4508651979813,8348,34193408,6.521431139658058,4199.436527311931,18652,100757504,19.216660829473955,3276.8795756487243,1885,19841024,3.784117446155203,655.8401840848807,1895,7761920,1.4803679934897007,883.3507741424802,3780,27602944,5.264485439644904,769.8964190476191,0,0,0,0,8864,128544768,24.51630012648405,11292.4933004287,8864,128544768,24.51630012648405,11292.4933004287,
371,5499.628389172785,11554,79462400,14.172432205495294,20652.2167694305,17853,162828288,29.04106687964198,34914.79294370694,29407,242290688,43.21349908513728,29311.031760397185,9727,61677568,11.000437327337533,20708.296625167062,7684,31473664,5.613452013764219,22819.36272136908,17411,93151232,16.613889341101753,21639.97383401298,1827,17784832,3.1719948781577614,20353.646021346467,1813,7426048,1.324464927245514,22356.06926585769,3640,25210880,4.496459805403275,21351.00682967033,0,0,0,0,8356,123928576,22.10314993863225,48762.35779009096,8356,123928576,22.10314993863225,48762.35779009096,
376,7077.856154916852,14101,96927744,18.486601913484403,14571.34473604709,21290,195391488,37.26615834512113,22418.762476186002,35391,292319232,55.752760258605534,19292.079490294145,11884,73875456,14.089940505054289,15033.034671827669,9246,37871616,7.223086599563758,18385.39380726801,21130,111747072,21.313027104618048,16499.949606341692,2217,23052288,4.396661408430114,12096.503420387911,2133,8736768,1.6663252992504323,12002.001687763714,4350,31789056,6.062986707680546,12050.1649845977,0,0,0,0,9911,148783104,28.37674644630694,28423.351062052265,9911,148783104,28.37674644630694,28423.351062052265,
381,6238.063864423892,12408,84353024,16.088195594015694,2015.1056776273372,18784,167206912,31.890469094829015,5689.897478811755,31192,251559936,47.97866468884471,4228.086223711209,10480,64815104,12.361833887525705,2011.3165333969464,8230,33710080,6.429341057528852,3826.6146216281895,18710,98525184,18.791174945054557,2809.814837306253,1928,19537920,3.7263617064899908,2035.702270746888,1940,7946240,1.515543335553581,2444.2280159793813,3868,27484160,5.241905042043571,2240.5988441054806,0,0,0,0,8614,125550592,23.945584701746583,8201.09049860692,8614,125550592,23.945584701746583,8201.09049860692,
386,6196.914084299214,12131,86462464,16.490645398006368,14835.634263951859,18855,173768704,33.14222087095657,25882.04730856537,30986,260231168,49.63286626896294,21557.383375040343,10175,65515520,12.495517226827982,15580.517678132677,8107,33206272,6.333301541600154,18703.339598248425,18282,98721792,18.828818768428135,16965.306941144296,1956,20946944,3.9951281711783873,10960.793395194274,1990,8151040,1.5546157725156415,11426.848549246231,3946,29097984,5.549743943694029,11195.828812468322,0,0,0,0,8758,132411392,25.254303556840775,35811.66924720256,8758,132411392,25.254303556840775,35811.66924720256,
391,6209.652275418143,12396,84987904,16.20768261403023,603.5246378670538,18657,165990400,31.655324976315725,1706.1822745886263,31053,250978304,47.86300759034595,1266.0140439893087,10472,66134016,12.612137620421807,633.1239812834225,8163,33435648,6.376370580670334,1392.5213594266813,18635,99569664,18.988508201092138,965.7754863965656,1924,18853888,3.5955449936084216,442.42051923076923,1899,7778304,1.4833673566939805,524.0607309110059,3823,26632192,5.078912350302402,482.97368741825795,0,0,0,0,8595,124776448,23.79558703895141,2265.258814659686,8595,124776448,23.79558703895141,2265.258814659686,
396,6309.755845528353,12312,86687744,16.53216323462236,1679.6854784762834,19241,176332800,33.628313515899286,9478.286400914714,31553,263020544,50.160476750521646,6435.2675260989445,10422,67149824,12.80609922833108,1749.9027320092114,8236,33734656,6.433514288430814,3643.1080316901407,18658,100884480,19.239613516761892,2585.599958302069,1890,19537920,3.72606400629128,1292.4874804232804,1930,7905280,1.507610803384103,1826.8795015544042,3820,27443200,5.233674809675383,1562.481354973822,0,0,0,0,9075,134692864,25.687188424084372,16401.233438347106,9075,134692864,25.687188424084372,16401.233438347106,
401,5277.049778591054,10590,73351168,13.982278049808807,53938.84633380548,15811,141115392,26.899566862408587,56879.25496432863,26401,214466560,40.881844912217396,55699.794815196394,8857,55967744,10.668631185648175,53431.43180512589,6887,28209152,5.377258707227678,54499.797810657765,15744,84176896,16.045889892875852,53898.774073932924,1733,17383424,3.3136468641606305,56532.1357051356,1642,6725632,1.2820471609217143,55863.51379719854,3375,24109056,4.595694025082345,56206.838765037035,0,0,0,0,7282,106180608,20.240260994259195,59358.679355122214,7282,106180608,20.240260994259195,59358.679355122214,
406,7142.100892597288,13908,95416320,18.197437486552655,3025.4150562266323,21806,194572288,37.10808641011851,32035.398767862054,35714,289988608,55.30552389667117,20738.12449274794,11760,73433088,14.004879126804722,3076.9781045918367,9370,38379520,7.3195960184159,5738.242781003201,21130,111812608,21.32447514522062,4257.10351954567,2148,21983232,4.192558359747933,2743.1145679702045,2229,9129984,1.741235808436397,3642.9368129205923,4377,31113216,5.93379416818433,3201.3516673520676,0,0,0,0,10207,147062784,28.047254583266216,62376.45385696091,10207,147062784,28.047254583266216,62376.45385696091,
411,6226.715097896039,12342,87715840,16.7297032857721,680.3142210338682,18793,170598400,32.537573749820595,581.9736965891556,31135,258314240,49.26727703559269,620.9561521117713,10443,68370432,13.040028356110572,265.36312668773337,8188,33538048,6.3965823256550065,407.0915053737176,18631,101908480,19.43661068176558,327.65028060758954,1899,19345408,3.6896749296615283,2962.217474460242,1881,7704576,1.469464014967888,2018.8978639021798,3780,27049984,5.159138944629416,2492.8036682539687,0,0,0,0,8724,129355776,24.671527409197697,436.29293351673545,8724,129355776,24.671527409197697,436.29293351673545,
416,6212.609439337509,12132,82735104,15.779476760569866,2222.4251447411802,18933,172986368,32.992457152787125,7134.778753921724,31065,255721472,48.77193391335699,5216.327957637212,10260,65175552,12.430468548650314,2547.0370866471735,8125,33280000,6.3472572245967696,4404.556079015384,18385,98455552,18.777725773247084,3367.9422709273863,1872,17559552,3.3490082119195512,443.30200160256413,1975,8089600,1.5428717561327534,849.6058055696202,3847,25649152,4.891879968052304,651.8931148947232,0,0,0,0,8833,131616768,25.1023281720576,11051.486079474696,8833,131616768,25.1023281720576,11051.486079474696,
421,6267.727310302426,12316,84619264,16.135537604218733,917.829794576161,19031,169668608,32.353084572319695,2878.5879062056642,31347,254287872,48.48862217653843,2108.2208247360195,10416,64974848,12.389662278702831,891.5899121543779,8362,34250752,6.531069531268554,1869.9220516622818,18778,99225600,18.920731809971386,1327.2493727233996,1900,19644416,3.7458753255159034,1061.679592105263,1954,8003584,1.5261552097702409,1125.1433377686797,3854,27648000,5.272030535286144,1093.8560734302025,0,0,0,0,8715,127414272,24.295859831280904,4239.5396632243255,8715,127414272,24.295859831280904,4239.5396632243255,
426,6267.141380143807,12288,83415040,15.9094997285842,1088.7446329752604,19049,172429312,32.88692413818851,4885.418662396975,31337,255844352,48.79642386677271,3396.650418036187,10410,65794048,12.548700915308029,396.4521668587896,8291,33959936,6.477076466962514,902.4759696055963,18701,99753984,19.025777382270544,620.7954291749104,1878,17620992,3.3607988132761712,4926.212456336528,1934,7921664,1.5108751522259682,4145.382329369183,3812,25542656,4.871673965502139,4530.062019412381,0,0,0,0,8824,130547712,24.89897251900003,8789.975341228468,8824,130547712,24.89897251900003,8789.975341228468,
431,6190.540150186993,12322,84492288,16.106103065425277,5281.577063382568,18649,165908480,31.625834044262696,12120.653514183066,30971,250400768,47.731937109687976,9399.685510994155,10402,65847296,12.551954279609113,5865.757714862526,8162,33431552,6.372794901105348,7962.6802612104875,18564,99278848,18.92474918071446,6787.707823852618,1920,18644992,3.5541487858161656,2116.6566796875,1895,7761920,1.479594013427424,2670.1064015831134,3815,26406912,5.03374279924359,2391.568140498034,0,0,0,0,8592,124715008,23.773445129729925,18154.890533403166,8592,124715008,23.773445129729925,18154.890533403166,
436,6285.05866664003,12340,85803008,16.364215546842107,554.8913191247974,19088,173940736,33.173705242132755,2896.8787688076277,31428,259743744,49.53792078897486,1977.3126134975182,10432,67211264,12.818427196301897,405.657253642638,8150,33382400,6.3666391400975355,947.1553184049079,18582,100593664,19.18506633639943,643.15640485416,1908,18591744,3.54578835054021,1370.8293542976937,1945,7966720,1.5194003837410681,1024.6208169665808,3853,26558464,5.0651887342812785,1196.0627814689851,0,0,0,0,8993,132591616,25.28766571829415,5068.766663516068,8993,132591616,25.28766571829415,5068.766663516068,
441,6246.635505070298,12274,83849216,15.992035605127219,4398.912130193906,18961,170217472,32.464511926250395,4843.007963978693,31235,254066688,48.456547531377616,4668.4975665439415,10384,65118208,12.419587809599557,4214.776127696457,8181,33509376,6.391033329370611,4653.871150592838,18565,98627584,18.81062113897017,4408.271219660652,1890,18731008,3.5724477955276623,5410.588452910052,1968,8060928,1.537410291187063,4751.593675304878,3858,26791936,5.109858086714725,5074.4293750648,0,0,0,0,8812,128647168,24.536068305692723,5039.016996028143,8812,128647168,24.536068305692723,5039.016996028143,
446,6220.956238029811,12268,85032960,16.217071812001095,322.7416696283013,18840,171577344,32.72239504493805,1389.7542465498939,31108,256610304,48.939466856939134,968.958621833612,10317,64888832,12.375281871181182,308.5855974605021,8161,33427456,6.375121534573262,710.2279682636931,18478,98316288,18.750403405754444,485.9751086697695,1951,20144128,3.841789940819912,397.5997919015889,1885,7720960,1.4725038711763998,406.48910822281164,3836,27865088,5.314293811996312,401.9679778415016,0,0,0,0,8794,130428928,24.874769639188383,2231.131178871958,8794,130428928,24.874769639188383,2231.131178871958,
451,6209.751398812499,12225,84115456,16.043107730225127,1183.3004246216767,18825,169123840,32.25652114243258,1296.1070681009298,31050,253239296,48.299628872657706,1251.6928582286635,10322,64409600,12.284664445743578,1154.8361611121877,8237,33738752,6.434898635268035,1302.6849838533446,18559,98148352,18.719563081011614,1220.4555777250928,1903,19705856,3.7584432844815487,1337.6925044666316,1943,7958528,1.5179079820718457,1484.3068389089037,3846,27664384,5.2763512665533945,1411.762096723869,0,0,0,0,8645,127426560,24.3037145250927,1247.5409088490455,8645,127426560,24.3037145250927,1247.5409088490455,
456,6270.05655813989,12398,87007232,16.593345023761863,286.2052586707533,18956,172924928,32.97890218497214,357.6493466976155,31354,259932160,49.572247208734005,329.3989224022453,10418,67260416,12.827385304358984,174.7089830101747,8181,33509376,6.390648509528095,313.12773389561175,18599,100769792,19.21803381388708,235.59418119253723,1980,19746816,3.765959719402878,872.8558646464647,1937,7933952,1.513101841212067,672.2912348993289,3917,27680768,5.279061560614945,773.6744278784785,0,0,0,0,8838,131481600,25.07515183423198,329.9021162027608,8838,131481600,25.07515183423198,329.9021162027608,
461,6181.164768117648,12217,84213760,16.06136907724371,220.15378579029223,18691,166649856,31.783699527078678,336.9846017334546,30908,250863616,47.84506860432239,290.8049046201631,10292,64397312,12.28194769612965,183.40263369607462,8125,33280000,6.347209326488578,320.3549849846154,18417,97677312,18.629157022618227,243.82169511864038,1925,19816448,3.77942138111406,416.6435818181819,1817,7442432,1.4194313041513533,364.45566978536044,3742,27258880,5.198852685265413,391.3027383752004,0,0,0,0,8749,125927424,24.017058896438748,346.7229381643616,8749,125927424,24.017058896438748,346.7229381643616,
466,6172.659575012484,12225,85291008,16.26654459124787,619.4618369734151,18641,167231488,31.894082628414164,822.6786053859772,30866,252522496,48.16062721966204,742.1911760513186,10327,65445888,12.48171970796516,324.6484314902682,8014,32825344,6.260389394143997,478.5164104067881,18341,98271232,18.742109102109158,391.880206368246,1898,19845120,3.7848248832827136,2223.538780295047,1954,8003584,1.5264288590163926,2944.389439099283,3852,27848704,5.311253742299106,2589.2039379543094,0,0,0,0,8673,126402560,24.107264375253774,662.6754763057766,8673,126402560,24.107264375253774,662.6754763057766,
471,6228.9753084634685,12254,85262336,16.261391298341277,777.5626958544149,18893,169824256,32.389197954483464,2327.0398801672577,31147,255086592,48.65058925282474,1717.4372405368094,10349,66080768,12.603046974257294,214.30617006474054,8196,33570816,6.402688464700477,397.4647088823817,18545,99651584,19.00573543895777,295.2534541925047,1905,19181568,3.6583443240839837,3837.479643569554,1963,8040448,1.5334891967065685,2342.8344431991845,3868,27222016,5.191833520790552,3078.9510685108585,0,0,0,0,8734,128212992,24.453020293076417,4134.206513624914,8734,128212992,24.453020293076417,4134.206513624914,
476,6290.042304164289,12262,86446080,16.487343664227847,211.24992913064753,19190,173821952,33.15202099402213,320.0117427305888,31452,260268032,49.63936465824998,277.60943577514945,10293,65744896,12.539130687255208,194.94500612066454,8255,33812480,6.448852023132001,313.1783447607511,18548,99557376,18.987982710387207,247.566108690964,1969,20701184,3.9482129769726386,296.48434890807516,1903,7794688,1.4866342095724043,311.02992380451917,3872,28495872,5.434847186545043,303.63316838842974,0,0,0,0,9032,132214784,25.216534761317728,328.1497079273693,9032,132214784,25.216534761317728,328.1497079273693,
481,5943.345427643453,11998,82972672,15.343395750721507,5802.1659198199695,18653,168587264,31.17533818946273,5748.660588162762,30651,251559936,46.51873394018424,5769.604667286549,10134,64417792,11.912207383699322,5834.275200710479,8100,33177600,6.13523747745689,5630.67583234568,18234,97595392,18.04744486115621,5743.831256224635,1864,18554880,3.4311883670221865,5627.597543991416,1872,7667712,1.4179215503455922,6826.515646901709,3736,26222592,4.8491099173677785,6228.340233672377,0,0,0,0,8681,127741952,23.62217916166025,5626.316601543601,8681,127741952,23.62217916166025,5626.316601543601,
486,6434.058321777136,12699,88928256,16.960290876679323,21129.421393653043,19474,176885760,33.73544109020297,40900.39255694772,32173,265814016,50.69573196688229,33096.595497218164,10696,68345856,13.034840107239242,22401.37025514211,8492,34783232,6.633816504295556,26828.56890049458,19188,103129088,19.6686566115348,24360.707908692933,2003,20582400,3.925450769440081,14337.227173739391,1993,8163328,1.5569001758197178,15016.128172604114,3996,28745728,5.482350945259799,14675.828197447447,0,0,0,0,8989,133939200,25.544724410087692,59933.12872432974,8989,133939200,25.544724410087692,59933.12872432974,
491,6227.220347547959,12302,85577728,16.32166117381188,964.0838873353927,18836,172613632,32.92143039232184,4283.208294064557,31138,258191360,49.24309156613372,2971.8887343117735,10430,67137536,12.804688091702987,1008.5487811121764,8293,33968128,6.478511277194367,2472.6386647775234,18723,101105664,19.283199368897353,1657.0398031298405,1872,18440192,3.516973082108892,716.3441212606838,1864,7634944,1.4561612228011938,1025.3850697424893,3736,26075136,4.973134304910086,870.5337165417559,0,0,0,0,8679,131010560,24.98675789232628,6712.939418135729,8679,131010560,24.98675789232628,6712.939418135729,
496,6251.233336409146,12356,85258240,16.260764981334326,528.8523909032049,18902,169107456,32.252795725167864,2606.0995403131947,31258,254365696,48.51356070650219,1784.9828412886302,10423,66203648,12.626603141643368,447.37251798906266,8271,33878016,6.461339762700756,1015.0811016805707,18694,100081664,19.087942904344125,698.5503127741522,1933,19054592,3.634161839690958,968.2029937920331,1934,7921664,1.5108488817631798,787.6722637021717,3867,26976256,5.145010721454137,877.9142862684251,0,0,0,0,8697,127307776,24.280607080703927,4523.559797746349,8697,127307776,24.280607080703927,4523.559797746349,
501,5436.044614850783,10740,75198464,14.340975948059624,1528.5694940409683,16444,146583552,27.95470920274578,28790.977124239842,27184,221782016,42.295685150805404,18019.99941866539,9075,57643008,10.993003677599166,868.1297840220386,7430,30433280,5.803881000821559,2273.644654374159,16505,88076288,16.796884678420724,1500.8456571947895,1665,17555456,3.347972270460458,5128.263409009009,1663,6811648,1.2990382374651754,3162.2870511124474,3328,24367104,4.647010507925633,4145.865968149038,0,0,0,0,7351,109338624,20.851789964459044,61391.207275608765,7351,109338624,20.851789964459044,61391.207275608765,
506,7039.400992672934,13670,96227328,18.35286597285093,27001.10631667886,21529,199303168,38.011907909035905,59806.431585164195,35199,295530496,56.364773881886826,47066.047016847064,11562,74457088,14.200757572659267,28304.149227555787,9086,37216256,7.098035169170541,32640.38381421968,20648,111673344,21.298792741829807,30212.27725227625,2108,21770240,4.15210840019166,19854.150844402277,2142,8773632,1.6733426515918226,20562.58035994398,4250,30543872,5.825451051783483,20211.199320235293,0,0,0,0,10301,153313280,29.240530088273538,91928.6565508203,10301,153313280,29.240530088273538,91928.6565508203,
511,6239.929932088582,12293,85831680,16.37038522990502,2859.161977466851,18908,168689664,32.17360750696294,8519.011729268035,31201,254521344,48.543992736867956,6289.066118585943,10425,66400256,12.664295631686484,3159.4520912230214,8272,33882112,6.462220311227599,5459.620204303676,18697,100282368,19.126515942914082,4177.1014805048935,1868,19431424,3.7060895982185356,1183.2923650963598,1844,7553024,1.440562651584102,1486.3902434924078,3712,26984448,5.146652249802638,1333.8614620150863,0,0,0,0,8792,127254528,24.270824544151235,12872.451300955414,8792,127254528,24.270824544151235,12872.451300955414,
516,6287.354530871721,12363,84238336,16.066049194708878,881.7243986087519,19076,172716032,32.94063485331563,2919.6885274166493,31439,256954368,49.0066840480245,2118.284203982315,10450,65544192,12.500676807047139,873.085663062201,8249,33787904,6.444074676998615,1910.6368005818888,18699,99332096,18.944751484045753,1330.797804535002,1913,18694144,3.5653723876617387,928.9145640355463,2092,8568832,1.6342592101201483,1169.4714469407265,4005,27262976,5.199631597781887,1054.5687460674158,0,0,0,0,8735,130359296,24.862300966196866,4291.768873955352,8735,130359296,24.862300966196866,4291.768873955352,
521,6228.165921857626,12299,85811200,16.36657238201691,390.4177932352224,18843,170446848,32.508934440709766,519.2329357851722,31142,256258048,48.87550682272668,468.3595995119132,10407,66408448,12.66593021621194,366.9075516479293,8110,33218560,6.335699380341629,509.473086189889,18517,99627008,19.00162959655357,429.3478219473997,1892,19402752,3.7006421658049686,519.7365480972516,1945,7966720,1.5194741423877274,497.0595439588689,3837,27369472,5.220116308192696,508.24142872035446,0,0,0,0,8788,129261568,24.65376091798041,533.1473221438324,8788,129261568,24.65376091798041,533.1473221438324,
526,6276.997210110625,12405,85753856,16.355200499868083,3149.4636278919793,18982,173494272,33.089282937185345,9832.955824570647,31387,259248128,49.44448343705343,7191.457092617962,10471,66408448,12.665593508997002,3066.735618183555,8168,33456128,6.380840546566799,4481.849481390793,18639,99864576,19.0464340555638,3686.8681378829333,1934,19345408,3.689606990871081,3597.366931747673,1927,7892992,1.5053721514733376,3692.487990140114,3861,27238400,5.194979142344419,3644.8412336182337,0,0,0,0,8887,132145152,25.20307023914521,16082.59216169686,8887,132145152,25.20307023914521,16082.59216169686,
531,6294.963308526086,12298,86626304,16.52098526798704,560.5161983249309,19180,171728896,32.75137492768569,1008.2789026068822,31478,258355200,49.272360195672725,833.34448055785,10393,65912832,12.570603571442973,408.3550178966612,8343,34172928,6.5173095697581855,787.6792523073235,18736,100085760,19.08791314120116,577.2652488791631,1905,20713472,3.9503816965440666,1390.6532839895015,1864,7634944,1.4561027254020447,1446.4562022532189,3769,28348416,5.406484421946111,1418.251224993367,0,0,0,0,8973,129921024,24.77796263252546,1122.3656512871949,8973,129921024,24.77796263252546,1122.3656512871949,
536,6240.666735748602,12348,83988480,16.01713595779291,2751.1028407029476,18860,170737664,32.56075568225504,10488.478391622482,31208,254726144,48.57789164004795,7427.048203761856,10363,64122880,12.228640010692416,2872.0762243558815,8162,33431552,6.375609055718397,5609.918399901985,18525,97554432,18.604249066410812,4078.3524908502022,1985,19865600,3.788495947100493,2119.5425511335015,1868,7651328,1.4591567895224167,2709.6003169164883,3853,27516928,5.24765273662291,2405.612602128212,0,0,0,0,8830,129654784,24.72598983701423,16643.603068403172,8830,129654784,24.72598983701423,16643.603068403172,
541,6260.553028695682,12378,84148224,16.04936687173615,1306.5325742446275,18926,171188224,32.65027448585187,6359.5511999365945,31304,255336448,48.699641357588014,4361.523326539739,10405,65032192,12.40341695008542,1466.5970826525709,8257,33820672,6.450526784458986,3681.9821624076544,18662,98852864,18.853943734544405,2446.7939856392672,1973,19116032,3.645949921650731,462.4011956411556,1925,7884800,1.5038469250434234,959.487396883117,3898,27000832,5.149796846694154,707.8837347357619,0,0,0,0,8744,129482752,24.695900776349454,10076.821369624884,8744,129482752,24.695900776349454,10076.821369624884,
546,6267.313637648019,12357,86126592,16.425020821720263,478.0528049688436,18984,171675648,32.739900970217406,1274.0213427623262,31341,257802240,49.164921791937665,960.1901560894675,10365,65843200,12.556817886962154,454.5813753014954,8275,33894400,6.463929581002291,1170.816742960725,18640,99737600,19.020747467964444,772.5453059549357,1992,20283392,3.868202934758108,600.1820060240964,1913,7835648,1.4943199140129766,908.7540324098275,3905,28119040,5.362522848771085,751.3467400768245,0,0,0,0,8796,129945600,24.781651475202136,1450.553224079127,8796,129945600,24.781651475202136,1450.553224079127,
551,6211.607662436825,12266,85405696,16.288814915872283,2892.156601255503,18794,170975232,32.60887785805673,12073.38505954028,31060,256380928,48.897692773929016,8447.59792916935,10360,66809856,12.742163929441888,3307.5004505791508,8184,33521664,6.39334618346836,6252.8877657624635,18544,100331520,19.135510112910247,4607.384498651854,1906,18595840,3.5466509864303952,634.5688368310598,1908,7815168,1.4905308550901308,1430.2324266247379,3814,26411008,5.037181841520526,1032.6092482957524,0,0,0,0,8702,129638400,24.725000819498238,19881.025265915883,8702,129638400,24.725000819498238,19881.025265915883,
556,6298.420529876503,12416,87011328,16.590879561734987,13710.320577802835,19086,170876928,32.581947632465294,29916.518596300954,31502,257888256,49.17282719420028,23529.109714399085,10565,67223552,12.817846602042772,15505.123396308565,8322,34086912,6.499519828308552,22341.840373467916,18887,101310464,19.317366430351324,18517.5212723037,1851,19787776,3.7730329596922147,3466.0786666666663,1939,7942144,1.5143678138777075,5159.326408973698,3790,27729920,5.287400773569923,4332.36029525066,0,0,0,0,8825,128847872,24.568059990279032,42499.03053076487,8825,128847872,24.568059990279032,42499.03053076487,
561,6303.909320437326,12432,87040000,16.60079702064858,1171.2113655888031,19089,173694976,33.128159927417585,6095.012427157001,31521,260734976,49.72895694806617,4153.046918530504,10481,66744320,12.729881762422053,1080.178234137964,8260,33832960,6.452827453673284,2737.072810290557,18741,100577280,19.182709216095336,1810.4460533055865,1951,20295680,3.870915258226528,1660.251986160943,1843,7548928,1.4397773604261335,2207.702028757461,3794,27844608,5.310692618652661,1926.185151291513,0,0,0,0,8986,132313088,25.23555511331817,9978.931223013577,8986,132313088,25.23555511331817,9978.931223013577,
566,6248.880732185631,12436,85688320,16.342915007786424,1185.726738983596,18810,170078208,32.43818641817952,5020.466135725678,31246,255766528,48.78110142596594,3494.228564904308,10539,66551808,12.693101484058976,1064.9566624916977,8197,33574912,6.40357907833773,2443.3943252409417,18736,100126720,19.096680562396706,1668.023139944492,1897,19136512,3.649813523727446,1856.6786821296785,1875,7680000,1.4647689120267466,2389.1021786666665,3772,26816512,5.114582435754192,2121.3377637857902,0,0,0,0,8738,128823296,24.569838427815046,8002.620524605172,8738,128823296,24.569838427815046,8002.620524605172,
571,6285.698421380209,12341,86249472,16.44946863504122,882.9718185722389,19090,172191744,32.84034819530313,2727.159266841278,31431,258441216,49.28981683034435,2003.0614876077757,10416,66539520,12.690393597200202,855.589387000768,8424,34504704,6.5807248792129585,2090.315576923077,18840,101044224,19.27111847641316,1407.677148354565,1925,19709952,3.7590750378410203,1031.1356664935065,1886,7725056,1.4733199337839078,1559.0531770943796,3811,27435008,5.232394971624928,1292.3931907635792,0,0,0,0,8780,129961984,24.78630338230626,3589.0976870159457,8780,129961984,24.78630338230626,3589.0976870159457,
576,6279.750855891434,12497,88309760,16.842545377363994,2539.3180412899096,18904,169299968,32.28909684984165,12795.223497566654,31401,257609728,49.13164222720564,8713.56843922168,10530,67321856,12.839706670795668,2896.0689154795823,8181,33509376,6.390949152700131,5483.35939897323,18711,100831232,19.2306558234958,4027.308477526589,1967,20987904,4.002838706568325,629.5129039145908,1939,7942144,1.5147354121850083,1249.5465131511087,3906,28930048,5.517574118753334,937.3073658474142,0,0,0,0,8784,127848448,24.383412284956506,22153.764920992715,8784,127848448,24.383412284956506,22153.764920992715,
582,5464.585719380045,11342,75448320,13.519720088703616,16947.18185408217,17741,159989760,28.66885269624122,22768.64311667888,29083,235438080,42.18857278494484,20498.347286112163,9675,58408960,10.466406539897589,16914.996591627907,7687,31485952,5.642024338863448,17890.36410914531,17362,89894912,16.108430878761038,17346.839127462274,1667,17039360,3.053313548806029,17133.9799430114,1682,6889472,1.234536872377822,19074.82142449465,3349,23928832,4.287850421183851,18108.747148701106,0,0,0,0,8372,121614336,21.79229148499995,27989.897155996176,8372,121614336,21.79229148499995,27989.897155996176,
587,6106.310561164725,12287,86761472,16.5324921758163,43423.76124114918,18274,165863424,31.605454544778834,99723.44570635876,30561,252624896,48.13794672059513,77088.2497695756,10383,67252224,12.814983903065237,43222.86307242608,7922,32448512,6.1830989999441375,49150.97115084574,18305,99700736,18.998082903009372,45788.4174126195,1904,19509248,3.717508272751064,44519.310445903364,1952,7995392,1.5235305791329157,51050.04815368853,3856,27504640,5.24103885188398,47825.327044865146,0,0,0,0,8400,125419520,23.89882496570178,158728.8761172619,8400,125419520,23.89882496570178,158728.8761172619,
592,7242.995808359368,14179,97878016,18.668223712904375,1333.5765293744269,22037,200429568,38.22782854634875,17186.704532876523,36216,298307584,56.896052259253125,10980.014065633974,11972,74952704,14.29569073160517,1102.216773304377,9457,38735872,7.388072968402104,2358.701265940573,21429,113688576,21.683763700007272,1656.7257959774138,2207,22925312,4.372532981299204,2588.6009968282738,2225,9113600,1.7382322464518007,3406.5656121348316,4432,32038912,6.110765227751005,2999.244333709386,0,0,0,0,10355,152580096,29.101523331494846,33689.76933191695,10355,152580096,29.101523331494846,33689.76933191695,
597,6280.373245643488,12445,85454848,16.296554488233628,2546.9694573724387,18962,172875776,32.96804767916352,7312.517011338467,31407,258330624,49.26460216739714,5424.172396790524,10511,66502656,12.682301618701105,2800.906968509181,8170,33464320,6.381769168809314,4759.486048837209,18681,99966976,19.06407078751042,3657.4773387398964,1934,18952192,3.614252869532521,1166.8571618407445,1892,7749632,1.4778833864611045,2293.1096950317124,3826,26701824,5.092136255993625,1723.8016973340305,0,0,0,0,8900,131661824,25.108395123893096,10723.189101910113,8900,131661824,25.108395123893096,10723.189101910113,
