5,8914.95055730096,19794,137777152,23.389156774759112,38265.711949580684,30288,273776640,46.476535922493056,59583.055030309035,50082,411553792,69.86569269725217,51157.76273088135,16573,104054784,17.664421283288654,40020.479701743796,13191,54030336,9.172231977163463,46155.726546963844,29764,158085120,26.836653260452117,42739.53766220938,3221,33722368,5.724735491470457,29236.911590499843,3025,12390400,2.1034039671684845,31181.838416859504,6246,46112768,7.828139458638941,30178.85902081332,0,0,0,0,14072,207355904,35.20089997816111,78275.03700014213,14072,207355904,35.20089997816111,78275.03700014213,
11,6758.413035281591,15810,110284800,17.7072309243436,41657.9072456673,24333,219541504,35.24939165511208,84606.16587198454,40143,329826304,52.956622579455676,67691.33716256882,13273,84389888,13.549566526805988,44194.133916145554,10617,43487232,6.98227189317571,49184.737844965624,23890,127877120,20.531838419981696,46412.01762951025,2537,25894912,4.157664397537613,28388.953127709894,2466,10100736,1.621765328112584,27910.81349270073,5003,35995648,5.779429725650197,28153.27606596042,0,0,0,0,11250,165953536,26.64535443382378,130462.16945688888,11250,165953536,26.64535443382378,130462.16945688888,
16,5823.737568447873,11661,79147008,15.0948951458889,80077.33414484178,17460,156581888,29.863253720283645,103818.73391449027,29121,235728896,44.95814886617254,94311.9016383366,9836,60952576,11.62485818278594,81211.45810410737,7767,31813632,6.067486963624648,87157.0259255826,17603,92766208,17.692345146410588,83834.83055592797,1825,18194432,3.47003696310296,73964.87208273972,1759,7204864,1.3741096393737295,75537.72842978964,3584,25399296,4.844146602476689,74736.81804101562,0,0,0,0,7934,117563392,22.421657117285267,126399.7491145702,7934,117563392,22.421657117285267,126399.7491145702,
21,5449.895462600937,11030,77017088,14.20326310177088,68636.50848059838,17153,153968640,28.39444024866071,97014.45283816243,28183,230985728,42.59770335043159,85908.1573315119,9245,58654720,10.816929618537413,68776.50545310978,7438,30466048,5.618458275326906,70788.43663189029,16683,89120768,16.43538789386432,69673.51103410659,1785,18362368,3.3863334832334653,67911.42612156863,1706,6987776,1.288664939191678,64083.86723856975,3491,25350144,4.674998422425143,66040.95477971928,0,0,0,0,8009,116514816,21.487317034142126,128385.24664202772,8009,116514816,21.487317034142126,128385.24664202772,
27,4342.265843258064,9248,63787008,11.329566865660825,123601.30839565312,14067,127152128,22.584199846574776,125139.2353977394,23315,190939136,33.9137667122356,124529.20970975768,7817,49504256,8.792727485929284,123618.37523410516,6087,24932352,4.428374334506995,123368.69539806143,13904,74436608,13.22110182043628,123509.0684761939,1431,14282752,2.536839379731542,123508.07885255067,1451,5943296,1.0556220074535323,126920.73271399035,2882,20226048,3.592461387185074,125226.24705274115,0,0,0,0,6529,96276480,17.10020350461425,126393.99483596263,6529,96276480,17.10020350461425,126393.99483596263,
32,4843.046989325224,10983,76283904,12.555919905684402,92701.60827615406,17078,154644480,25.45364884230641,116088.86369024476,28061,230928384,38.00956874799081,106935.15476280247,9264,58658816,9.654925309778045,93942.5208113126,7370,30187520,4.968703270237008,101434.1574843962,16634,88846336,14.623628580015055,97261.82839100636,1719,17625088,2.9009945959063566,86014.10756311809,1834,7512064,1.2364452913995487,93490.89921592148,3553,25137152,4.137439887305905,89873.50409878975,0,0,0,0,7874,116944896,19.248500280669855,135069.0328016256,7874,116944896,19.248500280669855,135069.0328016256,
37,7638.643350197256,15255,105172992,20.053969263575503,34297.70607099312,22950,205279232,39.14183033775805,79494.87544309368,38205,310452224,59.195799601333555,61447.94915670723,12862,81141760,15.471789193107867,34810.048748639405,10026,41066496,7.83039669107014,38590.92398104927,22888,122208256,23.30218588417801,36466.24654137539,2393,24031232,4.582180070467635,31543.94446636022,2365,9687040,1.8470863928167647,34831.957778012686,4758,33718272,6.4292664632844,33178.276429802434,0,0,0,0,10559,154525696,29.464347253871146,128337.64631499196,10559,154525696,29.464347253871146,128337.64631499196,
42,12050.617052086005,23660,164347904,31.327681738647247,1388.2346918005073,36630,333344768,63.541539301573344,47664.11917455638,60290,497692672,94.8692210402206,29503.770412539394,19945,126160896,24.048547633139115,1507.4237470042617,15818,64790528,12.350245981006932,3053.4965931217603,35763,190951424,36.39879361414605,2191.252851941951,3715,38187008,7.279134105508132,748.3354438761777,3711,15200256,2.897443598148737,1397.2314780382646,7426,53387264,10.17657770365687,1072.6086976838135,0,0,0,0,17101,253353984,48.293849722417676,98967.97557096076,17101,253353984,48.293849722417676,98967.97557096076,
48,7966.747847689316,16635,114593792,20.553524158146317,24375.083097264804,25725,236326912,42.38755704159017,67491.43380835763,42360,350920704,62.94108119973649,50559.41081310198,14016,87875584,15.761350655498127,24621.870024400683,11005,45076480,8.084910224841842,25581.04375974557,25021,132952064,23.84626088033997,25043.74392861996,2619,26718208,4.792173502648191,23054.363138984343,2629,10768384,1.9314156275428627,22535.25530011411,5248,37486592,6.723589130191053,22794.314642721038,0,0,0,0,12091,180482048,32.37123118920546,115412.50202299231,12091,180482048,32.37123118920546,115412.50202299231,
53,9900.895239775355,19728,136716288,26.069440761536665,12368.428496299675,29790,268857344,51.26646360316691,63677.577400604234,49518,405573632,77.33590436470357,43235.98263538511,16698,106782720,20.36162504204149,13291.475750149719,13037,53399552,10.182374594288259,17171.945858939944,29735,160182272,30.543999636329747,14992.827315923994,3030,29933568,5.707815719495175,7281.615610231023,3049,12488704,2.3813806963246837,8627.658552312234,6079,42422272,8.089196415819858,7956.740619345287,0,0,0,0,13704,202969088,38.702708312553966,120167.73509011968,13704,202969088,38.702708312553966,120167.73509011968,
58,6951.226755939425,13701,96096256,18.31580223859368,35556.516606671044,21080,190738432,36.35445901046809,85261.64805237192,34781,286834688,54.670261249061774,65681.70480929242,11536,73605120,14.029025456183813,36827.95956206658,9218,37756928,7.196413837234412,41133.58708353222,20754,111362048,21.225439293418226,38740.327033053865,2165,22491136,4.286776782409867,28781.751741339493,2188,8962048,1.7081529047373503,29287.81974680073,4353,31453184,5.994929687147217,29036.122702963476,0,0,0,0,9674,144019456,27.44989226849633,139969.44238184823,9674,144019456,27.44989226849633,139969.44238184823,
63,8123.837941664919,15820,108175360,20.63189299017235,1959.6371593552465,24801,222720000,42.47857559033024,71315.20317019474,40621,330895360,63.110468580502584,44304.41923352453,13341,82817024,15.79538979054505,1915.9920966194438,10870,44523520,8.491809042149695,4384.75457672493,24211,127340544,24.287198832694745,3024.3910953698733,2479,25358336,4.836503199627301,2194.5176684146836,2543,10416128,1.9866302110567318,4053.0779626425483,5022,35774464,6.823133410684033,3135.640493628037,0,0,0,0,11388,167780352,32.00013633712381,150221.20603407093,11388,167780352,32.00013633712381,150221.20603407093,
68,8989.958564427714,17785,126312448,24.08832521647611,26475.917157548494,27172,247721984,47.24164410037158,66918.12368257766,44957,374034432,71.3299693168477,50919.17706586294,15062,98729984,18.828231111548746,27565.625138826184,11598,47505408,9.059484916683635,33542.84685230212,26660,146235392,27.887716028232383,30165.918365866466,2723,27582464,5.260094104927367,20448.307310319502,2788,11419648,2.1777758189096375,19465.402800573887,5511,39002112,7.437869923837004,19951.05857630194,0,0,0,0,12786,188796928,36.004383364778306,107539.47879727827,12786,188796928,36.004383364778306,107539.47879727827,
73,6401.944193096951,12616,85245952,16.258217444182765,38493.91742247939,19396,171778048,32.76172992380054,94894.3177360796,32012,257024000,49.019947367983306,72666.79523338123,10689,65945600,12.57722952389691,40173.30122873983,8479,34729984,6.623747151125585,46938.458597358185,19168,100675584,19.200976675022495,43165.881014242485,1927,19300352,3.6809879202858538,29178.435582771148,2046,8380416,1.598323702229384,32177.838400293254,3973,27680768,5.2793116225152374,30723.056313868612,0,0,0,0,8871,128667648,24.53965907044557,155195.93495603654,8871,128667648,24.53965907044557,155195.93495603654,
78,6097.251547158912,11947,83382272,15.667127183359097,43843.412647693985,19000,173342720,32.57026194428241,85043.11714447368,30947,256724992,48.23738912764151,69138.0901750412,10063,64196608,12.062233351907802,45481.578129682995,8156,33406976,6.2770098397345775,47135.79033656204,18219,97603584,18.339243191642378,46222.110253252096,1884,19185664,3.604893831451295,35093.487358280254,1890,7741440,1.4545792787025933,45785.86898571429,3774,26927104,5.059473110153888,40448.17768044515,0,0,0,0,8954,132194304,24.838672825845237,127858.4350432209,8954,132194304,24.838672825845237,127858.4350432209,
83,6599.346432820171,13250,90771456,17.310517674322746,56812.8172165283,19752,174678016,33.31186935333098,92866.80621688942,33002,265449472,50.62238702765372,78391.46065435428,11222,70893568,13.519716615097607,58603.978959900196,8735,35778560,6.823129456487035,65347.32962621637,19957,106672128,20.342846071584642,61555.48309730922,2028,19877888,3.7908010592251378,46901.36895019724,2033,8327168,1.5880277258200506,47746.044812592234,4061,28205056,5.378828785045188,47324.22687392268,0,0,0,0,8984,130572288,24.90071217102389,129833.98519668299,8984,130572288,24.90071217102389,129833.98519668299,
88,7930.851877828145,15735,107847680,20.323413085277153,23957.201100285987,24401,224350208,42.2777935784233,69401.55833863365,40136,332197888,62.60120666370046,51585.4590475882,13272,84004864,15.830341016557126,24447.87095268234,10484,42942464,8.092315335588518,26939.289340709653,23756,126947328,23.922656352145644,25547.383933827245,2463,23842816,4.493072068720027,21313.20179821356,2444,10010624,1.886457333095988,21057.790085924717,4907,33853440,6.379529401816015,21185.990421642553,0,0,0,0,11473,171397120,32.29902090973879,118501.75861614224,11473,171397120,32.29902090973879,118501.75861614224,
93,4264.757734044085,8733,60878848,11.105890859970222,125657.65094995992,13562,123531264,22.535326814629745,126405.50572857985,22295,184410112,33.641217674599964,126112.56938492936,7379,46694400,8.518277319764552,125616.7755086055,5981,24498176,4.469106723641384,125739.72202340746,13360,71192576,12.987384043405935,125671.81616017965,1354,14184448,2.58761354020567,125880.41304874445,1339,5484544,1.0005239764179592,128933.02341896937,2693,19668992,3.5881375166236293,127398.21671964352,0,0,0,0,6242,93548544,17.065696114570404,126501.26128019865,6242,93548544,17.065696114570404,126501.26128019865,
98,4887.251720708645,9737,68755456,13.112054934248306,109826.31906141523,14703,130985984,24.979769137514985,122310.21084758213,24440,199741440,38.09182407176329,117336.57523702946,8203,52736000,10.057053930563978,111010.08776959649,6483,26554368,5.064068398590002,116065.49142665432,14686,79290368,15.121122329153978,113241.74934583958,1534,16019456,3.0550010036843274,103496.1660541069,1527,6254592,1.1927861244249471,109758.02293713162,3061,22274048,4.247787128109275,106619.93458085593,0,0,0,0,6693,98177024,18.722914614500038,131222.76231107127,6693,98177024,18.722914614500038,131222.76231107127,
103,7952.094663500395,16215,111886336,20.370513057361013,40180.301094295406,25439,231907328,42.2220569732635,66987.2261933252,41654,343793664,62.59257003062451,56551.87087376963,13632,88375296,16.089990837810117,39942.26877552817,10941,44814336,8.159092962387861,41394.39195567132,24573,133189632,24.24908380019798,40588.819042648436,2583,23511040,4.280522219550893,41436.53669996128,2542,10412032,1.8956598400868243,42588.510892604245,5125,33923072,6.176182059637718,42007.91589951219,0,0,0,0,11956,176680960,32.16730417078881,95594.84861625962,11956,176680960,32.16730417078881,95594.84861625962,
109,6549.3159136938975,13447,92266496,16.96813102124333,49139.96241012865,20516,185573376,34.12759229550077,87526.44613077598,33963,277839872,51.0957233167441,72328.0523907782,11426,71725056,13.190488427283672,49425.50635716786,8882,36380672,6.690532705792562,53530.597378293176,20308,108105728,19.881021133076235,51220.92778959031,2021,20541440,3.7776425939596603,47525.60063928748,2027,8302592,1.5268756805495975,45290.70293290577,4048,28844032,5.304518274509258,46406.49548838933,0,0,0,0,9607,140890112,25.91018390915861,127868.17404600812,9607,140890112,25.91018390915861,127868.17404600812,
114,11260.955109422082,22236,156778496,29.8939799950674,22940.386754362295,34086,305246208,58.20328851427547,56186.22409798744,56322,462024704,88.09726850934287,43060.72359777707,18795,121372672,23.142920242811087,23412.090606171852,14953,61247488,11.678458638996835,26033.664620811876,33748,182620160,34.821378881807924,24573.652661431788,3441,35405824,6.751059752256312,20363.90494827085,3450,14131200,2.694488216714979,20941.327440289853,6891,49537024,9.445547968971292,20652.993265999132,0,0,0,0,15683,229867520,43.830341658563654,92688.55881272715,15683,229867520,43.830341658563654,92688.55881272715,
119,7829.584607729683,15688,108314624,20.052354710201996,40817.089948941866,24645,223666176,41.40746034281085,66967.24991596672,40333,331980800,61.459815053012846,56795.83421262985,13275,83877888,15.52836634985314,40856.35133129943,10543,43184128,7.994704874816958,40994.90820610832,23818,127062016,23.523071224670097,40917.683312620706,2413,24436736,4.523988360348854,40601.09539825943,2444,10010624,1.8532731399082467,41936.944732815056,4857,34447360,6.3772615002571005,41273.28312188594,0,0,0,0,11658,170471424,31.559482328085647,95702.9219450163,11658,170471424,31.559482328085647,95702.9219450163,
124,7527.846092236139,15038,106594304,20.329214045476718,42193.63406071286,22605,202334208,38.588322910331186,80388.86926852466,37643,308928512,58.917536955807904,65130.256855723506,12676,82575360,15.748422808054512,43152.34554449353,9959,40792064,7.779689620308278,46751.61856642233,22635,123367424,23.52811242836279,44735.96206869892,2362,24018944,4.580791237422205,37048.57615707028,2356,9650176,1.8404406813381164,35696.34306451613,4718,33669120,6.421231918760322,36373.319445315814,0,0,0,0,10290,151891968,28.96819260868479,123176.91314402333,10290,151891968,28.96819260868479,123176.91314402333,
129,13266.705359724067,25903,181624832,34.63985156160994,1436.2419938231092,40435,361951232,69.03206357279296,42477.17492870038,66338,543576064,103.67191513440291,26451.921140341885,21933,139415552,26.589613179435243,1532.7804637304519,17635,72232960,13.776414737472178,2907.025582137794,39568,211648512,40.36602791690742,2145.2656199959565,3970,42209280,8.050238382174697,902.8973438287154,4184,17137664,3.26852958670732,1764.578038957935,8154,59346944,11.318767968882018,1345.0450049055678,0,0,0,0,18616,272580608,51.98711924861347,89112.38598979374,18616,272580608,51.98711924861347,89112.38598979374,
134,13222.931272652238,26113,180416512,34.390213435296,1698.999083253552,40043,364367872,69.45422427324507,44745.604814699196,66156,544784384,103.84443770854108,27754.311274200376,22031,139272192,26.547461512178682,1676.5163589941446,17355,71086080,13.55012042067705,3180.441696110631,39386,210358272,40.09758193285573,2339.2042233534758,4082,41144320,7.842751923117313,1820.3408025477709,3968,16252928,3.0980626810283223,2630.888808467742,8050,57397248,10.940814604145634,2219.8755214906832,0,0,0,0,18720,277028864,52.806041171539704,92206.85476319444,18720,277028864,52.806041171539704,92206.85476319444,
139,12671.494313338728,25040,172904448,32.943793693890896,9281.706895886582,38385,349409280,66.57357499010644,46440.69454925101,63425,522313728,99.51736868399733,31770.43753955065,21074,133484544,25.433048887551475,9872.269490177468,16642,68165632,12.987719770064489,12555.37964787886,37716,201650176,38.420768657615966,11056.178686393043,3966,39419904,7.510744806339421,6143.654421835602,3981,16306176,3.106844874692148,6812.548240140668,7947,55726080,10.61758968103157,6478.7326011073355,0,0,0,0,17762,264937472,50.4790103453498,87071.20130779193,17762,264937472,50.4790103453498,87071.20130779193,
144,9982.676439120814,19807,135319552,25.641850150962544,2236.4192517796737,30434,271089664,51.36907740991328,57947.18665101531,50241,406409216,77.01092756087583,35983.786840568464,16893,106479616,20.17693908419113,2137.133734623809,13348,54673408,10.360123976603445,3966.626500524423,30241,161153024,30.537063060794573,2944.649009887239,2914,28839936,5.464911066771416,2811.995861702128,3124,12795904,2.424709866864636,3595.509111395647,6038,41635840,7.889620933636052,3217.3776755548192,0,0,0,0,13962,203620352,38.584243566445195,121715.06786592178,13962,203620352,38.584243566445195,121715.06786592178,
149,6007.382002591247,12105,84008960,16.021789290470323,79628.04452804626,17935,160571392,30.623412177719043,94782.74032528575,30040,244580352,46.64520146818936,88675.9629409454,10169,64991232,12.394818657820215,80188.23636670272,7687,31485952,6.004851012961744,82273.80004800312,17856,96477184,18.399669670781957,81086.07059711021,1936,19017728,3.6269706326501074,76685.59059865703,1823,7467008,1.4240722514152802,76707.52754635217,3759,26484736,5.051042884065388,76696.22934716681,0,0,0,0,8425,121618432,23.194488913342017,110107.05329946589,8425,121618432,23.194488913342017,110107.05329946589,
154,9359.831587420837,18492,129261568,24.62004938018667,11400.595992645469,28373,254570496,48.487251696177886,65065.79776167483,46865,383832064,73.10730107636456,43890.57294330524,15681,100323328,19.10827268739819,12620.460428480326,12187,49917952,9.50771727601036,16513.849621317797,27868,150241280,28.615989963408552,14323.084732094158,2811,28938240,5.511776692788479,4595.653189967982,2872,11763712,2.240597687429372,5667.017897284122,5683,40701952,7.7523743802178515,5137.085433397853,0,0,0,0,13314,192888832,36.73893673273815,122321.00940033048,13314,192888832,36.73893673273815,122321.00940033048,
159,7154.221993892438,14416,101703680,18.597830158619153,58115.03595165094,22895,210403328,38.47496333419044,77692.51190120113,37311,312107008,57.072793492809595,70128.28437342875,12227,79495168,14.53671718560131,59153.22840901284,9706,39755776,7.269856605701068,61193.54629270554,21933,119250944,21.806573791302377,60056.129306250856,2189,22208512,4.061112973017844,52316.05048972133,2355,9646080,1.7639101902355259,55177.15281061571,4544,31854592,5.825023163253369,53798.862101892606,0,0,0,0,10834,161001472,29.44119653825385,97367.8516514676,10834,161001472,29.44119653825385,97367.8516514676,
165,7634.259778130818,17599,121589760,19.809481284983292,59722.04859503381,27089,244867072,39.893899618624594,70992.85576492304,44688,366456832,59.703380903607886,66554.19358754027,14875,93687808,15.263677461055174,60815.035654453786,11838,48488448,7.899768888382422,63260.19069412063,26713,142176256,23.163446349437596,61898.618380451466,2724,27901952,4.545803823928118,53753.552813509545,2775,11366400,1.851821140839772,53611.967502702704,5499,39268352,6.39762496476789,53682.103597745045,0,0,0,0,12476,185012224,30.1423095894024,82196.0662519237,12476,185012224,30.1423095894024,82196.0662519237,
170,7606.298402044154,15305,104558592,19.452702146081236,53488.262415158446,23685,213331968,39.68954776802401,75321.27604927169,38990,317890560,59.14224991410525,66751.0202485509,12966,81149952,15.09761957606305,55339.05058954188,10310,42229760,7.856675642500002,58231.69863947624,23276,123379712,22.95429521856305,56620.33609370167,2339,23408640,4.355082570018188,43228.6132193245,2402,9838592,1.8304301545378279,42876.05888634472,4741,33247232,6.185512724556015,43049.99362265345,0,0,0,0,10973,161263616,30.002441970986187,98480.5720230566,10973,161263616,30.002441970986187,98480.5720230566,
175,9195.071763022566,18296,127029248,24.22646060333797,45264.828494916925,27684,251445248,47.95453401856355,66961.4745625632,45980,378474496,72.18099462190152,58328.11578801653,15493,97792000,18.650460997152614,48018.279052991675,12063,49410048,9.423267476802177,54275.18468158833,27556,147202048,28.07372847395479,50757.3214610974,2803,29237248,5.575999606185356,30045.702738137712,2871,11759616,2.2427423465057656,32803.36203134796,5674,40996864,7.818741952691121,31441.05695576313,0,0,0,0,12750,190275584,36.288524195255604,86655.80051639216,12750,190275584,36.288524195255604,86655.80051639216,
180,9523.132784264315,18768,130457600,24.87897943046972,15450.492807757886,28855,260239360,49.629072468285514,65393.06963874545,47623,390696960,74.50805189875523,45710.93533464923,15884,100282368,19.12439728088509,17001.15063548225,12618,51683328,9.856293954589228,22670.27508765256,28502,151965696,28.980691235474318,19510.904769840712,2884,30175232,5.754582149584628,6910.045881414702,2833,11603968,2.2129403053852656,8635.642906812565,5717,41779200,7.967522454969894,7765.147573377645,0,0,0,0,13404,196952064,37.55983820831102,117606.58885519249,13404,196952064,37.55983820831102,117606.58885519249,
186,7313.054366936413,18436,126128128,18.806026449849092,30167.875574148406,28339,258310144,38.51470308295013,79663.73685542891,46775,384438272,57.32072953279922,60155.33068585783,15556,96808960,14.434463519052489,31237.900481679095,12263,50229248,7.489309335059898,35776.289977656364,27819,147038208,21.923772854112386,33238.48534774794,2880,29319168,4.371562930796603,24388.25492777778,2850,11673600,1.7405636145250516,31589.484803508774,5730,40992768,6.1121265453216544,27970.01847853403,0,0,0,0,13226,196407296,29.284830133365176,130714.9525979132,13226,196407296,29.284830133365176,130714.9525979132,
192,4383.93814793239,9487,65933312,11.417687769110689,117447.2736341309,14656,132493312,22.94389925249571,116705.62626978711,24143,198426624,34.361587021606404,116997.05685196536,8023,50106368,8.676932004692246,116817.85372067805,6375,26112000,4.521821428097201,115811.02334368626,14398,76218368,13.198753432789445,116372.05960668148,1464,15826944,2.7407557644184446,120896.61514071039,1445,5918720,1.024946190368699,121612.65270865051,2909,21745664,3.7657019547871435,121252.29554142317,0,0,0,0,6836,100462592,17.39713163402981,116502.64798566412,6836,100462592,17.39713163402981,116502.64798566412,
197,5852.42480298418,11634,80437248,15.328109299913596,31313.497184545296,17655,158330880,30.17150753580609,109393.92040407818,29289,238768128,45.499616835719685,78379.28543067363,9900,62357504,11.8828361331034,31332.27735848485,7871,32239616,6.143576143172416,39840.91332638801,17771,94597120,18.026412276275817,35100.85952625063,1734,18079744,3.445273166810195,31206.274738177624,1843,7548928,1.4385225297759832,32572.88182040152,3577,25628672,4.883795696586178,31910.400221135027,0,0,0,0,7941,118542336,22.58940886285769,196162.95362636948,7941,118542336,22.58940886285769,196162.95362636948,
202,11486.057477613833,22449,154918912,29.544469819516696,8357.652777718384,34989,318685184,60.7762130463137,52957.148308897085,57438,473604096,90.32068286583039,35525.93421405689,18996,119808000,22.848494056920927,9269.127121446621,15333,62803968,11.977297756402345,12590.76898734755,34329,182611968,34.82579181332327,10752.733830930118,3453,35110912,6.695975762595767,3343.356040544454,3531,14462976,2.7582233338457365,4567.341166525064,6984,49573888,9.454199096441503,3962.183572021764,0,0,0,0,16125,241418240,46.04069195606562,101937.12369848062,16125,241418240,46.04069195606562,101937.12369848062,
207,13333.01413069586,26291,183619584,35.01533996278841,4679.332770035373,40388,367136768,70.01115275568523,44889.70794305239,66679,550756352,105.02649271847365,29035.076444772716,22138,140468224,26.786590570475934,5165.558898771344,17602,72097792,13.748689777264751,7548.310532212249,39740,212566016,40.53528034774069,6220.948789355813,4153,43151360,8.228749392312473,2087.4536373705755,4062,16637952,3.1727745639841736,2847.527843426883,8215,59789312,11.401523956296646,2463.280956299452,0,0,0,0,18724,278401024,53.08968841443631,89114.15853001495,18724,278401024,53.08968841443631,89114.15853001495,
212,13393.769423070313,26198,181477376,34.608298889276256,13850.925873234599,40782,367243264,70.03443032802825,42966.931321833166,66980,548720640,104.6427292173045,31578.73916383995,22152,140357632,26.76663607725431,14176.273408270134,17682,72425472,13.81176231120351,15954.288888926592,39834,212783104,40.57839838845782,14965.520527037204,4046,41119744,7.841662812021946,12069.636057093425,4103,16805888,3.2049350052521213,12362.102523031928,8149,57925632,11.046597817274067,12216.89215106148,0,0,0,0,18997,278011904,53.01773301157262,74719.79525088171,18997,278011904,53.01773301157262,74719.79525088171,
217,11463.696095613119,22631,155873280,29.720347634214903,4186.3243477088945,34707,311648256,59.42195165147484,51113.702335868846,57338,467521536,89.14229928568975,32591.718812724546,19055,121008128,23.07261148752098,4257.034086853844,15060,61685760,11.761619639239955,6221.929803187251,34115,182693888,34.83423112676093,5124.433456280229,3576,34865152,6.647736146693924,3809.5418870246085,3634,14884864,2.8380960005974765,5403.332071821684,7210,49750016,9.4858321472914,4612.847508599168,0,0,0,0,16013,235077632,44.822236011637415,103707.31876512832,16013,235077632,44.822236011637415,103707.31876512832,
222,11506.478067063743,22406,156172288,29.783042997398486,2266.7689943318755,35135,318418944,60.72450638834349,50576.71077145297,57541,474591232,90.50754938574198,31765.210181296814,18917,118550528,22.608335435210456,2527.521824126447,15315,62730240,11.963053491008125,4617.766707802808,34232,181280768,34.57138892621858,3462.673156023604,3489,37621760,7.1747075621880265,852.9939065634853,3531,14462976,2.7581809909728823,1548.620629566695,7020,52084736,9.93288855316091,1202.8882027065529,0,0,0,0,16289,241225728,46.003271906362485,104415.46174608631,16289,241225728,46.003271906362485,104415.46174608631,
227,11523.524141054544,22756,157511680,30.031825297070757,2237.533307655124,34883,320811008,61.16714738635998,50471.747851646935,57639,478322688,91.19897268343074,31428.77718659241,19154,121081856,23.085965091840038,2421.6645412446487,15151,62058496,11.832328307786218,4304.170244010296,34305,183140352,34.91829339962626,3253.08398163533,3602,36429824,6.945860205230719,1258.3968145474735,3573,14635008,2.7903708694950935,1960.9941217464316,7175,51064832,9.736231074725813,1608.2755850871079,0,0,0,0,16159,244117504,46.544448209078666,104485.85091558885,16159,244117504,46.544448209078666,104485.85091558885,
232,13129.215369642412,25818,180015104,34.326829913540074,7016.551237121388,39844,361357312,68.90672344381744,45950.36398029816,65662,541372416,103.23355335735752,30641.765743824435,21837,139243520,26.552153243777898,7771.952205934881,17340,71024640,13.543589858717716,10129.753910957323,39177,210268160,40.09574310249562,8815.530876202874,3981,40771584,7.774676669762177,2872.946375031399,4039,16543744,3.1547035432157355,3795.6212973508295,8020,57315328,10.929380212977913,3337.620191895262,0,0,0,0,18465,273788928,52.208430041883986,88809.41539101001,18465,273788928,52.208430041883986,88809.41539101001,
237,11380.267174982253,22625,158011392,30.13739985763124,28766.469249502763,34278,308830208,58.90296483567101,49489.45756286831,56903,466841600,89.04036469330225,41249.86368223117,19098,121577472,23.18838433714935,29068.461704262227,14804,60637184,11.565286763936358,30084.05615468792,33902,182214656,34.75367110108571,29511.941742139108,3527,36433920,6.949015520481891,27131.240471222,3603,14757888,2.814761430050169,27537.645067721343,7130,51191808,9.76377695053206,27336.60874067321,0,0,0,0,15871,233435136,44.522916641684475,72573.69566171004,15871,233435136,44.522916641684475,72573.69566171004,
242,13878.51229009936,27087,188088320,35.87115478438866,5604.715239266068,42313,380710912,72.60706062161525,41850.19209992201,69400,568799232,108.47821540600391,27703.48847276657,22893,144699392,27.59626056332966,5822.074375485957,18477,75681792,14.433609036392621,7473.476727986144,41370,220381184,42.02986959972228,6559.636891007976,4194,43388928,8.274894221058995,4418.257751072962,4263,17461248,3.3301117780019345,5237.024138165611,8457,60850176,11.605005999060928,4830.981070001182,0,0,0,0,19573,287567872,54.843339807220694,82276.31507280437,19573,287567872,54.843339807220694,82276.31507280437,
247,13321.753167471921,26274,184471552,35.17816687591426,3408.03663404887,40348,369156096,70.39695068185378,44237.54247263805,66622,553627648,105.57511755776804,28135.4375162709,22198,142909440,27.252397857331715,3491.653613748986,17507,71708672,13.674626806772897,5111.053554978009,39705,214618112,40.927024664104614,4205.690505100113,4076,41562112,7.925769018582543,2952.656429097154,4090,16752640,3.194677765448172,4032.2912635696825,8166,58314752,11.120446784030715,3493.3993231692384,0,0,0,0,18751,280694784,53.527646109632705,89537.89546322863,18751,280694784,53.527646109632705,89537.89546322863,
252,13115.73231743579,25932,180350976,34.38907779611559,4540.850606277958,39666,359841792,68.61414145816236,44943.61995212524,65598,540192768,103.00321925427797,28971.721194899234,21819,137052160,26.132918694965543,4725.140600119163,17161,70291456,13.403078832166877,6543.406234426898,38980,207343616,39.535997527132416,5525.6346111595685,4113,43298816,8.256159101150052,3563.2130240700217,4087,16740352,3.192027456853681,4830.031690482016,8200,60039168,11.448186558003734,4194.613986219512,0,0,0,0,18418,272809984,52.01903516914181,89624.383489684,18418,272809984,52.01903516914181,89624.383489684,
257,8171.435530426555,16181,112545792,21.462822379333968,10084.549790495024,24683,223506432,42.623351485719574,72060.35298752178,40864,336052224,64.08617386505354,47519.66995279463,13702,86646784,16.52380334870731,10276.556473799445,10730,43950080,8.381412968309986,13270.08874501398,24432,130596864,24.905216317017295,11591.250369924688,2479,25899008,4.939019030626658,9023.284935861233,2521,10326016,1.9692024317902586,11969.746122173741,5000,36225024,6.9082214624169165,10508.890666,0,0,0,0,11432,169230336,32.27273608561933,140491.76964511894,11432,169230336,32.27273608561933,140491.76964511894,
262,5285.684797440192,10834,73490432,13.332331906646996,93131.9395182758,16952,154312704,27.994776070171604,98608.51132627418,27786,227803136,41.3271079768186,96473.1489506946,9166,56438784,10.238892060065153,92474.34436569932,7200,29491200,5.350172206435089,92063.41019027779,16366,85929984,15.589064266500241,92293.55944189173,1668,17051648,3.093439846581844,96745.55892386091,1761,7213056,1.3085629521572488,94530.52074162407,3429,24264704,4.402002798739093,95608.00213210848,0,0,0,0,7991,117608448,21.336040911579264,105404.41541822051,7991,117608448,21.336040911579264,105404.41541822051,
267,3620.012275371021,7428,50835456,9.189438265302188,144563.35968214864,11670,107069440,19.354759185802852,143252.0287167952,19098,157904896,28.544197451105042,143762.05942213844,6323,39677952,7.17251538763857,143264.84901708047,5030,20602880,3.724347310810572,143740.8308862823,11353,60280832,10.896862698449143,143475.73502096362,1105,11157504,2.016922877663618,151993.66098099548,1211,4960256,0.896656976817416,149989.5717283237,2316,16117760,2.913579854481034,150945.75420854922,0,0,0,0,5429,81506304,14.733754898174864,141296.2653166329,5429,81506304,14.733754898174864,141296.2653166329,
272,7506.922943496309,15156,102367232,19.524279421324255,38082.18885352336,22380,199213056,37.995472708687835,87630.00402582664,37536,301580288,57.519752130012094,67623.96484340366,12862,78782464,15.02600793813023,40525.153858731144,9793,40112128,7.650498894567399,50257.23792862248,22655,118894592,22.67650683269763,44732.0088265725,2294,23584768,4.498271483194024,24384.97181037489,2322,9510912,1.81399555122899,26788.710142980188,4616,33095680,6.312267034423014,25594.131344237434,0,0,0,0,10265,149590016,28.53097826289145,137046.95315255722,10265,149590016,28.53097826289145,137046.95315255722,
277,11023.279804005515,21871,149340160,28.37902746400278,11394.641390928626,33450,300240896,57.05461031648019,55698.225097877425,55321,449581056,85.43363778048298,38182.92929240252,18480,115339264,21.91785612613424,12849.24053961039,14432,59113472,11.233300174451129,16827.588019678493,32912,174452736,33.15115630058537,14593.756546912979,3391,34000896,6.461171337868543,3467.4835414332056,3492,14303232,2.718035214050952,4497.404207331043,6883,48304128,9.179206551919496,3990.000316867645,0,0,0,0,15526,226824192,43.10327492797811,103345.67459306969,15526,226824192,43.10327492797811,103345.67459306969,
282,7506.1885868388945,14891,101171200,19.286054389467512,38505.41602639178,22661,204091392,38.905515468178045,78839.87529755967,37552,305262592,58.191569857645554,62845.509271596726,12599,78102528,14.888521663901479,39571.97245797286,9984,40894464,7.795626195321605,43036.75617908654,22583,118996992,22.68414785922308,41103.76188681751,2292,23068672,4.397532725566033,32642.61302399651,2252,9224192,1.7583884406915318,35905.5184134103,4544,32292864,6.155921166257565,34259.704339348595,0,0,0,0,10425,153972736,29.35150083216491,122403.08997208632,10425,153972736,29.35150083216491,122403.08997208632,
287,7509.211242126626,14734,101318656,19.323999581082486,2772.963313831953,22814,202506240,38.623000456367976,76352.73151858509,37548,303824896,57.94700003745046,47479.70752985512,12422,76886016,14.664084578610098,2718.3883282080183,9917,40620032,7.747255168402128,5461.532609559342,22339,117506048,22.411339747012224,3936.158230090872,2312,24432640,4.65991500247239,3066.185836072664,2330,9543680,1.8202182658442025,2728.6511184549354,4642,33976320,6.480133268316592,2896.7640583800085,0,0,0,0,10567,152342528,29.05552702212164,159117.19890886723,10567,152342528,29.05552702212164,159117.19890886723,
293,8840.320959778273,18228,127410176,23.391142842658386,2078.4709039938557,27694,246374400,45.23169941445065,60581.46047410992,45922,373784576,68.62284225710904,37359.63882252515,15394,97742848,17.944539370358036,2221.8422284006756,12036,49299456,9.050851773106036,4380.747951395812,27430,147042304,26.995391143464072,3169.1477071454615,2834,29667328,5.4466034723003505,1299.6924396612562,2859,11710464,2.1499156878788765,1703.7136047569081,5693,41377792,7.596519160179227,1502.5901229580186,0,0,0,0,12799,185364480,34.03093195346574,126583.74613883898,12799,185364480,34.03093195346574,126583.74613883898,
298,9337.981690337228,18603,128237568,24.456184245662598,2108.220761973875,28093,254410752,48.51866985647743,68130.95890752145,46696,382648320,72.97485410214003,41828.470520472845,15690,99332096,18.943622209708817,2002.119148820905,12222,50061312,9.547191895058397,4219.949854770087,27912,149393408,28.490814104767214,2973.2543913012323,2913,28905472,5.51256203595378,2679.705248884312,2858,11706368,2.232521226974055,4825.344905178446,5771,40611840,7.745083262927835,3742.3006634898634,0,0,0,0,13013,192643072,36.738956734444976,142060.70588834243,13013,192643072,36.738956734444976,142060.70588834243,
303,11775.855396738762,23285,163471360,31.09638796987509,1501.968172729225,35752,323473408,61.53282503495228,49174.279916060645,59037,486944768,92.62921300482736,30371.668351389806,19582,125136896,23.804203178843746,1647.1605601572874,15561,63737856,12.124552573270515,3376.759632350106,35143,188874752,35.92875575211426,2413.011260507071,3703,38334464,7.292184791031344,734.1698117742371,3560,14581760,2.7738196234716943,1343.6233761235956,7263,52916224,10.06600441450304,1032.89687897563,0,0,0,0,16631,245153792,46.634452838210066,102263.8325837893,16631,245153792,46.634452838210066,102263.8325837893,
308,9062.859423387214,18004,123949056,23.508233461514767,44076.57276444124,27567,249679872,47.35439632244657,63630.97071701672,45571,373628928,70.86262978396134,55905.50099420684,15222,95797248,18.1689489507256,45104.70917494416,12012,49201152,9.331512519074565,47588.26324417249,27234,144998400,27.500461469800165,46200.121214290964,2782,28151808,5.3392845107891675,38451.01832854062,2803,11481088,2.1775082909562107,38898.7302672137,5585,39632896,7.516792801745378,38675.716012354525,0,0,0,0,12752,188997632,35.84537551241579,84179.07863299875,12752,188997632,35.84537551241579,84179.07863299875,
313,7570.377729289318,15002,102547456,19.46930561164676,35372.722820957206,23025,205717504,39.05681438885392,79670.24921294245,38027,308264960,58.52612000050068,62194.46908480817,12629,78761984,14.953478095796275,37344.92079903397,9959,40792064,7.744640301421557,42476.14771332463,22588,119554048,22.698118397217833,39607.267568974676,2373,23785472,4.515827515850485,24876.773278128952,2337,9572352,1.8173736704912318,31008.026540436458,4710,33357824,6.333201186341716,27918.96836815287,0,0,0,0,10729,155353088,29.494800416941136,124794.64768627085,10729,155353088,29.494800416941136,124794.64768627085,
318,9821.136896006317,19483,134483968,25.63443374094491,3238.1993656007803,29654,266661888,50.82930404887572,60353.353371585625,49137,401145856,76.46373778982064,37706.986163603804,16517,104030208,19.829541868014463,3389.7346201489377,13061,53497856,10.197403194666387,6024.64884449889,29578,157528064,30.026945062680852,4553.2553005274185,2966,30453760,5.804891872930448,2394.332946392448,2972,12173312,2.320395244969643,2974.2399195827725,5938,42627072,8.125287117900092,2684.5794139440886,0,0,0,0,13621,200990720,38.311505609239696,124968.13459232068,13621,200990720,38.311505609239696,124968.13459232068,
323,13564.236099978032,26798,188059648,35.85640941769155,1659.7007173669676,41048,368410624,70.24304420675732,42906.58014787566,67846,556470272,106.09945362444887,26614.774072664564,22653,144928768,27.632856368047833,1830.590818213923,18017,73797632,14.070632031854782,3372.106221568519,40670,218726400,41.70348839990261,2513.4893434718465,4145,43130880,8.223553049643717,725.7626101326899,4145,16977920,3.2370966183070475,1318.8581973462003,8290,60108800,11.460649667950765,1022.3104037394452,0,0,0,0,18886,277635072,52.935315556595484,89749.41209827385,18886,277635072,52.935315556595484,89749.41209827385,
328,13407.718930783016,26376,182398976,34.78807662702919,2377.866927244465,40666,367742976,70.13784347199271,43289.53191029361,67042,550141952,104.92592009902191,27193.859412562273,22274,140189696,26.737704310181694,2597.8130086199158,17546,71868416,13.707116222358675,4331.850742106463,39820,212058112,40.44482053254037,3361.886993345053,4102,42209280,8.050372316847495,1183.552198683569,4143,16969728,3.236554343396329,1848.2702592324404,8245,59179008,11.286926660243823,1517.5639542753183,0,0,0,0,18977,278904832,53.19417290623771,88356.85660847342,18977,278904832,53.19417290623771,88356.85660847342,
333,15361.622355074338,29901,208211968,39.70041707621429,3796.7798936824856,46932,425771008,81.18306915268276,38623.56556358135,76833,633982976,120.88348622889706,25070.070082269336,25210,160337920,30.572124927673133,4131.936531495438,20332,83279872,15.879229634166563,6010.743108253,45542,243617792,46.4513545618397,4970.72040832638,4691,47874048,9.128292148541156,1995.6076832231934,4759,19492864,3.716764402370582,2890.657943055264,9450,67366912,12.845056550911739,2446.35309978836,0,0,0,0,21841,322998272,61.58707511614562,76769.1089694611,21841,322998272,61.58707511614562,76769.1089694611,
338,10707.695943982926,21212,147361792,28.09206643204084,1953.3424829341882,32355,289353728,55.16045943126612,54086.952953206615,53567,436715520,83.25252586330696,33442.560971288294,17826,112857088,21.51432043811383,1928.5647705598565,14053,57561088,10.973060832461572,3678.847936099053,31879,170418176,32.487381270575405,2700.130043163211,3386,34504704,6.57774599392701,2083.7876987595982,3230,13230080,2.5220939649079113,5106.566746439628,6616,47734784,9.099839958834922,3559.5398638149936,0,0,0,0,15072,218562560,41.66530463389664,111583.7514705414,15072,218562560,41.66530463389664,111583.7514705414,
343,11884.094503878183,23409,163053568,31.089782896249286,2351.621226152334,36031,324419584,61.857796536237146,49279.91782495629,59440,487473152,92.94757943248644,30798.348257637954,19717,125779968,23.98274349824214,2338.3825287315517,15592,63864832,12.177248164145873,4082.815991341714,35309,189644800,36.15999166238801,3108.7018962870657,3692,37273600,7.107039398007147,2422.322037919827,3654,14966784,2.8537496659690236,3583.831995073892,7346,52240384,9.96078906397617,3000.07283882385,0,0,0,0,16785,245587968,46.826798706122254,101212.399767888,16785,245587968,46.826798706122254,101212.399767888,
348,8304.725666454624,16297,113528832,21.640683411559507,2784.9896367429587,25252,229978112,43.83805792505797,69053.96353682877,41549,343506944,65.47874133661747,43060.9079241859,13725,86806528,16.5469207901714,2283.551121020036,10840,44400640,8.463578604513659,4105.885194833948,24565,131207168,25.01049939468506,3087.707496356605,2572,26722304,5.09376262138811,5460.823084758942,2524,10338304,1.9706708854052097,5192.015864104596,5096,37060608,7.0644335067933195,5327.685442503925,0,0,0,0,11888,175239168,33.403808435139105,141835.3165948015,11888,175239168,33.403808435139105,141835.3165948015,
353,8740.454310813024,17306,119681024,22.824874171654226,3523.9842002773607,26401,238981120,45.57709995363174,67069.1174348699,43707,358662144,68.40197412528596,41908.11174338207,14532,91156480,17.384837766185182,3457.8590755573905,11433,46829568,8.931064937353186,5812.343055191113,25965,137986048,26.315902703538367,4494.593731407664,2774,28524544,5.440036405469045,3870.3902249459265,2718,11132928,2.123207775712933,6410.580855408388,5492,39657472,7.563244181181978,5127.534823197378,0,0,0,0,12250,181018624,34.52282724056562,137699.20754963264,12250,181018624,34.52282724056562,137699.20754963264,
358,14923.353922242635,29490,206692352,39.39216820959293,3007.0923382841643,45186,408756224,77.90222413515352,39785.22315356527,74676,615448576,117.29439234474646,25261.318850407093,24864,157990912,30.110473468757057,3221.6506570945944,19748,80887808,15.415887951389982,4948.584749746809,44612,238878720,45.52636142014704,3986.097318568995,4626,48701440,9.281694740835876,1853.8761603977516,4558,18669568,3.5581130890437276,2565.0132358490564,9184,67371008,12.839807829879604,2206.8120042465157,0,0,0,0,20880,309198848,58.92822309471981,80858.19499281609,20880,309198848,58.92822309471981,80858.19499281609,
363,11704.611088546439,22982,163131392,31.113809925214856,3503.4386158732923,35543,317816832,60.61673587559372,50439.16789871424,58525,480948224,91.73054580080857,32008.122527022642,19483,125775872,23.98904666114878,3553.3649948159937,15399,63074304,12.03006902449051,5590.566365932853,34882,188850176,36.01911568563929,4452.707461240754,3499,37355520,7.124763264066073,3225.4404332666477,3603,14757888,2.814750223731366,5600.481771856786,7102,52113408,9.939513487797438,4430.350872993523,0,0,0,0,16541,239984640,45.77191662737184,101958.2659652379,16541,239984640,45.77191662737184,101958.2659652379,
368,15135.104944577068,29972,207884288,39.62278224677592,3289.3297886694245,45757,413528064,78.81852250807341,39189.61211554516,75729,621412352,118.44130475484934,24981.00957357155,25315,161255424,30.73531247952478,3612.627510685364,19894,81485824,15.531212539502299,5593.238642706344,45209,242741248,46.26652501902708,4484.185781393086,4657,46628864,8.887469767251138,1531.9147504831435,4647,19034112,3.6279051307463144,2168.8027325156013,9304,65662976,12.515374897997454,1850.0164758168528,0,0,0,0,21216,313008128,59.6594048378248,78801.31814267534,21216,313008128,59.6594048378248,78801.31814267534,
373,15087.627079922693,30602,210026496,39.27639722484327,4326.704043167113,46340,418164736,78.19967760904662,38938.131563983596,76942,628191232,117.47607483388988,25172.192220165838,25840,162521088,30.39255965924275,4703.631881230651,20151,82538496,15.435265630661844,6856.750902238103,45991,245059584,45.827825289904595,5647.02300976278,4762,47505408,8.883837565600519,2281.3837291054183,4738,19406848,3.6292138632363566,2865.273153018151,9500,66912256,12.513051428836876,2572.5908965263156,0,0,0,0,21451,316219392,59.13519811514841,77042.88681390145,21451,316219392,59.13519811514841,77042.88681390145,
378,13054.57760653162,25615,177156096,33.77891824263733,2553.8857387077883,39679,356466688,67.96864111396827,45912.684790468506,65294,533622784,101.7475593566056,28902.919150274145,21639,137228288,26.165755656125373,2708.5444904570454,17283,70791168,13.49797794241754,4646.023227333218,38922,208019456,39.66373359854291,3568.8662881403834,3976,39927808,7.613162586511959,1712.170263581489,4026,16490496,3.1442955040313034,2542.246700943865,8002,56418304,10.757458090543262,2129.8018227943016,0,0,0,0,18370,269185024,51.32636766751943,94242.63011132281,18370,269185024,51.32636766751943,94242.63011132281,
383,9673.047096288175,18922,130793472,24.945964891373674,1604.0206974949795,29445,268759040,51.25984862669058,59250.05721694685,48367,399552512,76.20581351806425,36697.93897473484,15977,100593664,19.186018782639547,1551.1084283657758,12781,52350976,9.984791972837495,3386.8724843908926,28758,152944640,29.170810755477042,2366.9822860769177,2945,30199808,5.759946108734125,1891.0764950764008,2947,12070912,2.3022597561968627,2538.4637200542925,5892,42270720,8.062205864930988,2214.8799831975557,0,0,0,0,13717,204337152,38.972796897656224,123485.4169969381,13717,204337152,38.972796897656224,123485.4169969381,
388,9939.694192891284,19621,134840320,25.710199137425597,2346.9548701391363,30094,271679488,51.80152151844366,58411.878050076426,49715,406519808,77.51172065586925,36284.75630184049,16594,105070592,20.03396197670843,2370.6187025430877,13042,53420032,10.185674883059072,4395.678240223892,29636,158490624,30.2196368597675,3261.7924942299906,3027,29769728,5.676237160717171,2217.2298503468783,3082,12623872,2.407011960557281,3492.248815379624,6109,42393600,8.083249121274452,2860.4789009657884,0,0,0,0,13970,205635584,39.2088346748273,120956.01371374373,13970,205635584,39.2088346748273,120956.01371374373,
393,13797.485096910768,27335,190517248,36.3348185345267,2038.1937359429303,41659,377151488,71.92908264403822,42400.61539840131,68994,567668736,108.26390117856491,26409.27127944459,22979,146776064,27.992644795352476,2215.6007095609034,18083,74067968,14.125997539609276,3867.4166453022176,41062,220844032,42.118642334961756,2943.032095416687,4356,43741184,8.342173739174223,1102.3271503673095,4206,17227776,3.285624379339524,1774.750987874465,8562,60968960,11.627798118513747,1432.6488813361366,0,0,0,0,19370,285855744,54.517460725089414,87195.05105988642,19370,285855744,54.517460725089414,87195.05105988642,
398,12604.865095121624,24885,175308800,33.41699384885982,2403.8271786216596,38178,346574848,66.06336683489663,46481.190179448895,63063,521883648,99.48036068375644,29088.024959342245,21046,135311360,25.79276616348327,2460.9111355602013,16780,68730880,13.101335438875413,4321.51589636472,37826,204042240,38.89410160235869,3286.2944138952043,3839,39997440,7.624227685376544,2090.8839752539725,3863,15822848,3.016117926124894,2861.3415972042458,7702,55820288,10.640345611501438,2477.3131876136067,0,0,0,0,17535,262021120,49.94591346989632,96435.15707670375,17535,262021120,49.94591346989632,96435.15707670375,
403,10593.61176862067,20955,147951616,28.215833728641698,2329.711188212837,32020,291565568,55.604432111677475,54586.74911108682,52975,439517184,83.82026584031917,33915.74902285984,17744,114233344,21.78542639622625,2070.944597554103,13929,57053184,10.880605409768561,3741.5540192404337,31673,171286528,32.66603180599481,2805.63719486629,3211,33718272,6.43040733241545,3759.6564964185613,3200,13107200,2.499672432425831,2820.6711634375,6411,46825472,8.930079764841281,3290.9693858992355,0,0,0,0,14891,221405184,42.22415426948308,113271.46953730442,14891,221405184,42.22415426948308,113271.46953730442,
408,10544.812867549921,20699,144928768,27.567709443546224,1562.7003810329002,32169,295292928,56.16931512063923,54680.977844197834,52868,440221696,83.73702456418546,33883.988640708936,17501,113352704,21.56145016365764,1600.1615988229244,13897,56922112,10.827472462396118,3278.258233359718,31398,170274816,32.388922626053755,2342.900274221288,3198,31576064,6.006259279888586,1357.6945109443402,3265,13373440,2.543836625870571,3011.035318836141,6463,44949504,8.550095905759157,2192.9347612563824,0,0,0,0,15007,224997376,42.79800603237254,113523.24856966748,15007,224997376,42.79800603237254,113523.24856966748,
413,12277.77062208255,24336,167944192,32.02647548534866,2957.863066239316,37065,332296192,63.36793026437444,48066.412065722376,61401,500240384,95.3944057497231,30187.849038224136,20461,127946752,24.399078453144632,2693.3123538927716,16077,65851392,12.557671488657881,4603.411606767432,36538,193798144,36.956749941802514,3533.7706627346874,3875,39997440,7.627397032204032,4354.7590985806455,3666,15015936,2.8634959057921128,6405.33567594108,7541,55013376,10.490892937996144,5351.631361225302,0,0,0,0,17322,251428864,47.94676286992445,97222.63908474772,17322,251428864,47.94676286992445,97222.63908474772,
418,12764.143745395388,24984,169803776,32.37771816682277,2443.317619676593,38856,352002048,67.11878482777922,45419.650776739756,63840,521805824,99.49650299460198,28600.717387077068,21117,132349952,25.236125757583398,2621.831905905195,16872,69107712,13.177268933583408,4426.292097735894,37989,201457664,38.41339469116681,3423.2442188528257,3867,37453824,7.141592409239372,1468.482816912335,3894,15949824,3.0412686834621736,2413.9829465844887,7761,53403648,10.182861092701545,1942.877547609844,0,0,0,0,18090,266944512,50.90024721073363,92910.19904444444,18090,266944512,50.90024721073363,92910.19904444444,
423,11662.333353376689,22705,156356608,29.812771825501258,1795.3282328121559,35626,323293184,61.642843565215955,49206.431632066466,58331,479649792,91.45561539071721,30751.937406353394,19200,121036800,23.078285894311744,1974.5328781770834,15451,63287296,12.067092905347232,3750.125005501262,34651,184324096,35.14537879965898,2766.275510692332,3505,35319808,6.734485931189514,813.6651255349501,3652,14958592,2.8521793599332144,1503.8207428806134,7157,50278400,9.58666529112273,1165.8306019281822,0,0,0,0,16523,245047296,46.72357129993551,102257.04766150215,16523,245047296,46.72357129993551,102257.04766150215,
429,8914.818035700597,21374,146972672,23.014700096367225,13128.875681295032,32919,298360832,46.72082895099441,54180.53668562228,54293,445333504,69.73552904736162,38019.370378612344,17979,112713728,17.650033923745422,14120.029728794705,14097,57741312,9.04181002336795,12410.67508618855,32076,170455040,26.691843947113373,13368.789786257637,3395,34258944,5.364666172621801,7879.9924353460965,3295,13496320,2.113411649783457,8121.517298634294,6690,47755264,7.4780778224052575,7998.949748430493,0,0,0,0,15527,227123200,35.565607277843,101877.72273877761,15527,227123200,35.565607277843,101877.72273877761,
436,6929.9453837733045,17968,123740160,17.865768678366774,67380.41988852405,27806,253435904,36.591412486106115,79019.64446917931,45774,377176064,54.457181164472885,74450.81528087998,15258,96505856,13.933643688546823,69958.42219130948,12110,49602560,7.161683505296975,81130.83693831543,27368,146108416,21.095327193843797,74902.07691895645,2710,27234304,3.932124989819949,52865.601019188194,2783,11399168,1.6458270185996269,56208.97030434783,5493,38633472,5.577952008419576,54559.50175113782,0,0,0,0,12913,192434176,27.783901962209512,81955.87659180671,12913,192434176,27.783901962209512,81955.87659180671,
441,6751.862490142746,13508,94240768,17.967183078746352,63248.42674592834,20266,179347456,34.19293629546191,106103.92171375704,33774,273588224,52.160119374208264,88963.75395082016,11452,72667136,13.85412878129516,62811.586189049944,8898,36446208,6.9485394225784525,72350.65680995729,20350,109113344,20.802668203873612,66982.52723990173,2056,21573632,4.1130542974511926,65681.64564542801,2154,8822784,1.6820806828763752,79750.66446564531,4210,30396416,5.795134980327568,72879.90373064134,0,0,0,0,9214,134078464,25.56231619000709,144860.3214561537,9214,134078464,25.56231619000709,144860.3214561537,
446,8773.98326323916,17365,120864768,23.050979271933297,23755.626178865532,26509,238465024,45.47936024917597,66544.78604473952,43874,359329792,68.53033952110927,49609.15762994029,14586,92549120,17.650700713343255,24823.329919786094,11492,47071232,8.977289338249202,30302.434290636964,26078,139620352,26.62799005159246,27237.850489991564,2779,28315648,5.400278558590039,18151.62230514574,2730,11182080,2.132613983068249,17845.019066300367,5509,39497728,7.532892541658288,17999.68423252859,0,0,0,0,12287,180211712,34.36945692785852,111262.57478155773,12287,180211712,34.36945692785852,111262.57478155773,
451,10560.61825701985,21295,147595264,27.467562077417437,16073.29063409251,32823,297033728,55.278144716938385,54482.2946622795,54118,444628992,82.74570679435583,39368.658888964856,17940,113074176,21.043168083176607,17088.889638350054,14355,58798080,10.94235593110194,20748.351009125738,32295,171872256,31.985524014278546,18715.505770181142,3355,34521088,6.424393994240833,10642.636047988077,3176,13008896,2.4209629005349886,11719.967935768262,6531,47529984,8.845356894775822,11166.53837161231,0,0,0,0,15292,225226752,41.914825885301454,95030.54935914204,15292,225226752,41.914825885301454,95030.54935914204,
456,4482.062864528558,9274,65445888,12.00513911920069,119858.03175156351,14028,129437696,23.743547459372948,119934.65395266609,23302,194883584,35.74868657857364,119904.15896111922,7828,50475008,9.258939126668551,119563.41070260602,6023,24670208,4.525406991797832,121012.80843964801,13851,75145216,13.784346118466383,120193.67007522922,1446,14970880,2.7461999925321394,121452.97889626557,1415,5795840,1.0631663445781059,125143.71903533569,2861,20766720,3.8093663371102453,123278.35369416287,0,0,0,0,6590,98971648,18.15497412299701,117830.77662837633,6590,98971648,18.15497412299701,117830.77662837633,
461,5402.975684316141,11269,77766656,14.123810452137837,99665.0512994942,17102,152162304,27.635385783549378,97517.78524921063,28371,229928960,41.75919623568721,98370.68226097072,9589,59551744,10.815657861773518,99284.9388839295,7456,30539776,5.546567509277347,97055.26593159871,17045,90091520,16.362225371050865,98309.61230530948,1680,18214912,3.308152590364319,101834.63341428572,1707,6991872,1.2698485432318176,99733.01818219098,3387,25206784,4.578001133596136,100775.44912105108,0,0,0,0,7939,114630656,20.818969731040212,97475.85823264896,7939,114630656,20.818969731040212,97475.85823264896,
466,12236.682044295478,24436,167927808,31.982855573878,12458.923234080865,36837,330256384,62.89930391887919,51261.17191845155,61273,498184192,94.88215949275718,35786.627684428706,20629,129949696,24.74969695928712,13049.355814387513,16135,66088960,12.587037774635872,15757.182926557174,36764,196038656,37.336734733922995,14237.76813227614,3807,37978112,7.233158614590877,9259.544799842395,3803,15577088,2.9667495913814825,10195.611983960032,7610,53555200,10.19990820597236,9727.33238212878,0,0,0,0,16899,248590336,47.34551655286184,94401.54630836144,16899,248590336,47.34551655286184,94401.54630836144,
471,7387.331603284761,14764,103903232,19.81671226343225,2835.1560413844486,22175,199561216,38.060867985441035,78785.5398238106,36939,303464448,57.87758024887329,48429.23710409053,12410,79892480,15.237315121939766,2732.1406311845285,9670,39608320,7.554208522386954,5405.281193381593,22080,119500800,22.79152364432672,3902.8502886322462,2354,24010752,4.579397141492485,3378.2406805437554,2251,9220096,1.7584822527293726,7987.736061306086,4605,33230848,6.337879394221857,5631.438096851249,0,0,0,0,10254,150732800,28.748177210324705,163528.3677178662,10254,150732800,28.748177210324705,163528.3677178662,
476,12122.985074068447,23797,165294080,31.518985148379137,1660.699437113922,36834,335491072,63.97287861599034,47991.45304235218,60631,500785152,95.49186376436948,29807.14231774175,20139,126828544,24.184211526066452,1723.2223436118973,15956,65355776,12.462320084934644,3309.835908937077,36095,192184320,36.646531611001095,2424.5938922565456,3658,38465536,7.334773622312687,1316.4816093493712,3714,15212544,2.9007932311009816,1675.1480557350565,7372,53678080,10.235566853413669,1497.1771033640803,0,0,0,0,17164,254922752,48.60976529995472,99550.45092752272,17164,254922752,48.60976529995472,99550.45092752272,
481,10950.479564341513,21477,147042304,27.92186490553688,6318.996699958095,33519,306233344,58.15065343874646,53429.835150034305,54996,453275648,86.07251834428334,35032.143001654666,18110,113180672,21.49187919077955,6855.683954831585,14493,59363328,11.272503080195715,9189.096466018076,32603,172544000,32.76438227097527,7892.954988927399,3367,33861632,6.42998571475733,3432.330176121176,3336,13664256,2.5947057390142074,4694.038521882494,6703,47525888,9.024691453771537,4060.266777860659,0,0,0,0,15690,233205760,44.28344461953654,104657.60081599744,15690,233205760,44.28344461953654,104657.60081599744,
486,8616.376714372602,16945,117911552,22.485085748460026,50206.90707636471,26146,235532288,44.914714482012606,69710.44449384227,43091,353443840,67.39980023047264,62040.92089171753,14297,90169344,17.194798960176435,52350.858180667274,11318,46358528,8.840316827077173,56425.98307368793,25615,136527872,26.03511578725361,54151.45406351747,2648,27742208,5.290286788283592,38631.35234138973,2654,10870784,2.07299883893469,41323.03132856067,5302,38612992,7.363285627218281,39978.71485213127,0,0,0,0,12174,178302976,34.001398816000744,88249.43980302283,12174,178302976,34.001398816000744,88249.43980302283,
491,5356.26006908132,10989,77119488,14.200504299348083,93938.2663050323,16752,149004288,27.437112035356098,94976.63777596704,27741,226123776,41.63761633470418,94565.309269637,9274,60350464,11.112716716942568,93568.34436348933,7245,29675520,5.464343193582795,92822.59947356797,16519,90025984,16.577059910525364,93241.27119153702,1715,16769024,3.087787582405516,95938.64886239066,1732,7094272,1.3063136523513321,93493.38141512702,3447,23863296,4.394101234756848,94709.98532346968,0,0,0,0,7775,112234496,20.66645518942197,97314.25932167203,7775,112234496,20.66645518942197,97314.25932167203,
496,10378.158856324191,20549,139886592,26.664187175997597,12013.618229256897,31375,279666688,53.30807484196427,62198.688900749,51924,419553280,79.97226201796187,42337.87276122795,17335,107606016,20.5110933854718,13307.052258148255,13830,56647680,10.797777835677172,18139.241563702097,31165,164253696,31.30887122114897,15451.418633755817,3214,32280576,6.153093790525798,5037.364685127566,3297,13504512,2.5741340219976596,7816.274899302396,6511,45785088,8.727227812523457,6444.532090462294,0,0,0,0,14248,209514496,39.93616298428944,117549.68382172936,14248,209514496,39.93616298428944,117549.68382172936,
501,8334.846633276977,16527,113537024,21.64364472299833,2448.756016155382,25170,232087552,44.24301732726764,69464.5158813667,41697,345624576,65.88666205026597,42902.186138403245,13958,87187456,16.620607582298874,2018.0749009886804,10928,44761088,8.53283846938655,4018.2231942715957,24886,131948544,25.153446051685425,2896.3848161616975,2569,26349568,5.023037140699458,4788.750957960296,2586,10592256,2.019209396214643,3113.3353263727768,5155,36941824,7.042246536914101,3948.280575169738,0,0,0,0,11656,176734208,33.69096946166644,145543.89469054565,11656,176734208,33.69096946166644,145543.89469054565,
506,11943.115042025951,23643,164032512,31.277592061235865,1457.6981782768682,36090,325681152,62.10062925994421,48521.47170687171,59733,489713664,93.37822132118008,29893.095473691257,19917,126717952,24.162480725109344,1607.0603811819049,15627,64008192,12.205032365493865,3358.5706092020223,35544,190726144,36.36751309060321,2377.1158148210666,3726,37314560,7.115111336126519,659.2958714439077,3754,15376384,2.9319569655125086,1288.5329243473627,7480,52690944,10.047068301639028,975.0921143048129,0,0,0,0,16709,246296576,46.96363992893784,101371.6187918487,16709,246296576,46.96363992893784,101371.6187918487,
511,10752.763465209891,21185,147382272,28.107182470364943,1761.5099515695067,32586,294047744,56.077664453477546,53952.09751043393,53771,441430016,84.18484692384249,33389.75726319019,17957,114810880,21.895512329618406,1798.7851046388594,14261,58413056,11.139917992603927,3838.0362135895098,32218,173223936,33.03543032222233,2701.4407649761006,3228,32571392,6.211670140746541,1554.1524783147458,3264,13369344,2.5496593736665885,2233.092879901961,6492,45940736,8.761329514413129,1895.5051386321627,0,0,0,0,15061,222265344,42.38808708720703,112612.70831106833,15061,222265344,42.38808708720703,112612.70831106833,
516,11109.858092899054,21943,152915968,29.163933696704472,1455.9242895684272,33611,306180096,58.39426801388466,52119.29833914492,55554,459096064,87.55820171058913,32108.022521564602,18530,117198848,22.352011219666384,1585.248331246627,14672,60096512,11.461528277878768,3441.8840636586697,33202,177295360,33.81353949754515,2405.6976856815854,3413,35717120,6.81192247703809,753.7928825080573,3300,13516800,2.5779064419983597,1383.9047757575759,6713,49233920,9.38982891903645,1063.545489051095,0,0,0,0,15639,232566784,44.354833294007534,108492.58441940021,15639,232566784,44.354833294007534,108492.58441940021,
521,10297.132337028106,20421,141783040,27.038064666944905,1484.7162366681357,31074,283037696,53.97536635997572,56061.57999076398,51495,424820736,81.01343102692063,34418.42755417031,17192,108478464,20.68687287705818,1420.7933262563984,13413,54939648,10.477005962089613,3103.1653507790948,30605,163418112,31.16387883914779,2158.112586668845,3229,33304576,6.351191789886726,1825.0577280891916,3173,12996608,2.4784567149564114,2466.112015757958,6402,46301184,8.829648504843137,2142.7811355826307,0,0,0,0,14488,215101440,41.0199036829297,116828.39635263667,14488,215101440,41.0199036829297,116828.39635263667,
526,10361.327410789165,20258,139964416,26.638831227404015,16886.314438789614,31660,283688960,53.993311603699105,58998.05887893241,51918,423653376,80.63214283110311,42566.38356654724,16964,107130880,20.38976414950549,18437.236379509548,13906,56958976,10.84075932949812,23060.494868689777,30870,164089856,31.230523479003605,20519.874298218336,3294,32833536,6.249067077898528,8899.113527322404,3167,12972032,2.4689116062505785,9688.113323650143,6461,45805568,8.717978684149106,9285.858977712429,0,0,0,0,14587,213757952,40.68364066795041,103963.60098491807,14587,213757952,40.68364066795041,103963.60098491807,
531,8774.757493272062,17558,121950208,22.675506093696974,22461.012929035198,27447,246112256,45.76228324810655,67785.92149608336,45005,368062464,68.43778934180352,50103.11414978336,14863,94748672,17.617633660007336,25012.858235080403,11814,48390144,8.997696872701308,30639.896133739632,26677,143138816,26.615330532708644,27504.81106841099,2695,27201536,5.057872433689639,8387.515050092765,2726,11165696,2.076157243523258,9378.71304622157,5421,38367232,7.134029677212896,8885.948132078953,0,0,0,0,12907,186556416,34.68842913188199,114122.11068528706,12907,186556416,34.68842913188199,114122.11068528706,
537,5441.2188024766365,10939,73039872,13.620400949078709,86453.98392430753,16888,154959872,28.896759124357658,104854.5685156324,27827,227999744,42.517160073436365,97621.16229704962,9241,57667584,10.753792337487615,87850.89295898711,7266,29761536,5.549900925078841,91286.11813721442,16507,87429120,16.303693262566455,89362.9997103653,1698,15372288,2.8666086115910945,78851.60678091874,1719,7041024,1.3130029851652254,81138.67285398488,3417,22413312,4.17961159675632,80002.16767632426,0,0,0,0,7903,118157312,22.03385521411359,122487.87043793497,7903,118157312,22.03385521411359,122487.87043793497,
542,5565.467558297067,12166,85340160,14.891023173100551,83880.95421765576,18252,164847616,28.76429655025701,94185.35276413543,30418,250187776,43.655319723357564,90063.99985741996,10176,65392640,11.410376047926581,84010.44734355346,7845,32133120,5.606915132852116,87291.3432071383,18021,97525760,17.017291180778695,85438.70482370567,1990,19947520,3.480647125173971,83218.78233366834,1843,7548928,1.3172140968574186,81335.42846283234,3833,27496448,4.79786122203139,82313.21980198278,0,0,0,0,8564,125165568,21.840167320547476,103265.91271999065,8564,125165568,21.840167320547476,103265.91271999065,
547,8103.226477658036,16177,110952448,21.003935418822962,41992.6681580021,24645,224747520,42.54599588123213,83098.61425425035,40822,335699968,63.549931300055086,66809.09169291069,13673,85815296,16.245328225035436,44621.034439332994,10867,44511232,8.426231770390915,52026.841811079415,24540,130326528,24.67155999542635,47900.533571719636,2504,25137152,4.758607193787526,27640.57064816294,2416,9895936,1.873357500438433,28620.18202690397,4920,35033088,6.631964694225959,28121.615585365853,0,0,0,0,11362,170340352,32.24640661040278,124400.92400616089,11362,170340352,32.24640661040278,124400.92400616089,
552,6021.742053688306,12029,82976768,15.803840039064795,80242.36185717848,18123,163782656,31.19421205459793,102503.96250422116,30152,246759424,46.99805209366273,93622.80058516849,10111,63717376,12.135676554827326,81810.2310767481,8041,32935936,6.273012032486919,89108.67014973261,18152,96653312,18.408688587314245,85043.30448936755,1918,19259392,3.66816348423747,71977.12427685088,1903,7794688,1.4845842429825404,71646.84282553862,3821,27054080,5.15274772722001,71812.6318398325,0,0,0,0,8179,123052032,23.43661577912847,122852.73919709011,8179,123052032,23.43661577912847,122852.73919709011,
558,8798.46001898801,18592,126119936,21.948220511333425,32452.98261671687,29624,269082624,46.82752746814128,65277.52927440589,48216,395202560,68.7757479794747,52620.44508119711,15714,97660928,16.9955968189316,34572.31472292224,12759,52260864,9.094779172618725,38943.07148240457,28473,149921792,26.090375991550324,36530.88900361746,2878,28459008,4.9526236924018265,20881.340949965255,2938,12034048,2.0942441577830406,20781.182319264808,5816,40493056,7.046867850184867,20830.744997936727,0,0,0,0,13927,204787712,35.63850413773951,98790.24660924822,13927,204787712,35.63850413773951,98790.24660924822,
563,8654.57835375326,17491,122630144,23.38816381093689,28440.66672248585,25785,234565632,44.736630380471055,74636.14403533062,43276,357195776,68.12479419140794,55965.16950720954,14735,93872128,17.90340152373331,29855.67908456057,11249,46075904,8.78765004539995,35428.942803804784,25984,139948032,26.69105156913326,32268.457855257082,2756,28758016,5.484762287203577,20875.27951088534,2735,11202560,2.136565283506877,21698.0556511883,5491,39960576,7.621327570710455,21285.094252048806,0,0,0,0,11801,177287168,33.81241505156423,124278.33354334379,11801,177287168,33.81241505156423,124278.33354334379,
568,11072.300266054546,21634,148516864,28.3255536656501,1237.6939120828326,33731,304185344,58.0150836323627,52056.35946073345,55365,452702208,86.34063729801281,32198.850014702428,18278,115326976,21.995484955736348,1355.3182130977132,14610,59842560,11.413341213358008,3025.1214070499655,32888,175169536,33.408826169094354,2097.1032004378494,3356,33189888,6.330068709913753,597.0690688319428,3473,14225408,2.713109790143214,1286.1673103944718,6829,47415296,9.043178500056968,947.5212862791038,0,0,0,0,15648,230117376,43.88863262886148,109103.34727402862,15648,230117376,43.88863262886148,109103.34727402862,
573,11495.396490177971,22631,157646848,30.06664838938422,1730.7583405063851,34850,315207680,60.116891675458916,50328.33543779053,57481,472854528,90.18354006484313,31194.851899079695,19055,120532992,22.98823690902124,1914.2586048806088,15164,62111744,11.846046980269755,3700.181570034292,34219,182644736,34.834283889290994,2705.682546070896,3576,37113856,7.078411480362981,752.9626085011186,3545,14520320,2.7693376777272674,1396.5554014104373,7121,51634176,9.847749158090249,1073.3581218929926,0,0,0,0,16141,238575616,45.50150701746189,104880.87155572764,16141,238575616,45.50150701746189,104880.87155572764,
578,8143.908979346888,16194,114257920,21.784700366975713,2084.970971470915,24541,221958144,42.31909403785793,71202.29202864593,40735,336216064,64.10379440483364,43725.03912082975,13757,89579520,17.07945499285746,2231.4843905648036,10665,43683840,8.328870027381107,4751.278856821379,24422,133263360,25.408325020238568,3331.869616288592,2437,24678400,4.705245374118253,1257.8946044316783,2485,10178560,1.9406696688271965,2571.788290945674,4922,34856960,6.645915042945449,1921.2480808614384,0,0,0,0,11391,168095744,32.049554341649625,148390.14711298395,11391,168095744,32.049554341649625,148390.14711298395,
583,10850.403996285571,21302,147181568,28.065424166269036,2661.3290203736738,32964,299028480,57.02046284080013,54171.36653883023,54266,446210048,85.08588700706916,33951.21360295581,17952,113172480,21.580376526146257,2324.250311385918,14485,59330560,11.313490914991984,4375.1250824991375,32437,172503040,32.89386744113824,3240.0847307087583,3350,34009088,6.485047640122779,4467.668418507463,3348,13713408,2.6149511621258656,6262.443150238949,6698,47722496,9.099998802248644,5364.787827560466,0,0,0,0,15131,225984512,43.09202076368228,112442.30917315446,15131,225984512,43.09202076368228,112442.30917315446,
588,11661.831465134406,22726,158822400,30.292011467911994,10524.406937516502,35585,315785216,60.229346644233225,50426.36507042293,58311,474607616,90.52135811214522,34875.064277632,19256,122839040,23.42894710309944,11144.741566888242,15514,63545344,12.119929488412295,13848.424319582313,34770,186384384,35.548876591511736,12351.095729249353,3470,35983360,6.863064364812557,7081.99667146974,3812,15613952,2.9780308888634566,7740.975063746065,7282,51597312,9.841095253676013,7426.960367069487,0,0,0,0,16259,236625920,45.13138626695747,95336.0692043791,16259,236625920,45.13138626695747,95336.0692043791,
593,11650.638136810703,23080,160702464,30.649558251826974,1494.952630762565,35177,320790528,61.181936666324745,49736.290510930434,58257,481492992,91.83149491815172,30624.25112898021,19512,123523072,23.55861569557899,1610.5114316830668,15247,62451712,11.910939865055969,3297.5626266806585,34759,185974784,35.46955556063496,2350.534722632987,3568,37179392,7.090942556247985,863.0066320067265,3630,14868480,2.8357520633667717,1713.1903110192836,7198,52047872,9.926694619614757,1291.7600016671297,0,0,0,0,16300,243470336,46.435244737902,103869.73454631903,16300,243470336,46.435244737902,103869.73454631903,
598,10563.98259502387,21033,147877888,28.195280092307733,2727.7550617125466,31806,285556736,54.44595038958884,55919.885068917814,52839,433434624,82.64123048189657,34746.318755370085,17711,113315840,21.60547388731389,3004.372833493309,13884,56868864,10.842956784799062,5303.690218596947,31595,170184704,32.448430672112956,4014.7770928627947,3322,34562048,6.589806204993841,1252.9876456953643,3198,13099008,2.4975349897570873,2156.355161976235,6520,47661056,9.087341194750929,1696.0810992331287,0,0,0,0,14724,215588864,41.10545861503269,115325.6863419587,14724,215588864,41.10545861503269,115325.6863419587,
