5,9704.761874885284,19599,132165632,24.689508269868345,7211.519992652687,29945,268754944,50.20539237050676,46487.333696109534,49544,400920576,74.8949006403751,30950.30251626837,16500,101330944,18.929362664278457,7557.0050829696975,13019,53325824,9.961654574810673,9573.55282563945,29519,154656768,28.89101723908913,8446.379216978894,3099,30834688,5.760145605589887,5372.05436172959,2998,12279808,2.2939580931932095,7219.845371914609,6097,43114496,8.054103698783097,6280.645053632935,0,0,0,0,13928,203149312,37.94977970250287,89444.28682280298,13928,203149312,37.94977970250287,89444.28682280298,
10,10781.182505126864,21348,148389888,28.19689479480482,31002.018642636314,32761,299954176,56.996985831907686,54071.99758951191,54109,448344064,85.19388062671251,44970.03838572142,17998,113774592,21.61933164169409,32433.23858962107,14235,58306560,11.079352914984172,36991.82722697576,32233,172081152,32.69868455667826,34446.43963366736,3350,34615296,6.57756315311073,23312.736073731343,3338,13672448,2.598024589407599,24416.766162372678,6688,48287744,9.17558774251833,23863.760660436605,0,0,0,0,15188,227975168,43.319608327515915,76598.03048485647,15188,227975168,43.319608327515915,76598.03048485647,
15,9368.187061977489,19122,133275648,24.445404614539882,21098.933348342223,29587,269852672,49.49634724983455,42574.21070405922,48709,403128320,73.94175186437442,34143.52533593381,16202,103342080,18.954992882931993,21977.440245648686,12885,52776960,9.68034416554018,25736.797520605356,29087,156119040,28.635337048472174,23642.765596761437,2920,29933568,5.490411731607888,16224.42350239726,2942,12050432,2.210288904541654,16789.16448164514,5862,41984000,7.700700636149542,16507.85372432617,0,0,0,0,13760,205025280,37.60571417975272,63853.98358597384,13760,205025280,37.60571417975272,63853.98358597384,
20,8131.131187235996,16128,112697344,21.47453075907774,63296.095154947914,24567,224481280,42.775011203433,73070.57871469858,40695,337178624,64.24954196251075,69196.81361206537,13638,87285760,16.632341734242445,63973.75849384074,10587,43364352,8.263097228551139,65677.93112864834,24225,130650112,24.895438962793584,64718.52941993808,2490,25411584,4.842189024835295,59584.45956626506,2549,10440704,1.9894809516932892,61358.89053903492,5039,35852288,6.831669976528584,60482.063168088906,0,0,0,0,11431,170676224,32.52243302318857,82528.98595407227,11431,170676224,32.52243302318857,82528.98595407227,
25,6825.310725031576,14201,99061760,17.83397593553895,24942.268509541584,21955,198533120,35.74169169301522,79340.23038132544,36156,297594880,53.57566762855417,57974.33104121031,12044,76070912,13.694959730197619,25136.69056700432,9415,38563840,6.942604235397942,27344.06876388741,21459,114634752,20.63756396559556,26105.163735542195,2157,22990848,4.139016205341333,23856.677753824755,2190,8970240,1.6149021004271369,24379.98952785388,4347,31961088,5.75391830576847,24120.31998642742,0,0,0,0,10350,150999040,27.184185357190138,138268.4225646377,10350,150999040,27.184185357190138,138268.4225646377,
30,8590.314941605815,17749,125296640,22.975480083407874,36617.63795943434,26928,245084160,44.940760078153325,67685.6504989602,44677,370380800,67.91624016156119,55343.14418555409,15002,95244288,17.464819822801022,36992.78035761899,11641,47681536,8.743300544326612,37825.43543192165,26643,142925824,26.208120367127634,37356.58840175656,2747,30052352,5.510660260606851,34568.89887768475,2732,11190272,2.0519454589039006,36169.90920863836,5479,41242624,7.562605719510751,35367.21247946706,0,0,0,0,12555,186212352,34.14551407492281,102229.95705416168,12555,186212352,34.14551407492281,102229.95705416168,
35,10391.16731303178,20541,143040512,27.197922930424696,17578.88093934083,31577,285097984,54.20892926090374,60448.24098071381,52118,428138496,81.40685219132844,43552.36000658122,17326,111812608,21.260205605484604,18421.641882950476,13799,56520704,10.746925677708331,21809.48400949344,31125,168333312,32.00713128319293,19923.612437301203,3215,31227904,5.937717324940091,13037.146535303267,3305,13537280,2.5739973450848637,13988.629385779122,6520,44765184,8.511714670024954,13519.454943404908,0,0,0,0,14473,215040000,40.88800623811054,107896.95401651351,14473,215040000,40.88800623811054,107896.95401651351,
40,7657.522669079987,15095,104173568,19.847558827402583,41510.618939913875,23235,208261120,39.67872954741023,75056.13116677426,38330,312434688,59.526288374812815,61845.34308786851,12729,80793600,15.393115160245191,42767.007874459894,10031,41086976,7.828052632315312,44811.58781467451,22760,121880576,23.221167792560504,43668.11426199473,2366,23379968,4.454443667157392,34751.288953508025,2488,10190848,1.9416005332669222,37136.76004541801,4854,33570816,6.396044200424314,35974.00260754018,0,0,0,0,10716,156983296,29.909076381827997,112171.32430925718,10716,156983296,29.909076381827997,112171.32430925718,
45,9668.063181416308,19100,136318976,25.968182051113043,26557.869380785338,29301,259616768,49.45588422660671,61743.2383155865,48401,395935744,75.42406627771976,47858.38993115845,16156,106078208,20.207445051522658,27856.20442529091,12737,52170752,9.938305182687625,32045.818666640498,28893,158248960,30.145750234210283,29703.126399197037,2944,30240768,5.760736999590384,19432.903015625,3003,12300288,2.3431522700487504,22636.24551381951,5947,42541056,8.103889269639135,21050.464394820916,0,0,0,0,13561,195145728,37.17442677387034,98296.17198215472,13561,195145728,37.17442677387034,98296.17198215472,
50,6532.494378057526,13187,91443200,16.99419609115542,68868.29638939865,20335,182996992,34.00894507344012,78827.82241219573,33522,274440192,51.00314116459554,74909.90970822147,11040,70586368,13.118073067811034,69230.1406419384,8652,35438592,6.586059779649572,68381.18952820156,19692,106024960,19.704132847460606,68857.14018306928,2147,20856832,3.8761230233443853,67007.67200745226,2082,8527872,1.5848562715245502,65317.72697550432,4229,29384704,5.4609792948689355,66175.68677299598,0,0,0,0,9601,139030528,25.838029022266,91171.56644005832,9601,139030528,25.838029022266,91171.56644005832,
56,3865.299028723922,8401,58159104,10.082688551718906,141496.3239903583,12862,116563968,20.207983013227455,139512.51532304462,21263,174723072,30.29067156494636,140296.3170732258,7085,44343296,7.687526323044502,141290.72138546227,5510,22568960,3.912642715682173,140053.33283502722,12595,66912256,11.600169038726674,140749.39459603018,1316,13815808,2.3951622286744048,142603.23467097266,1373,5623808,0.9749652356863201,143169.51897013836,2689,19439616,3.3701274643607246,142892.37871811082,0,0,0,0,5979,88371200,15.320375061858963,138174.33661448405,5979,88371200,15.320375061858963,138174.33661448405,
61,8059.183500492063,16017,111763456,21.311326292814602,29869.220030717363,24290,215683072,41.12697018986801,73970.73419493619,40307,327446528,62.43829648268262,56445.88857585531,13503,85536768,16.31035794813631,30274.462614900393,10738,43982848,8.386755908973218,31897.57125712423,24241,129519616,24.697113857109528,30993.448655088487,2514,26226688,5.000968344678293,27692.612785600635,2532,10371072,1.977581110217935,30051.528141785147,5046,36597760,6.978549454896228,28876.277803804995,0,0,0,0,11020,161329152,30.76263317067686,125058.30709446462,11020,161329152,30.76263317067686,125058.30709446462,
66,9946.814356267267,19554,134103040,25.54990670192198,2806.715466861,30235,273584128,52.12446299149282,58347.819358128,49789,407687168,77.6743696934148,36534.75330960654,16492,103055360,19.634564832631554,2868.309446034441,13157,53891072,10.2675663554425,4866.834860530516,29649,156946432,29.902131188074055,3755.172371547101,3062,31047680,5.915341869290428,2474.968927171783,3053,12505088,2.3825248980136777,2945.5809351457583,6115,43552768,8.297866767304106,2709.9286099754704,0,0,0,0,14025,207187968,39.47437173803664,120579.00274067736,14025,207187968,39.47437173803664,120579.00274067736,
71,10521.197906329375,20633,142925824,27.21437286981706,11764.183714825764,32063,289566720,55.136129134857484,57837.6502724324,52696,432492544,82.35050200467454,39797.68831169349,17441,110374912,21.016384069552366,12704.378266899834,13922,57024512,10.857984154685422,16706.044766125557,31363,167399424,31.874368224237788,14480.713470873323,3192,32550912,6.197988800264692,6626.98660244361,3341,13684736,2.6056978207731643,7852.74803771326,6533,46235648,8.803686621037857,7253.8454659421395,0,0,0,0,14800,218857472,41.6724471593989,107812.90501736486,14800,218857472,41.6724471593989,107812.90501736486,
76,11377.021302052386,22375,156499968,29.847957062548446,5601.238823061452,34514,315011072,60.07948162189629,51941.784941154314,56889,471511040,89.92743868444474,33715.59500298828,18901,120840192,23.046860062272412,6123.339634728321,15023,61534208,11.735915487611635,8635.648553617786,33924,182374400,34.78277554988404,7235.897613990095,3474,35659776,6.801097000276036,2760.6437046632122,3505,14356480,2.7380938417146226,3572.304774607703,6979,50016256,9.539190841990658,3168.2768971199316,0,0,0,0,15986,239120384,45.605472292570035,103244.36938590017,15986,239120384,45.605472292570035,103244.36938590017,
81,9502.213157643791,18714,128528384,24.50404683569297,6975.301297050336,28818,258748416,49.33060781597759,62553.662625199526,47532,387276800,73.83465465167055,40671.69986548009,15818,98091008,18.701134950800704,7603.008745859148,12600,51609600,9.83941458076202,10211.879113174602,28418,149700608,28.54054953156272,8759.732182701106,2896,30437376,5.802911884892268,3546.752807665746,2904,11894784,2.2677507890899133,4499.465204889807,5800,42332160,8.07066267398218,4023.766049310345,0,0,0,0,13314,195244032,37.22344244612565,124751.03843713384,13314,195244032,37.22344244612565,124751.03843713384,
86,8600.04941651197,18164,126279680,22.482986665112968,39829.66673249284,27902,252661760,44.98420474983761,62560.73786151531,46066,378941440,67.46719141495058,53597.78957020362,15315,98037760,17.454761136214042,39899.02088037872,12147,49754112,8.85828216091882,41133.496063884086,27462,147791872,26.31304329713286,40445.05431035613,2849,28241920,5.028225528898927,39456.848629694636,2829,11587584,2.063067443256717,41655.90344008484,5678,39829504,7.091292972155644,40552.50309580839,0,0,0,0,12926,191320064,34.06285514566207,87271.9000690082,12926,191320064,34.06285514566207,87271.9000690082,
91,7571.985852200441,14910,104030208,19.820685869331736,28655.794731187125,22991,206299136,39.30579827131121,79984.32598612501,37901,310329344,59.12648414064295,59792.024964750264,12622,80457728,15.32946423069861,29185.87751465695,10046,41148416,7.839932681443681,33267.74315857058,22668,121606144,23.16939691214229,30994.877967222514,2288,23572480,4.491221638633126,25731.53559965035,2339,9580544,1.8253635817137936,24108.817377511758,4627,33153024,6.31658522034692,24911.233476982925,0,0,0,0,10606,155570176,29.64050200815374,136556.7949396568,10606,155570176,29.64050200815374,136556.7949396568,
97,9966.224659245629,21396,149471232,25.97553903173049,7254.132992568704,33296,299433984,52.036495817593604,56548.20723387194,54692,448905216,78.0120348493241,37263.92411263073,18166,115187712,20.017650680980076,7833.157567763955,14548,59588608,10.35547905934493,10808.334446934286,32714,174776320,30.373129740325005,9156.226383505533,3230,34283520,5.957888350750417,3997.6127346749226,3333,13651968,2.372478121033589,5318.8171497149715,6563,47935488,8.330366471784005,4668.582461222002,0,0,0,0,15415,226193408,39.30853863721509,110792.20505773596,15415,226193408,39.30853863721509,110792.20505773596,
102,6053.160831851189,13098,90238976,15.795224649232672,60680.558425713854,19882,182046720,31.865042873003773,96673.94901931395,32980,272285696,47.660267522236445,82379.18158465737,11075,69455872,12.157397502475531,61565.79298970655,8688,35586048,6.228900719555783,65891.79277371087,19763,105041920,18.386298222031314,63467.54303390173,2023,20783104,3.6378271467571413,55834.30395402867,1950,7987200,1.398061280287037,55126.57612,3973,28770304,5.035888427044179,55486.94194135414,0,0,0,0,9244,138473472,24.238080873160953,134368.96747620078,9244,138473472,24.238080873160953,134368.96747620078,
107,7246.784935129933,14431,100995072,19.258989068438677,31729.792305037765,21811,196587520,37.487738992566584,80773.34767612672,36242,297582592,56.746728061005264,61244.96768715855,12245,79257600,15.113819137538565,33595.83546165782,9685,39669760,7.564720328013489,36490.64356448116,21930,118927360,22.678539465552053,34874.27670542636,2186,21737472,4.145169930900112,21277.048273559012,2187,8957952,1.7082130467078471,24096.02625925926,4373,30695424,5.853382977607959,22686.859582666362,0,0,0,0,9939,147959808,28.21480561784525,136395.7736002616,9939,147959808,28.21480561784525,136395.7736002616,
112,9865.604466735753,20061,139583488,25.838773848016775,23877.483407756343,30765,278376448,51.531210371288346,56229.36238238258,50826,417959936,77.36998421930512,43460.08988189116,16981,108351488,20.057312183860198,24668.794492079385,13292,54444032,10.078319795405804,26600.967658441168,30273,162795520,30.135631979266,25517.155927261916,3080,31232000,5.78146166415658,19514.73875746753,3059,12529664,2.319408685987538,20972.26764792416,6139,43761664,8.100870350144117,20241.01027985014,0,0,0,0,14414,211402752,39.133481889895,91033.86324705147,14414,211402752,39.133481889895,91033.86324705147,
118,9039.255880938135,19083,133636096,24.097115286749297,13707.20617088508,28724,260612096,46.99328931633393,58819.098134277956,47807,394248192,71.09040460308321,40811.89763356831,16047,102387712,18.46244071669442,14694.889551878856,12613,51662848,9.31578848500487,18479.34798073416,28660,154050560,27.77822920169929,16360.394581995813,3036,31248384,5.634674570054876,8486.733438735178,2892,11845632,2.1359914610825403,8327.193260027663,5928,43094016,7.770666031137416,8408.901084345478,0,0,0,0,13219,197103616,35.541509370246516,108355.96609577123,13219,197103616,35.541509370246516,108355.96609577123,
123,7397.278071437384,14569,102277120,19.356249815962293,29521.344476010705,22707,209788928,39.70317993888494,90640.44678491214,37276,312066048,59.05942975484723,66752.57787359158,12269,78213120,14.802066088738487,27981.822317222268,9654,39542784,7.483589736615939,29548.474234824946,21923,117755904,22.285655825354425,28671.71227810975,2300,24064000,4.5541837272238075,37733.69115695653,2181,8933376,1.6906680355872552,38260.10100641908,4481,32997376,6.244851762811063,37989.90626110243,0,0,0,0,10872,161312768,30.52892216668174,155396.0977361111,10872,161312768,30.52892216668174,155396.0977361111,
128,8091.886597192084,16046,113319936,21.60254720172699,11826.855180668079,24435,215834624,41.145254906665286,75812.50538841826,40481,329154560,62.74780210839228,50449.65014191843,13496,87851008,16.747322792692852,13040.990118553646,10826,44343296,8.45330644133219,18720.07503805653,24322,132194304,25.20062923402504,15568.815681358441,2550,25468928,4.855224409034136,5400.986505490196,2495,10219520,1.9481802670537423,7796.842083366733,5045,35688448,6.803404676087879,6585.854625768087,0,0,0,0,11114,161271808,30.743768198279355,146694.43187025373,11114,161271808,30.743768198279355,146694.43187025373,
133,6872.341122768149,13601,94334976,17.89853502320401,55256.00096742886,20942,190271488,36.100935583904125,86036.80315576354,34543,284606464,53.99947060710813,73917.13518935819,11487,72392704,13.735344014593707,57774.42941629668,9154,37494784,7.114028466085254,64170.89385459908,20641,109887488,20.849372480678962,60611.173540526135,2114,21942272,4.163191008610302,41571.42783964049,2099,8597504,1.6312372460468592,43675.850077656025,4213,30539776,5.794428254657162,42619.89265748872,0,0,0,0,9689,144179200,27.355669871772008,115872.3046785014,9689,144179200,27.355669871772008,115872.3046785014,
139,7087.136810624757,16738,116137984,18.264129788101467,23090.6780570558,26240,239550464,37.67226375563681,80167.5296605183,42978,355688448,55.93639354373828,57938.660421866996,14212,90288128,14.198921242827138,21904.40415979454,11207,45903872,7.218949796686646,24822.043314446328,25419,136192000,21.417871039513784,23190.76404831032,2526,25849856,4.065208545274331,29764.995011876486,2588,10600448,1.6670511353462156,39271.61555216383,5114,36450304,5.732259680620547,34575.93243038717,0,0,0,0,12445,183046144,28.786262823603955,138511.8841155484,12445,183046144,28.786262823603955,138511.8841155484,
144,6277.109229236599,12582,89452544,17.0603848974551,84069.41884318869,18806,169140224,32.258415401598555,90809.23855668404,31388,258592768,49.318800299053656,88107.55601446412,10681,69685248,13.290367153276414,85211.45564375995,8298,33988608,6.482305686115775,89517.397159436,18979,103673856,19.77267283939219,87094.09976078825,1901,19767296,3.7700177441786855,77652.74600420831,1995,8171520,1.5584719021211102,79768.14264661654,3896,27938816,5.328489646299795,78735.96374075976,0,0,0,0,8513,126980096,24.217637813361673,94655.90674121931,8513,126980096,24.217637813361673,94655.90674121931,
149,8618.192301958934,16960,117628928,22.434355577311432,43601.30075294811,26134,236089344,45.02729372242683,68547.97132639473,43094,353718272,67.46164929973827,58730.00286383255,14369,92528640,17.647193136411495,46035.646305727605,11295,46264320,8.823596568205748,50828.591084993364,25664,138792960,26.470789704617243,48145.07239993766,2591,25100288,4.78716244089994,30101.064840988038,2686,11001856,2.0982895424701757,33440.97889128816,5277,36102144,6.885451983370116,31801.08552302445,0,0,0,0,12153,178823168,34.105407611750906,92775.55147181766,12153,178823168,34.105407611750906,92775.55147181766,
154,6404.438154072025,13027,89894912,16.45948453231547,51145.620788055574,20331,184700928,33.818177245897004,88989.50975726722,33358,274595840,50.27766177821247,74210.67584630373,11041,69267456,12.682660177973615,52244.04293315823,8646,35414016,6.4841984447259104,58285.30998854962,19687,104681472,19.166858622699525,54897.204662264434,1986,20627456,3.776824354341856,45039.035237160126,2078,8511488,1.558427523495309,54620.712777189605,4064,29138944,5.335251877837165,49938.328034448816,0,0,0,0,9607,140775424,25.77555127767578,124056.3226358905,9607,140775424,25.77555127767578,124056.3226358905,
159,6109.1988237823325,12300,83951616,16.010400354470477,63191.62844609756,18250,164376576,31.3482326612634,95416.1380780822,30550,248328192,47.35863301573387,82441.9492573486,10446,66117632,12.60928388572709,63029.859177675666,8004,32784384,6.252305056458903,67701.33947713644,18450,98902016,18.861588942185993,65056.44607831978,1854,17833984,3.4011164687433864,64103.08571574973,1859,7614464,1.4521533108392182,63434.96405325444,3713,25448448,4.853269779582605,63768.5750315109,0,0,0,0,8387,123977728,23.64377429396528,128954.02415345177,8387,123977728,23.64377429396528,128954.02415345177,
164,6608.663957408277,13000,89583616,17.084815921792785,28591.685858923076,20047,179712000,34.27352652227417,84421.6678027635,33047,269295616,51.358342444066956,62459.318262111534,10987,69234688,13.203998149424509,29519.629160644396,8708,35667968,6.802367383611703,32495.20394660083,19695,104902656,20.00636553303621,30835.257758568165,2013,20348928,3.880817772368275,23526.950113263785,2044,8372224,1.5966971672143226,27772.684581213307,4057,28721152,5.477514939582598,25666.03841804289,0,0,0,0,9295,135671808,25.874461971448145,145526.15074674555,9295,135671808,25.874461971448145,145526.15074674555,
169,8806.481965546152,17543,120983552,23.062901629594965,7186.2894427406945,26514,237445120,45.26378465882182,68490.69697288226,44057,358428672,68.32668628841678,44079.974016228975,14878,93052928,17.738531307212593,7935.261371152037,11654,47734784,9.099605768740892,11523.64417787884,26532,140787712,26.838137075953487,9511.43403923564,2665,27930624,5.32437032238237,3004.974489305816,2636,10797056,2.0582255711687822,3851.849764795144,5301,38727680,7.382595893551152,3426.0956411997736,0,0,0,0,12224,178913280,34.10595331891214,136740.20895860603,12224,178913280,34.10595331891214,136740.20895860603,
174,8664.612571540058,17132,118685696,22.427355655084504,6932.657185267336,26597,238346240,45.03892274880478,68379.31804553146,43729,357031936,67.46627840388929,44305.95268483157,14413,89518080,16.91571845119657,7491.975888642199,11342,46456832,8.778681247928231,10587.294207988009,25755,135974912,25.6943996991248,8855.093744515627,2719,29167616,5.5116372038879335,3967.7949301213685,2743,11235328,2.1230755301593316,5403.352229310974,5462,40402944,7.634712734047265,4688.727495422922,0,0,0,0,12512,180654080,34.13716597071722,134573.38842591114,12512,180654080,34.13716597071722,134573.38842591114,
179,4398.115576689056,8641,60194816,11.47946359572184,116573.9486605717,13353,121544704,23.17920541231967,125626.40466546844,21994,181739520,34.658669008041514,122069.87686978267,7334,46735360,8.912675532606572,117834.9173022907,5840,23920640,4.561790106084346,123399.8582655822,13174,70656000,13.47446563869092,120301.84118460605,1307,13459456,2.566788063115267,109498.24550956389,1348,5521408,1.0529611409249484,110321.5549569733,2655,18980864,3.6197492040402155,109916.25723653483,0,0,0,0,6165,92102656,17.564454165310377,131082.03619545823,6165,92102656,17.564454165310377,131082.03619545823,
184,9112.968036438977,18009,121491456,23.167998828897822,3835.5037221389307,27565,247095296,47.12021500799333,65288.774551822964,45574,368586752,70.28821383689115,41004.92950043885,15271,94728192,18.06433730878662,4154.421804204047,12111,49606656,9.459817060004097,7027.001628767236,27382,144334848,27.524154368790718,5424.957713023154,2738,26763264,5.103661520111203,2056.760832724616,2846,11657216,2.2229906161978086,3594.8166465214335,5584,38420480,7.326652136309011,2840.662488538682,0,0,0,0,12608,185831424,35.43740733179142,135180.06072485723,12608,185831424,35.43740733179142,135180.06072485723,
189,12802.290889711723,25119,171360256,32.673377500540475,1672.5708593494965,38914,355790848,67.83888492756112,44970.39401791129,64033,527151104,100.5122624281016,27985.43282727656,21176,131125248,25.00174093901908,1784.0423744333207,16820,68894720,13.136203498400677,3192.0075097502972,37996,200019968,38.137944437419755,2407.317813322455,3943,40235008,7.671636561521394,1073.9097375095105,3971,16265216,3.1012998865724786,1650.438946361118,7914,56500224,10.772936448093873,1363.1942318675765,0,0,0,0,18123,270630912,51.601381542587966,93237.01668835182,18123,270630912,51.601381542587966,93237.01668835182,
194,9450.703261585868,18600,129953792,24.785416003749425,29976.809919193547,28656,259665920,49.52474068010511,59307.80781651312,47256,389619712,74.31015668385454,47763.103209899265,15760,101330944,19.326327938877203,30167.374806852793,12399,50786304,9.686209633135473,30770.703225260102,28159,152117248,29.012537572012675,30433.032999964485,2840,28622848,5.459088064872222,28919.30899330986,2893,11849728,2.260037460171056,28712.39426374006,5733,40472576,7.719125525043278,28814.895193790337,0,0,0,0,13364,197029888,37.57849358679858,92407.48540070339,13364,197029888,37.57849358679858,92407.48540070339,
199,12568.757630006454,24635,169902080,32.405109469767105,1218.8022855287193,38211,341979136,65.22504808920745,45725.68545696265,62846,511881216,97.63015755897456,28279.434829583424,20767,131239936,25.031150253635673,1243.177237925555,16699,68399104,13.045634595844765,2671.312318282532,37466,199639040,38.07678484948044,1879.7124353547215,3868,38662144,7.373959216131429,1087.935006204757,3854,15785984,3.010831530773443,1774.4335853658538,7722,54448128,10.384790746904873,1430.5619842009842,0,0,0,0,17658,257794048,49.16858196258924,96034.5030895345,17658,257794048,49.16858196258924,96034.5030895345,
204,9994.612341837043,19583,134553600,25.65998637524031,1535.189658836746,30398,272576512,51.98158640222579,57448.07906872163,49981,407130112,77.6415727774661,35540.91207899002,16499,103682048,19.77264033840055,1396.5926479786654,13341,54644736,10.42100085942408,3064.105184169103,29840,158326784,30.19364119782463,2142.1115737600535,3084,30871552,5.887346036839764,2276.665690661479,3186,13049856,2.488667171735636,3557.722125549278,6270,43921408,8.376013208575399,2927.613984370016,0,0,0,0,13871,204881920,39.07191837106607,122132.04365777521,13871,204881920,39.07191837106607,122132.04365777521,
209,9535.989762877589,18653,128901120,24.565302631050734,1398.4867794456657,29067,264433664,50.39438743431854,59558.281304056145,47720,393334784,74.95969006536927,36824.52926575859,15710,98869248,18.841985221109077,1319.5639910884786,12518,51273728,9.771479451397937,2756.853927704106,28228,150142976,28.613464672507014,1956.9451525789996,2943,30031872,5.723317409941658,1819.7837570506285,3040,12451840,2.3730066729709005,3188.5705871710525,5983,42483712,8.096324082912558,2515.2729704161793,0,0,0,0,13509,200708096,38.2499013099497,124878.00804004738,13509,200708096,38.2499013099497,124878.00804004738,
214,7218.060208749581,14329,98545664,18.792084932240247,1997.7382432130646,21769,198266880,37.80834079326195,80589.96817097707,36098,296812544,56.60042572550219,49393.00261513104,12100,76595200,14.606259122693903,1503.1469014049587,9516,38977536,7.432789401687443,3284.4129645859603,21616,115572736,22.039048524381347,2287.3126979089566,2229,21950464,4.185825809546344,4682.599273216689,2101,8605696,1.641056172020315,7316.498239409805,4330,30556160,5.826881981566658,5960.618148036951,0,0,0,0,10152,150683648,28.734495219554187,168216.76325275807,10152,150683648,28.734495219554187,168216.76325275807,
219,12055.97552699085,23657,162914304,31.071828047665154,1599.6591625734457,36626,330752000,63.08266995647813,47794.86613416699,60283,493666304,94.15449800414329,29666.372009339284,19928,125353984,23.908136611121446,1650.282959955841,15804,64733184,12.346235492163224,3191.3058028347255,35732,190087168,36.25437210328467,2331.865995018471,3729,37560320,7.163691436543709,1329.122548404398,3798,15556608,2.9670338141759003,2471.8880400210637,7527,53116928,10.130725250719609,1905.743159160356,0,0,0,0,17024,250462208,47.769400650139005,99313.3892942904,17024,250462208,47.769400650139005,99313.3892942904,
224,10359.13845167711,20276,139677696,26.63404901477764,1491.8108428190965,31534,283791360,54.11395812406876,55571.542979387326,51810,423469056,80.7480071388464,34407.27645166956,17157,108371968,20.664604229582324,1559.912164014688,13800,56524800,10.778272672470937,3423.0692501449275,30957,164896768,31.44287690205326,2390.469640146009,3119,31305728,5.969444785195317,1117.1989903815327,3159,12939264,2.4672872008938906,1769.3796774295663,6278,44244992,8.436731986089208,1445.3670041414464,0,0,0,0,14575,214327296,40.86839825070393,116608.24770216124,14575,214327296,40.86839825070393,116608.24770216124,
229,13130.361002959282,26027,185204736,35.30876057592161,1668.732289238099,39655,359899136,68.61375523628645,42836.19223316102,65682,545103872,103.92251581220806,26523.268144971225,21967,141803520,27.03444115221174,1691.617070833523,17006,69656576,13.27982975836259,3080.7876701164296,38973,211460096,40.31427091057433,2297.786347291715,4060,43401216,8.274319423709867,1544.9120928571429,4135,16936960,3.228983655817318,2100.8531281741234,8195,60338176,11.503303079527186,1825.4265749847468,0,0,0,0,18514,273305600,52.10494182210654,88451.45836680349,18514,273305600,52.10494182210654,88451.45836680349,
234,8647.667003426972,16980,117551104,22.414010057640997,1802.0921951118964,26272,238493696,45.47469074240234,64845.33197887485,43252,356044800,67.88870080004334,40095.62765240914,14300,90800128,17.31327833575336,1340.1093353846154,11404,46710784,8.90656018318889,2996.581004998246,25704,137510912,26.21983851894225,2075.0300839169,2680,26750976,5.100731721887639,4267.149991417911,2696,11042816,2.105584554005371,5422.124469584569,5376,37793792,7.20631627589301,4846.355942522322,0,0,0,0,12172,180740096,34.46254600520808,135953.45911912588,12172,180740096,34.46254600520808,135953.45911912588,
239,9709.001558065558,19085,131174400,24.942465128690824,1292.1613255436207,29610,265289728,50.44413993614511,51470.194601654846,48695,396464128,75.38660506483593,31803.95032453024,16070,101154816,19.234320650059285,1280.5835342874923,12911,52883456,10.05564925141381,2952.000667570289,28981,154038272,29.289969901473093,2025.1978197784754,3015,30019584,5.70814447863154,1353.871144941957,2929,11997184,2.2812327981868985,1561.2552212359167,5944,42016768,7.989377276818438,1456.0629281628533,0,0,0,0,13770,200409088,38.10725788654441,107577.79702200435,13770,200409088,38.10725788654441,107577.79702200435,
244,10916.216193487588,21621,149073920,28.424782641561727,1534.1381089681329,32977,293875712,56.03497403995409,53233.482011553504,54598,442949632,84.45975668151583,32760.36001957947,18242,115388416,22.001773644606,1310.2343556627563,14250,58368000,11.129362622400182,2816.5878860350876,32492,173756416,33.131136267006184,1970.875061307399,3379,33685504,6.423008996955726,2742.9135655519385,3409,13963264,2.662455942439454,4520.811644177178,6788,47648768,9.08546493939518,3635.7913719799644,0,0,0,0,15318,221544448,42.243155475114456,110976.15302415458,15318,221544448,42.243155475114456,110976.15302415458,
249,11447.060539021673,22369,156012544,29.75251014781547,1318.993026375788,34875,313217024,59.732329504405506,45550.34281078136,57244,469229568,89.48483965222097,28266.242060879744,18835,119427072,22.775445361649183,1166.7811483939474,14997,61427712,11.71462613055708,2516.175669067147,33832,180854784,34.49007149220626,1764.938798740837,3534,36585472,6.977064786166289,2130.2297897566496,3531,14462976,2.758174626058348,2632.614202209006,7065,51048448,9.735239412224637,2381.3153326256192,0,0,0,0,16347,237326336,45.25952874779008,94300.93339872759,16347,237326336,45.25952874779008,94300.93339872759,
254,7597.085197430062,14946,104013824,19.83510752633904,43119.564483540744,23047,209539072,39.958438832989145,71696.4631125526,37993,313552896,59.79354635932819,60454.646806674915,12657,80789504,15.406303097169067,43936.631827052224,9924,40648704,7.751579392430836,46928.23742291415,22581,121438208,23.157882489599903,45251.396183517114,2289,23224320,4.4288044291699755,38601.59970991699,2307,9449472,1.8019844476358262,38398.56634373646,4596,32673792,6.230788876805802,38499.685441906004,0,0,0,0,10816,159440896,30.404874992922483,101524.32180242235,10816,159440896,30.404874992922483,101524.32180242235,
259,10552.301581624726,20969,146354176,27.90136301115162,2661.039907482474,31818,288890880,55.07495265110195,55772.3190548746,52787,435245056,82.97631566225357,34674.50306908898,17746,113176576,21.576294012513795,2938.4986651639806,13584,55640064,10.607374972530398,5102.448233289164,31330,168816640,32.18366898504419,3876.7396780402173,3223,33177600,6.325068998637825,1133.3380415761712,3345,13701120,2.6120192346226574,1999.175785949178,6568,46878720,8.937088233260482,1574.2983422655298,0,0,0,0,14889,219549696,41.855558443948894,114081.8555902344,14889,219549696,41.855558443948894,114081.8555902344,
264,10189.37715507084,19940,141271040,26.940492937411175,1585.9784494984956,31016,281137152,53.61306505494609,54885.2175806358,50956,422408192,80.55355799235727,34028.265930685295,16900,108544000,20.69942194379229,1402.638568402367,13294,54452224,10.384079823425461,2976.5827542500374,30194,162996224,31.08350176721775,2095.6243936212495,3040,32727040,6.241070993618884,2605.203446381579,3193,13078528,2.4940850666614636,3217.2782016911997,6233,45805568,8.735156060280348,2918.7530523022624,0,0,0,0,14529,213606400,40.73490016485917,113736.42012857045,14529,213606400,40.73490016485917,113736.42012857045,
270,5865.879761131857,13774,96391168,15.35249209237848,2340.8348447800204,21349,192090112,30.594731723803747,69945.57428141833,35123,288481280,45.94722381618222,43433.383380861545,11651,74031104,11.79114188916197,1652.196365118874,9328,38207488,6.085413939476754,3279.276371247856,20979,112238592,17.876555828638725,2375.6532647409313,2123,22360064,3.5613502032165094,6120.07503626943,2214,9068544,1.444372476629667,7920.050937217706,4337,31428608,5.005722679846176,7038.946755130274,0,0,0,0,9807,144814080,23.064945307697325,147358.41567941266,9807,144814080,23.064945307697325,147358.41567941266,
275,6815.12582823138,13497,94920704,18.09227886350154,38524.399996591834,20602,189341696,36.08931055252534,112131.21517726434,34099,284262400,54.18158941602688,82996.30844998386,11414,73342976,13.979474640970857,39505.363632906956,8709,35672064,6.799242971529944,42668.06282627168,20123,109015040,20.7787176125008,40874.143003528305,2083,21577728,4.112804222530686,33149.11485741719,2165,8867840,1.690246989707467,33943.621860046194,4248,30445568,5.803051212238153,33554.036623116765,0,0,0,0,9728,144801792,27.59982059128793,191719.07839237252,9728,144801792,27.59982059128793,191719.07839237252,
280,8663.839427528175,17048,116269056,22.17461585699776,1977.3793968207415,26275,236253184,45.057763264136334,66621.17802744053,43323,352522240,67.23237912113409,41183.24715804538,14363,89501696,17.069595261440785,2083.1155988999512,11494,47079424,8.97889926936984,4155.510078214721,25857,136581120,26.048494530810622,3004.3401085199366,2685,26767360,5.105020595556978,1411.7596312849164,2649,10850304,2.0693495880077175,2118.2050290675725,5334,37617664,7.174370183564696,1762.598374953131,0,0,0,0,12132,178323456,34.009514406758775,139885.99527777778,12132,178323456,34.009514406758775,139885.99527777778,
285,11087.968753068513,21711,149438464,28.501502386667926,1225.7856249827278,33732,305790976,58.32167970011733,51639.0054456599,55443,455229440,86.82318208678527,31897.623927222554,18361,115175424,21.96671816716137,1322.960442023855,14632,59932672,11.4305992468404,2857.5956235647895,32993,175108096,33.39731741400177,2003.5527487648897,3350,34263040,6.534784219506556,693.1806053731344,3374,13819904,2.635787442512268,1306.5404967397747,6724,48082944,9.170571662018824,1000.9551850089233,0,0,0,0,15726,232038400,44.25529301076467,107825.65972866591,15726,232038400,44.25529301076467,107825.65972866591,
290,9898.053987551308,19658,133869568,25.531153594676496,1411.6713892562825,29837,271388672,51.75833441613318,58387.401653081746,49495,405258240,77.28948801080968,35758.26930584908,16710,103493632,19.737957282889916,1520.870620406942,12878,52748288,10.05997601175669,3253.1452484857896,29588,156241920,29.797933294646604,2274.832789543058,2948,30375936,5.793196311786583,792.7028843283582,3092,12664832,2.4153941472551397,1578.7411423027165,6040,43040768,8.208590459041723,1195.0920057947021,0,0,0,0,13867,205975552,39.28296425712135,122256.39511076658,13867,205975552,39.28296425712135,122256.39511076658,
295,10433.011771349378,20450,142172160,27.11254038346573,4005.7134817114916,31724,283676672,54.09775884003705,53742.27062296684,52174,425848832,81.21029922350279,34247.64507118488,17216,109879296,20.954220925579133,4256.839022479089,13938,57090048,10.88719642364579,6927.604724781174,31154,166969344,31.841417349224923,5451.713913622649,3234,32292864,6.1583194578865985,2668.862118119975,3172,12992512,2.477700319687505,3139.752921185372,6406,45285376,8.636019777574104,2902.0287786450203,0,0,0,0,14614,213594112,40.73286209670376,109374.81472033667,14614,213594112,40.73286209670376,109374.81472033667,
300,9022.415104269186,17720,126074880,24.043717386683042,1641.7618402934538,27398,247238656,47.15083902461258,61793.121608584566,45118,373313536,71.19455641129562,38168.80104707655,14965,97210368,18.53897156394245,1689.8211854326762,11883,48672768,9.282374714293521,3612.4536530337455,26848,145883136,27.82134627823597,2540.78370079708,2755,28864512,5.504745822740591,1380.706268602541,2815,11530240,2.1989299689250412,1728.050889875666,5570,40394752,7.703675791665632,1556.2493761220826,0,0,0,0,12700,187035648,35.66953434139401,129544.62171795276,12700,187035648,35.66953434139401,129544.62171795276,
305,7837.860208135038,15588,106299392,20.273603760963706,1759.4208170387478,23604,211103744,40.262070909228896,73871.92521043043,39192,317403136,60.535674670192606,45190.31369572872,13130,82309120,15.698137622401573,1507.9177561309978,10304,42205184,8.049445636288919,3369.7945506599376,23434,124514304,23.747583258690494,2326.5905602116586,2458,23990272,4.575466138562131,3102.8850927583403,2344,9601024,1.8311238908638612,4704.097537116041,4802,33591296,6.406590029425992,3884.4848365264475,0,0,0,0,10956,159297536,30.38150138207612,154976.64795454548,10956,159297536,30.38150138207612,154976.64795454548,
310,11482.351795993694,22582,158638080,30.24082999984467,1339.669695465415,34862,314667008,59.98428306424134,46292.27667993804,57444,473305088,90.225113064086,28620.80932175684,19072,121974784,23.251786123557306,1343.436796455537,15099,61845504,11.789473074300405,2913.3759074773166,34171,183820288,35.041259197857705,2037.1393699043049,3510,36663296,6.989043876287365,1319.200706837607,3527,14446592,2.7539222155810004,1948.925579529345,7037,51109888,9.742966091868364,1634.8237885462556,0,0,0,0,16236,238374912,45.440887774359936,96266.22482569599,16236,238374912,45.440887774359936,96266.22482569599,
315,8273.544033405356,16324,112939008,21.54021913836698,1939.8197103038472,25046,225378304,42.98513102924979,65654.48864960473,41370,338317312,64.52535016761676,40513.60743700749,13778,87605248,16.70845417369865,1944.3805762810277,10808,44269568,8.443284678760755,3522.5213227239083,24586,131874816,25.151738852459406,2638.1308889611973,2546,25333760,4.831764964668326,1915.1380090337784,2529,10358784,1.975672367929862,1821.5661996836695,5075,35692544,6.807437332598188,1868.5088256157635,0,0,0,0,11709,170749952,32.56617398255918,136792.56737065507,11709,170749952,32.56617398255918,136792.56737065507,
320,10733.266083798828,21197,148103168,28.247558707149597,1197.4709090909091,32471,294055936,56.08497392402724,52482.068061316255,53668,442159104,84.33253263117683,32226.429583345755,17844,114216960,21.784478526159262,1236.273523425241,13943,57110528,10.892629875927508,2806.2619373879365,31787,171327488,32.677108402086766,1924.9307875861202,3353,33886208,6.463080180990337,990.9711028929316,3268,13385728,2.553045573730983,1577.7077894736842,6621,47271936,9.01612575472132,1280.5732010270353,0,0,0,0,15260,223559680,42.63929847436874,108772.05588269986,15260,223559680,42.63929847436874,108772.05588269986,
325,11575.766219160678,22919,156786688,29.897884971762643,2501.1287624678216,34973,313962496,59.869971810715775,46134.6518388757,57892,470749184,89.76785678247842,28860.473793753885,19410,122322944,23.325942755544165,2735.6250754765583,15455,63303680,12.071472183462868,4724.578126625688,34865,185626624,35.397414939007035,3617.290625613079,3509,34463744,6.571942216218478,1204.0146457680253,3495,14315520,2.729847640323696,1901.4679968526466,7004,48779264,9.301789856542173,1552.0442662764135,0,0,0,0,16023,236343296,45.06865198692921,95725.09474911065,16023,236343296,45.06865198692921,95725.09474911065,
330,8704.811880992038,17304,119250944,22.711946692538856,9795.381768435043,26284,232398848,44.261538484621475,69460.32648664586,43588,351649792,66.97348517716033,45773.940247224,14598,92282880,17.575742219650355,10312.169171187836,11589,47468544,9.040624792877406,14776.63131659332,26187,139751424,26.61636701252776,12287.90720162676,2706,26968064,5.136204472888501,7007.4798817442725,2644,10829824,2.062594870339793,8303.706201588502,5350,37797888,7.198799343228294,7648.082197570094,0,0,0,0,12051,174100480,33.15831882140427,135465.42542942494,12051,174100480,33.15831882140427,135465.42542942494,
335,10695.419488994563,21129,148643840,28.350023757100544,1729.3425088740594,32351,292499456,55.78681583131185,50547.84697214924,53480,441143296,84.13683958841239,31260.52122786088,17843,115175424,21.966776468060353,1753.7691095667767,13917,57004032,10.872066151214336,3498.5244431989654,31760,172179456,32.838842619274686,2518.3081517002515,3286,33468416,6.383247289040192,1596.7059184418747,3290,13475840,2.570172999748162,2010.091675379939,6576,46944256,8.953420288788353,1803.5245225060826,0,0,0,0,15144,222019584,42.34457668034935,104329.84885816164,15144,222019584,42.34457668034935,104329.84885816164,
340,10246.05266826598,20959,147902464,27.02192722150148,4921.4066540388385,32524,290242560,53.02760427914356,51865.33603569672,53483,438145024,80.04953150064503,33468.87705040854,17689,114229248,20.869797179463106,5056.0299204025105,14048,57540608,10.512726290056571,6760.450361261389,31737,171769856,31.382523469519676,5810.471057031225,3270,33673216,6.152130042038374,4193.164770642202,3327,13627392,2.48973806712829,4703.645997896003,6597,47300608,8.641868109166664,4450.61073745642,0,0,0,0,15149,219074560,40.0251399219587,104049.6634969305,15149,219074560,40.0251399219587,104049.6634969305,
345,8490.83066445194,16703,114003968,21.737953319240056,30666.692187630968,25764,234278912,44.671638558566215,73178.87373443565,42467,348282880,66.40959187780626,56458.10305658511,14082,87433216,16.671517678744593,32467.563490626333,11282,46211072,8.811396160948023,38594.241410565504,25364,133644288,25.482913839692614,35192.73224526888,2621,26570752,5.066435640495464,20991.045606638687,2562,10493952,2.0009570080082284,20657.536532786882,5183,37064704,7.067392648503692,20826.18929808991,0,0,0,0,11920,177573888,33.859285389609965,117200.97841468122,11920,177573888,33.859285389609965,117200.97841468122,
350,6397.286387545016,12542,87552000,16.692138248751796,15116.542809838942,19458,177786880,33.895778277757735,91887.32306043788,32000,265338880,50.58791652650953,61797.975375968745,10612,67477504,12.864855462453196,14014.269830757632,8524,34914304,6.656551412040248,17925.77509033318,19136,102391808,19.521406874493444,15756.623030622908,1930,20074496,3.8272827862985985,21177.330817098446,1915,7843840,1.495459403338465,24614.548407310707,3845,27918336,5.322742189637063,22889.23502652796,0,0,0,0,9019,135028736,25.743767462379026,176073.5519503271,9019,135028736,25.743767462379026,176073.5519503271,
355,5192.429830295376,10329,70320128,13.340126632731245,72262.2156347178,15774,143364096,27.196981143536014,101170.78456231774,26103,213684224,40.537107776267256,89731.61632674406,8769,54980608,10.430132793054025,72901.08024255902,6863,28110848,5.332787108599402,76813.41497683228,15632,83091456,15.762919901653426,74618.7333439739,1560,15339520,2.90999383967722,68671.0593871795,1588,6504448,1.2339306321515153,61203.37476511335,3148,21843968,4.143924471828735,64904.00628049555,0,0,0,0,7323,108748800,20.630263402785097,132665.10031039192,7323,108748800,20.630263402785097,132665.10031039192,
360,8621.748139768992,16945,116101120,22.14388437842076,7113.071304927707,26165,235945984,45.001810398114294,73766.09073005924,43110,352047104,67.14569477653505,47567.17135731849,14313,90120192,17.18856038433634,7793.232745406273,11325,46387200,8.847397798046044,11096.694410949227,25638,136507392,26.035958182382387,9252.46136551213,2632,25980928,4.95532399408442,3414.305842325228,2699,11055104,2.108532155136978,6326.107368655058,5331,37036032,7.063856149221398,4888.504364096792,0,0,0,0,12141,178503680,34.04588044493127,147215.67712379538,12141,178503680,34.04588044493127,147215.67712379538,
366,7339.898108444573,14846,103714816,19.128671482236772,42062.58151987067,23107,211472384,39.00296907532886,72958.5420172675,37953,315187200,58.13164055756564,60873.0302120254,12580,81780736,15.083253221213198,42420.94391605724,9976,40861696,7.536338482160816,43392.66560044106,22556,122642432,22.619591703374013,42850.71406694449,2266,21934080,4.045418261023574,40073.08507502206,2285,9359360,1.7261962140875566,39699.8006940919,4551,31293440,5.7716144751111305,39885.663670841575,0,0,0,0,10846,161251328,29.740434379080494,107159.66750663839,10846,161251328,29.740434379080494,107159.66750663839,
371,5197.303796498906,10501,72220672,13.77050582742305,77561.11957146937,15494,138784768,26.462457404184164,112843.63588989286,25995,211005440,40.232963231607215,98590.82943250625,8887,55484416,10.579359796862104,77421.49700585124,6776,27754496,5.292022883769203,79514.32839034828,15663,83238912,15.871382680631307,78326.88074213115,1614,16736256,3.1911460305609447,78329.90875402726,1639,6713344,1.2800509897428753,77093.50813544844,3253,23449600,4.47119702030382,77706.95744328313,0,0,0,0,7079,104316928,19.890383530672086,153023.5831997457,7079,104316928,19.890383530672086,153023.5831997457,
376,10130.123898260683,20060,137412608,26.20710848346423,2350.196961415753,30595,276602880,52.753250145711796,57510.57870031051,50655,414015488,78.96035862917601,35666.392387365515,16959,106262528,20.266216030359857,2555.703430626806,13496,55279616,10.54283820474643,4899.790794087137,30455,161542144,30.809054235106284,3594.475489640453,3101,31150080,5.940892453104372,1226.30653531119,3118,12771328,2.4357268466508124,1827.1323970493906,6219,43921408,8.376619299755184,1527.5406624859302,0,0,0,0,13981,208551936,39.77468509431455,120714.65417101781,13981,208551936,39.77468509431455,120714.65417101781,
381,9092.737525044995,17900,123228160,23.498059411161584,8377.945502011173,27575,252043264,48.06147873712538,65236.88234328196,45475,375271424,71.55953814828696,42855.90445523914,15070,95535104,18.217342120855335,9176.72563430657,11942,48914432,9.327366644111406,12195.577429911236,27012,144449536,27.544708764966742,10511.359431993189,2830,27693056,5.280717290306248,4124.370733922261,2828,11583488,2.208825395205749,4005.5646524045264,5658,39276544,7.489542685511997,4064.9886910569103,0,0,0,0,12805,191545344,36.52528669780822,128226.45123865678,12805,191545344,36.52528669780822,128226.45123865678,
386,8302.21946788009,16550,114720768,21.72222165868124,13954.573483141994,25265,225767424,42.74875519868792,74309.81862042351,41815,340488192,64.47097685736915,50421.75675214636,13850,88223744,16.70504614061465,15199.49076765343,11061,45305856,8.578602319575593,20480.01342428352,24911,133529600,25.283648460190246,17544.152206575407,2700,26497024,5.017175518066586,7568.608894074074,2560,10485760,1.9854644189597248,8790.382896484374,5260,36982784,7.00263993702631,8163.236545437262,0,0,0,0,11644,169975808,32.1846884601526,139849.25787907935,11644,169975808,32.1846884601526,139849.25787907935,
391,5051.128171636565,10247,69681152,12.870029975107784,84861.70303200936,15834,144953344,26.772718715558977,105326.98936547936,26081,214634496,39.642748690666764,97286.35483999847,8677,54235136,10.017168287115105,84933.13969563213,6800,27852800,5.144380662516631,87362.1052517647,15477,82087936,15.161548949631735,86000.3339698262,1570,15446016,2.8528616879926787,84466.89033757962,1606,6578176,1.2149816682355454,83581.14258655043,3176,22024192,4.067843356228225,84018.9964811083,0,0,0,0,7428,110522368,20.4133563848068,126474.67944359181,7428,110522368,20.4133563848068,126474.67944359181,
396,6469.810118839568,13517,93921280,16.84797401326091,54096.41903343938,20879,187224064,33.58499974584138,92962.50544781839,34396,281145344,50.43297375910229,77688.84310152342,11376,72339456,12.976540298656822,55753.93308895921,8985,36802560,6.601790078898791,61842.63045620479,20361,109142016,19.578330377555613,58440.78274490447,2141,21581824,3.8714337146040876,45289.37564455862,2098,8593408,1.5415198203149318,46844.793609628214,4239,30175232,5.412953534919019,46059.19562349611,0,0,0,0,9796,141828096,25.44168984662766,131382.98689291548,9796,141828096,25.44168984662766,131382.98689291548,
401,8602.840243198378,17078,117182464,22.267539131954113,16359.509306476168,26097,232726528,44.22374212308605,73779.2549795762,43175,349908992,66.49128125504016,51066.70335004053,14396,90787840,17.25191390330885,18243.350469783272,11330,46407680,8.818596188788147,23924.850345984112,25726,137195520,26.070510092096995,20745.542555508047,2682,26394624,5.015625228645262,6247.735485831469,2756,11288576,2.1451060102647954,8332.822342888243,5438,37683200,7.160731238910057,7304.465787054064,0,0,0,0,12011,175030272,33.2600399240331,135824.11159811838,12011,175030272,33.2600399240331,135824.11159811838,
407,9391.224797783867,20116,139157504,24.54687032846483,21958.623935971365,30657,278298624,49.090850579773196,65417.52522572333,50773,417456128,73.63772090823802,48199.33330591062,17004,107581440,18.976969128661,24344.65148106328,13105,53678080,9.46861528387978,29232.198076688284,30109,161259520,28.44558441254078,26471.9655112757,3112,31576064,5.569901199803832,8921.344894601543,3183,13037568,2.299778897259774,11448.259709079486,6295,44613632,7.869680097063606,10199.052576012708,0,0,0,0,14369,211582976,37.32245639863364,110374.92549210104,14369,211582976,37.32245639863364,110374.92549210104,
412,5506.52760050368,11065,76533760,14.596404039093889,74953.5709453231,16470,147857408,28.199143323693402,110894.23309465696,27535,224391168,42.79554736278729,96451.39936731433,9372,60403712,11.520105451673405,76593.09964233889,7276,29802496,5.6838873849851295,86646.71772718527,16648,90206208,17.203992836658536,80987.02835361604,1693,16130048,3.076298587420484,65877.57392911991,1771,7254016,1.3834750630578152,66848.11383794466,3464,23384064,4.459773650478299,66373.77086287529,0,0,0,0,7423,110800896,21.131780875650456,145170.21302424895,7423,110800896,21.131780875650456,145170.21302424895,
417,7301.953463134513,14507,101634048,19.383439982073668,3300.8922493279106,22006,199450624,38.038819428811316,79487.55904803236,36513,301084672,57.42225941088498,49217.79279358037,12316,78483456,14.968205920143212,3172.222511367327,9548,39108608,7.458714583034674,5635.613906263092,21864,117592064,22.426920503177886,4247.984542032565,2191,23150592,4.415234061930454,4024.1676910086717,2295,9400320,1.7928100092233532,4963.26068627451,4486,32550912,6.208044071153807,4504.5997962550155,0,0,0,0,10163,150941696,28.787294836553286,165699.46861743578,10163,150941696,28.787294836553286,165699.46861743578,
422,9728.301356609134,19213,130580480,24.90139007040413,1582.7774614063394,29438,267395072,50.99161062033006,60141.78778578708,48651,397975552,75.89300069073418,37015.96785685803,16212,101588992,19.37278157233887,1540.1718979151246,12795,52408320,9.994143223049587,3362.9724332161,29007,153997312,29.366924795388456,2344.2099869686626,3001,28991488,5.528608498065258,1812.9412052649118,2995,12267520,2.3393871788224705,3801.010787312187,5996,41259008,7.867995676887729,2805.981298365577,0,0,0,0,13648,202719232,38.658080218458004,125735.68942313892,13648,202719232,38.658080218458004,125735.68942313892,
427,7492.341930202134,14719,102207488,19.493339458414855,1851.1070813234596,22745,207896576,39.650700819593006,76251.56405100023,37464,310104064,59.144040278007864,47020.82717995943,12481,79765504,15.213132393426477,1342.3091987821488,9830,40263680,7.679218004897929,2918.64464577823,22311,120029184,22.892350398324407,2036.826586795751,2238,22441984,4.280207064988377,4688.598757819482,2275,9318400,1.777235092690009,5941.737497582418,4513,31760384,6.057442157678387,5320.305080212719,0,0,0,0,10640,158314496,30.19424772200507,159035.1592730263,10640,158314496,30.19424772200507,159035.1592730263,
432,8153.537901241132,16064,110911488,21.132755001245037,49965.552116658364,24746,222662656,42.425500207647595,68256.91918136264,40810,333574144,63.55825520889263,61056.906426464106,13546,85528576,16.29636816533709,50350.1874095674,10717,43896832,8.3639757496249,51255.12603433797,24263,129425408,24.660343914961988,50749.90002720191,2518,25382912,4.836386835907951,47896.34255440826,2505,10260480,1.9550022630223363,50742.30761077844,5023,35643392,6.791389098930288,49315.64226896277,0,0,0,0,11524,168505344,32.10652219500036,87875.30855492884,11524,168505344,32.10652219500036,87875.30855492884,
437,12112.268410795987,24144,166404096,31.60096374141235,19705.70175583996,36682,333078528,63.253265630979406,50068.362002180904,60826,499482624,94.85422937239176,38016.34363852629,20480,127721472,24.254941450911236,20570.388732226562,15838,64872448,12.319599855670969,23919.789658416466,36318,192593920,36.574541306582205,22031.036671788093,3664,38682624,7.346022290501113,14872.516909661572,3690,15114240,2.8702691922860133,15112.903886449863,7354,53796864,10.216291482787126,14993.135341038891,0,0,0,0,17154,253091840,48.063396583022424,81730.17436242277,17154,253091840,48.063396583022424,81730.17436242277,
442,8629.92880205835,17997,125476864,22.55279186591091,19340.85085453131,27793,255619072,45.94411705868976,68375.57605076818,45790,381095936,68.49690892460067,49103.29063131688,15128,96034816,17.26097663015431,21036.975942160232,11965,49008640,8.808649039486323,24595.474663852903,27093,145043456,26.069625669640633,22608.505016277268,2869,29442048,5.291815235756598,10397.323379574764,2767,11333632,2.0370691092568873,11983.477479580773,5636,40775680,7.328884345013485,11176.04736728176,0,0,0,0,13061,195276800,35.098398909946546,120428.69984227854,13061,195276800,35.098398909946546,120428.69984227854,
447,7002.8782925700825,13817,95854592,18.28145055021546,64050.80534747051,21200,191631360,36.548058456193075,81907.73957136791,35017,287485952,54.829509006408536,74861.75447351286,11620,73732096,14.062233627656974,63851.369173924264,9386,38445056,7.332266253496381,64234.995209354354,21006,112177152,21.394499881153354,64022.78276854232,2197,22122496,4.219216922558487,65105.629351388256,2145,8785920,1.6756564152727187,64790.08739487179,4342,30908416,5.894873337831205,64949.747845923535,0,0,0,0,9669,144400384,27.540135787423974,102860.65533312649,9669,144400384,27.540135787423974,102860.65533312649,
452,9402.501745883617,18563,130072576,24.80278487525586,14617.280350320529,28462,260104192,49.59775932574939,64409.019228866564,47025,390176768,74.40054420100525,44753.856043274856,15658,99270656,18.92934545398353,15244.476201494444,12382,50716672,9.670867940717283,19381.96767614279,28040,149987328,28.600213394700816,17071.523970363767,2905,30801920,5.873439421272328,11236.683917383822,2852,11681792,2.22753314221658,9572.077167952313,5757,42483712,8.100972563488908,10412.042880493313,0,0,0,0,13228,197705728,37.69935824281553,118379.37839756577,13228,197705728,37.69935824281553,118379.37839756577,
457,8768.985772219667,17456,120569856,22.910098575414573,48899.225238485335,26555,239349760,45.480079163417265,63636.11462353606,44011,359919616,68.39017773883184,57791.0499554884,14697,92860416,17.64488533779127,49856.9176079472,11402,46702592,8.874199753936573,52300.59803341519,26099,139563008,26.519085091727842,50924.500435304035,2759,27709440,5.265213237623304,43797.66497970279,2694,11034624,2.096745670681032,42052.113822197476,5453,38744064,7.361958908304336,42935.29292426188,0,0,0,0,12459,181612544,34.50913373879966,78677.03751617305,12459,181612544,34.50913373879966,78677.03751617305,
462,6953.611273155414,14802,103878656,18.41354893723755,70510.1821181597,22609,206008320,36.51707124318294,74636.01024715822,37411,309886976,54.93062018042049,73003.5890885301,12489,80543744,14.277198308498845,70338.9594210105,9773,40030208,7.095761750862449,70602.04992499745,22262,120573952,21.372960059361294,70454.45593953822,2313,23334912,4.136350628738706,71434.6958512754,2257,9244672,1.6387121939728382,69759.06996233939,4570,32579584,5.775062822711544,70607.14932363239,0,0,0,0,10579,156733440,27.782597298347653,79403.11001569146,10579,156733440,27.782597298347653,79403.11001569146,
467,5917.605006120012,11945,83726336,15.967925732552123,69766.60436023441,17646,157569024,30.050884741722403,99327.96548447241,29591,241295360,46.01881047427453,87394.92981048292,10086,64671744,12.333916119136319,70086.86503172715,7919,32436224,6.186096760240706,73516.66244917287,18005,97107968,18.520012879377024,71595.36632296584,1859,19054592,3.6340096134158055,68029.03086229156,1833,7507968,1.4318872788889019,67295.55381069284,3692,26562560,5.065896892304707,67664.87500216685,0,0,0,0,7894,117624832,22.432900702592796,132658.99149594628,7894,117624832,22.432900702592796,132658.99149594628,
472,9762.882300325,19325,132997120,25.364283680128594,1792.669853919793,29495,268361728,51.180078169222824,59333.09042793694,48820,401358848,76.54436184935142,36556.18285741499,16343,103149568,19.671966612771122,1678.8823269901488,12907,52867072,10.082439465950715,3544.374191911366,29250,156016640,29.75440607872184,2502.058515042735,2982,29847552,5.69231706735747,2416.2880808182426,2927,11988992,2.2864569858865536,3383.974131192347,5909,41836544,7.978774053244023,2895.627574716534,0,0,0,0,13661,203505664,38.81118171738555,124030.25929251152,13661,203505664,38.81118171738555,124030.25929251152,
477,10447.147511995143,20554,141889536,27.059001165431656,2418.7953191106353,31690,287404032,54.80929923428432,56176.04550842537,52244,429293568,81.86830039971596,35026.697824649724,17364,110227456,21.02089374911034,2204.948291868233,13860,56770560,10.826412521373019,4142.004526479077,31224,166998016,31.847306270483358,3064.786858730464,3190,31662080,6.038107416321315,3582.8203288401255,3215,13168640,2.5113215192073777,4986.941680559876,6405,44830720,8.549428935528693,4287.621288368463,0,0,0,0,14615,217464832,41.47156519370392,116782.59883147452,14615,217464832,41.47156519370392,116782.59883147452,
482,11092.934674604097,21811,148160512,28.240369790290455,1854.1172146623262,33691,304398336,58.02032846774371,51734.1613263186,55502,452558848,86.26069825803417,32132.459727829628,18469,115568640,22.028144245080316,2000.2930096919163,14814,60678144,11.565654043828452,3902.293211421628,33283,176246784,33.593798288908765,2846.8582528618217,3342,32591872,6.212225545210139,1046.3013084979054,3434,14065664,2.6810082345421162,1684.149359056494,6776,46657536,8.893233779752254,1369.5554710743802,0,0,0,0,15443,229654528,43.77366618937314,108747.24397539339,15443,229654528,43.77366618937314,108747.24397539339,
488,6494.724208483584,14874,101720064,16.49144037943112,35552.37615873336,23330,214601728,34.79246338888357,84920.58708144022,38204,316321792,51.28390376831469,65700.01412404461,12535,78082048,12.65910960590704,33992.773606940566,9933,40685568,6.596177711560332,40287.37786680761,22468,118767616,19.25528731746737,36775.58934991989,2339,23638016,3.8323307735240792,43910.48560153912,2427,9940992,1.6116906580043218,25364.517255871444,4766,33579008,5.444021431528401,34466.28392824171,0,0,0,0,10970,163975168,26.584595019318918,138510.76471093894,10970,163975168,26.584595019318918,138510.76471093894,
493,12771.656706834918,25352,175857664,33.539185139224706,7576.737728621017,38512,350932992,66.92916488501783,49321.61786051101,63864,526790656,100.46835002424253,32750.212982901165,21347,134496256,25.650828789108456,8364.61570014522,16861,69062656,13.17147716570708,11305.575347844137,38208,203558912,38.82230595481553,9662.44653713882,4005,41361408,7.88835635011625,3377.2792871410734,3925,16076800,3.0661317760156743,4353.7965347770705,7930,57438208,10.954488126131924,3860.6122249684745,0,0,0,0,17726,265793536,50.691555943295064,95439.59097963443,17726,265793536,50.691555943295064,95439.59097963443,
498,13367.134011313343,26417,184504320,35.18702077900185,1284.6549182344702,40427,362930176,69.21481103661311,43175.69271115839,66844,547434496,104.40183181561497,26620.197148719406,22266,141856768,27.053659465849062,1392.490110751819,17552,71892992,13.710791180220678,2784.611015838651,39818,213749760,40.76445064606974,2006.1448931638956,4151,42647552,8.133361313152786,706.2260103589497,4154,17014784,3.2449080767226923,1298.897611458835,8305,59662336,11.378269389875479,1002.6688557495484,0,0,0,0,18721,274022400,52.259111779669745,90336.66022146253,18721,274022400,52.259111779669745,90336.66022146253,
503,12452.457185294877,24481,171986944,32.77089756025287,1633.21625117438,37844,338931712,64.58104409293492,46404.467085086144,62325,510918656,97.3519416531878,28818.506528888887,20617,132841472,25.3120043267075,1675.358912596401,16561,67833856,12.925262199512916,3280.525593382042,37178,200675328,38.23726652622042,2390.382996745387,3864,39145472,7.458893233545374,1408.357231884058,3718,15228928,2.9017646795355967,2101.3113620225927,7582,54374400,10.36065791308097,1748.162488525455,0,0,0,0,17565,255868928,48.75401721388641,96441.17235251922,17565,255868928,48.75401721388641,96441.17235251922,
508,11227.425506745592,22916,157954048,29.259585106851183,1680.523429830686,34886,309846016,57.39622371166311,49321.71203342315,57802,467800064,86.65580881851429,30434.03551634892,19451,122585088,22.707799265561345,1631.6027600637499,15311,62713856,11.617185062650687,3233.6790781137743,34762,185298944,34.32498432821203,2337.2408276566366,3465,35368960,6.551785841289837,1955.142750937951,3576,14647296,2.7132815481705217,2969.435952740492,7041,50016256,9.265067389460357,2470.284419684704,0,0,0,0,15999,232484864,43.0657571008419,103788.21693018315,15999,232484864,43.0657571008419,103788.21693018315,
514,9461.625850980174,20054,138166272,24.3689805271806,2240.2731197766034,31106,279904256,49.36791928451955,55470.002595351376,51160,418070528,73.73689981170014,34604.69776925332,16927,106131456,18.718862043157134,2270.7062365451648,13459,55128064,9.723174105161974,4202.1126973029195,30386,161259520,28.442036148319108,3126.1923010267888,3127,32034816,5.650118484023463,2075.5333156379916,3128,12812288,2.259758421944175,2903.339288043478,6255,44847104,7.909876905967638,2489.5024733812947,0,0,0,0,14519,211963904,37.3849867574134,114319.99591190854,14519,211963904,37.3849867574134,114319.99591190854,
519,12129.80585190703,23839,164462592,31.36669639729351,2544.155470279794,36814,330956800,63.1208674263129,55067.40971231054,60653,495419392,94.48756382360641,34423.7175969037,20050,126595072,24.14451298941897,2149.787190274314,15925,65228800,12.440591754505359,3784.311701475667,35975,191823872,36.585104743924326,2873.339736233496,3789,37867520,7.222183407874539,4631.007941673265,3763,15413248,2.9396512886784087,6456.076864469838,7552,53280768,10.161834696552948,5540.400732521187,0,0,0,0,17126,250314752,47.74062438312913,113435.25867464674,17126,250314752,47.74062438312913,113435.25867464674,
524,11233.661095109577,22198,157257728,29.54806450437356,5899.259050004504,34819,318644224,59.871907119871764,50235.81872497774,57017,475901952,89.41997162424533,32974.5992349124,18742,121229312,22.778476939440633,5779.862955447658,14866,60891136,11.441187896804557,7457.025492936903,33608,182120448,34.219664836245194,6521.730911955487,3456,36028416,6.769587564932927,6546.747940104167,3542,14508032,2.725998084924105,8868.697719649914,6998,50536448,9.49558564985703,7721.990312089169,0,0,0,0,16411,243245056,45.70472113814311,97915.53859508866,16411,243245056,45.70472113814311,97915.53859508866,
529,7683.1188654609705,15267,107393024,20.482844258149182,49362.88621471147,23150,206598144,39.40402690937056,76258.39260997841,38417,313991168,59.886871167519736,65570.05942059505,12920,82296832,15.696300653523528,50091.374749380804,10200,41779200,7.968458424544096,53550.490039215685,23120,124076032,23.664759078067625,51617.45502430796,2347,25096192,4.786543604625654,45352.62977332765,2382,9756672,1.8608694085552977,50088.05001847188,4729,34852864,6.647413013180953,47737.86365447241,0,0,0,0,10568,155062272,29.574699076271163,104074.28608790688,10568,155062272,29.574699076271163,104074.28608790688,
534,12600.87934835568,24885,172220416,32.84551640370594,2262.490364998995,38125,345329664,65.86054898159264,45861.197381114755,63010,517550080,98.70606538529859,28642.44124564355,21089,133115904,25.38758592027873,2436.756302242876,16573,67883008,12.946504860358147,4221.7673809207745,37662,200998912,38.33409078063688,3222.242697201423,3796,39104512,7.457930483427214,1294.3411683350894,3915,16035840,3.0583217599892683,1891.5087312899107,7711,55140352,10.516252243416481,1597.5328437297367,0,0,0,0,17637,261410816,49.855722361245235,94748.85426478426,17637,261410816,49.855722361245235,94748.85426478426,
539,6640.023227123104,12902,91103232,17.36877594574083,21992.9690431716,20313,185548800,35.374766223453804,88259.53913227982,33215,276652032,52.74354216919463,62519.02167662201,10893,70471680,13.435383065662753,21525.566820526943,8845,36229120,6.907059762614766,24851.621146184283,19738,106700800,20.34244282827752,23016.039538656398,2009,20631552,3.9333928800780753,24527.270890492782,2047,8384512,1.5985021293467978,28401.5211827064,4056,29016064,5.531895009424873,26482.544644970414,0,0,0,0,9421,140935168,26.86920433149224,160796.67927980045,9421,140935168,26.86920433149224,160796.67927980045,
544,9888.432155202894,19540,134561792,25.3195250741629,8602.965766069601,30578,277598208,52.23365922474255,57716.004416116164,50118,412160000,77.55318429890545,38567.81863013288,16456,103133184,19.405829838133073,8740.832816176471,13261,54317056,10.220449957642586,11518.269595430209,29717,157450240,29.62627979577566,9980.24423488239,3084,31428608,5.913695236029829,7867.317200389105,3106,12722176,2.393840401812674,9507.021229877657,6190,44150784,8.307535637842504,8690.08306720517,0,0,0,0,14211,210558976,39.61936886528729,111362.14214277673,14211,210558976,39.61936886528729,111362.14214277673,
549,6986.052630201529,13906,95473664,18.208729563263006,41797.26843154034,21027,188182528,35.89015669162093,85243.02813606316,34933,283656192,54.09888625488393,67948.30010093609,11656,73310208,13.981717007305386,42806.35376518531,9225,37785600,7.2064666103694375,46529.279629376695,20881,111095808,21.188183617674824,44451.1021535367,2250,22163456,4.227012555957618,36569.757920888886,2144,8781824,1.674868771017027,39876.34085494403,4394,30945280,5.901881326974645,38183.16570664543,0,0,0,0,9658,141615104,27.008821310234463,132292.15916784015,9658,141615104,27.008821310234463,132292.15916784015,
554,13018.097465303716,25740,178610176,34.061686244740976,1922.6409317016316,39361,351776768,67.08525890375383,44887.87548263509,65101,530386944,101.1469451484948,27900.03908471452,21681,136466432,26.024703036647136,2093.03098159679,17335,71004160,13.540781797289016,3880.079196423421,39016,207470592,39.565484833936154,2887.0252609698587,4059,42143744,8.036983208093838,1012.5087139689579,4062,16637952,3.172925045318026,1570.3614379615954,8121,58781696,11.209908253411864,1291.5381148873291,0,0,0,0,17964,264134656,50.37155206114678,94254.71419733911,17964,264134656,50.37155206114678,94254.71419733911,
559,12048.17267659647,23720,163606528,31.195041233478953,2299.317924114671,36541,323514368,61.68484945406875,48489.62236994062,60261,487120896,92.8798906875477,30308.14477323642,20008,126177280,24.058364299059136,2140.103694472211,16093,65916928,12.56845501265245,3937.7356845212207,36101,192094208,36.626819311711586,2941.446915320905,3712,37429248,7.136676934419815,3157.4963472521554,3738,15310848,2.919336658006267,3694.3590291599785,7450,52740096,10.056013592426082,3426.8644955704694,0,0,0,0,16710,242286592,46.19705778341003,101417.1033272292,16710,242286592,46.19705778341003,101417.1033272292,
564,6551.368068496196,13392,93700096,17.05787167819864,42095.1930828853,20928,192262144,35.00084974221743,77575.10534805046,34320,285962240,52.05872142041607,63730.4962263986,11345,72773632,13.248260452288653,42195.858773468484,8889,36409344,6.628231393054192,43589.15108549893,20234,109182976,19.876491845342844,42807.94611960067,2047,20926464,3.8096112259099866,41537.27795847582,2138,8757248,1.5942354278715112,41395.53656641721,4185,29683712,5.403846653781498,41464.8662270012,0,0,0,0,9901,147095552,26.778382921291726,115899.82663831935,9901,147095552,26.778382921291726,115899.82663831935,
569,4425.227680749066,8906,63045632,12.02453176232827,117286.77481697733,13221,118370304,22.576464617952485,131942.12793548143,22127,181415936,34.600996380280755,126043.4261289375,7530,48754688,9.298856650662252,117925.97120252324,5831,23883776,4.555291366043148,115125.14713205282,13361,72638464,13.8541480167054,116703.63715904499,1376,14290944,2.7256751116660167,113788.84692223837,1403,5746688,1.0960510695521415,117202.18752459016,2779,20037632,3.821726181218158,115512.09876286433,0,0,0,0,5987,88739840,16.925122182357196,151775.09126624351,5987,88739840,16.925122182357196,151775.09126624351,
574,8878.984915423172,17451,119443456,22.780453152332235,1991.3963345367029,26947,243240960,46.39131752859126,65361.57999499016,44398,362684416,69.1717706809235,40453.406765147076,14722,92573696,17.6558081580145,1743.5904997282978,11628,47628288,9.083745730781496,3474.611867131063,26350,140201984,26.739553888795996,2507.4734773434534,2729,26869760,5.124644994317735,3328.222094906559,2840,11632640,2.2185963085156044,4829.779704225352,5569,38502400,7.34324130283334,4093.9652463637995,0,0,0,0,12479,183980032,35.08897548929416,136804.16178972673,12479,183980032,35.08897548929416,136804.16178972673,
580,10619.051261215114,24620,171749376,27.8706864836133,6524.039611738423,37787,342614016,55.59780214181198,52341.60362540027,62407,514363392,83.46848862542528,34266.25268694217,20797,132841472,21.556893564106428,6625.444999326826,16304,66781184,10.836938599814726,8195.766075809617,37101,199622656,32.393832163921154,7315.521138271206,3823,38907904,6.3137929195068745,5972.397486267329,3808,15597568,2.5311004776799853,6507.51590730042,7631,54505472,8.84489339718686,6239.430764644214,0,0,0,0,17675,260235264,42.229763064317275,102937.92280158415,17675,260235264,42.229763064317275,102937.92280158415,
585,6887.628288179799,14478,101584896,18.2412765231115,53843.64267633651,22102,198742016,35.68747139945539,85675.84111220704,36580,300326912,53.92874792256689,73076.97372689995,12297,79216640,14.224679970847,55515.998263804184,9685,39669760,7.123372570716297,60245.06778286009,21982,118886400,21.3480525415633,57599.568379901735,2181,22368256,4.0165965522645015,44414.50161302155,2312,9469952,1.7004891464631988,46690.210267733564,4493,31838208,5.717085698727701,45585.53175094592,0,0,0,0,10105,149602304,26.863609682275897,118969.44014309747,10105,149602304,26.863609682275897,118969.44014309747,
590,6314.863046485675,12566,86802432,16.555366625503304,43735.43993060639,19010,169082880,32.248279270516065,91412.31418185166,31576,255885312,48.80364589601937,72438.8025958006,10575,66150400,12.61651429793688,45481.98469040189,8383,34336768,6.548869310192251,48779.80734331385,18958,100487168,19.16538360812913,46940.24227555649,1991,20652032,3.938852327566424,34458.83981265695,1926,7888896,1.5046072159644848,36522.959576323985,3917,28540928,5.443459543530909,35473.77334975747,0,0,0,0,8701,126857216,24.194802744359325,144636.67940397657,8701,126857216,24.194802744359325,144636.67940397657,
595,11054.08774479398,21905,152580096,29.058411441960533,1781.8428922163891,33449,301830144,57.482625452917496,52498.272310113905,55354,454410240,86.54103689487803,32428.478141688047,18488,117022720,22.286618208821572,1647.7844803115534,14611,59846656,11.397612133324886,3300.7739497638763,33099,176869376,33.684230342146456,2377.469036889332,3417,35557376,6.771793233138959,2507.1785431665207,3359,13758464,2.6202572825842374,4148.7396513843405,6776,49315840,9.392050515723197,3320.9335258264464,0,0,0,0,15479,228225024,43.46475603700837,109428.99966612831,15479,228225024,43.46475603700837,109428.99966612831,
